3098.5
8841.0
3073.5
9174.0
3048.5
9099.0
3023.5
9024.0
2998.5
8949.0
2973.5
8874.0
2948.5
8799.0
2923.5
8724.0
2898.5
8649.0
2873.5
8574.0
2848.5
8499.0
2823.5
8424.0
2798.5
8349.0
2773.5
8274.0
2748.5
8199.0
2723.5
8124.0
2698.5
8049.0
2673.5
7974.0
2648.5
7899.0
2623.5
7824.0
2598.5
7749.0
2573.5
7674.0
2548.5
7599.0
2523.5
7524.0
2498.5
7449.0
2473.5
7374.0
2448.5
7299.0
2423.5
7224.0
2398.5
7149.0
2373.5
7074.0
2348.5
6999.0
2323.5
6924.0
2298.5
6849.0
2273.5
6774.0
2248.5
6699.0
2223.5
6624.0
2198.5
6549.0
2173.5
6474.0
2148.5
6399.0
2123.5
6324.0
2098.5
6249.0
2073.5
6174.0
2048.5
6099.0
2023.5
6024.0
1998.5
5949.0
1973.5
5874.0
1948.5
5799.0
1923.5
5724.0
1898.5
5649.0
1873.5
5574.0
1848.5
5499.0
1823.5
5424.0
1798.5
5349.0
1773.5
5274.0
1748.5
5199.0
1723.5
5124.0
1698.5
5049.0
1673.5
4974.0
1648.5
4899.0
1623.5
4824.0
1598.5
4749.0
1573.5
4674.0
1548.5
4599.0
1523.5
4524.0
1498.5
4449.0
1473.5
4374.0
1448.5
4299.0
1423.5
4224.0
1398.5
4149.0
1373.5
4074.0
1348.5
3999.0
1323.5
3924.0
1298.5
3849.0
1273.5
3774.0
1248.5
3699.0
1223.5
3624.0
1198.5
3549.0
1173.5
3474.0
1148.5
3399.0
1123.5
3324.0
1098.5
3249.0
1073.5
3174.0
1048.5
3099.0
1023.5
3024.0
998.5
2949.0
973.5
2874.0
948.5
2799.0
923.5
2724.0
898.5
2649.0
873.5
2574.0
848.5
2499.0
823.5
2424.0
798.5
2349.0
773.5
2274.0
748.5
2199.0
723.5
2124.0
698.5
2049.0
673.5
1974.0
648.5
1899.0
623.5
1824.0
598.5
1749.0
573.5
1674.0
556.0
4716.0
556.0
4616.0
556.0
4516.0
556.0
4416.0
556.0
4316.0
556.0
4216.0
556.0
4116.0
556.0
4016.0
556.0
3916.0
556.0
3816.0
556.0
3716.0
556.0
3616.0
556.0
3516.0
556.0
3416.0
556.0
3316.0
556.0
3216.0
556.0
3116.0
556.0
3016.0
556.0
2916.0
556.0
2816.0
556.0
2716.0
556.0
2616.0
9880.75
2565.25
9805.75
2540.25
9730.75
2515.25
9655.75
2490.25
9580.75
2465.25
9505.75
2440.25
9430.75
2415.25
9355.75
2390.25
9280.75
2365.25
9205.75
2340.25
9130.75
2315.25
9055.75
2290.25
8980.75
2265.25
8905.75
2240.25
8830.75
2215.25
8755.75
2190.25
8680.75
2165.25
8605.75
2140.25
8530.75
2115.25
8455.75
2090.25
8380.75
2065.25
8305.75
2040.25
8230.75
2015.25
8155.75
1990.25
8080.75
1965.25
8005.75
1940.25
7930.75
1915.25
7855.75
1890.25
7780.75
1865.25
7705.75
1840.25
7630.75
1815.25
7555.75
1790.25
7480.75
1765.25
7405.75
1740.25
7330.75
1715.25
7255.75
1690.25
7180.75
1665.25
7105.75
1640.25
7030.75
1615.25
6955.75
1590.25
6880.75
1565.25
6805.75
1540.25
6730.75
1515.25
6655.75
1490.25
6580.75
1465.25
6505.75
1440.25
6430.75
1415.25
6355.75
1390.25
6280.75
1365.25
6205.75
1340.25
6130.75
1315.25
6055.75
1290.25
5980.75
1265.25
5905.75
1240.25
5830.75
1215.25
5755.75
1190.25
5680.75
1165.25
5605.75
1140.25
5530.75
1115.25
5455.75
1090.25
5380.75
1065.25
5305.75
1040.25
5230.75
1015.25
5155.75
990.25
5080.75
965.25
5005.75
940.25
4930.75
915.25
4855.75
890.25
4780.75
865.25
4705.75
840.25
4630.75
815.25
4555.75
790.25
4480.75
765.25
4405.75
740.25
4330.75
715.25
4255.75
690.25
4180.75
665.25
4105.75
640.25
4030.75
615.25
3938.75
607.25
3838.75
607.25
3738.75
607.25
3638.75
607.25
3538.75
607.25
3438.75
607.25
3338.75
607.25
3238.75
607.25
3138.75
607.25
3038.75
607.25
2938.75
607.25
2852.75
593.25
2777.75
568.25
2702.75
543.25
2627.75
518.25
2552.75
493.25
2477.75
468.25
2402.75
443.25
2327.75
418.25
2252.75
393.25
2177.75
368.25
2102.75
343.25
2027.75
318.25
1952.75
293.25
1877.75
268.25
1802.75
243.25
1727.75
218.25
1652.75
193.25
1577.75
168.25
1502.75
143.25
1427.75
118.25
1352.75
93.25
1277.75
68.25
1202.75
43.25
1127.75
18.25
1048.0
-2.0
948.0
-2.0
848.0
-2.0
748.0
-2.0
648.0
-2.0
548.0
-2.0
448.0
-2.0
348.0
-2.0
248.0
-2.0
148.0
-2.0
48.0
-2.0
