3.3615663051605225
3.3616872429847717
3.4261420369148254
3.4263540506362915
3.630818784236908
3.630925714969635
3.8845845460891724
3.884671211242676
3.9594684839248657
3.9595372080802917
4.256293475627899
4.256414771080017
4.41915899515152
4.419234275817871
4.4923588037490845
4.492442309856415
4.590621531009674
4.590691030025482
4.687444984912872
4.687617719173431
4.850913226604462
4.851025283336639
4.861683249473572
4.861743211746216
4.942211210727692
4.94226998090744
4.931679546833038
4.931740581989288
4.999587059020996
4.999643802642822
4.963440179824829
4.963494658470154
4.960082292556763
4.960149526596069
4.907460510730743
4.907515585422516
4.9298588037490845
4.929919064044952
4.996743023395538
4.9968127608299255
5.031165063381195
5.031246244907379
5.031108319759369
5.031168580055237
5.042190790176392
5.042248427867889
5.086406469345093
5.0864614844322205
5.170091271400452
5.170147001743317
5.142796754837036
5.142851233482361
5.148290276527405
5.1483535170555115
5.130486011505127
5.130544304847717
5.189723551273346
5.189779698848724
5.222716510295868
5.222771525382996
5.22085827589035
5.220915794372559
5.287289977073669
5.287354946136475
5.271883547306061
5.27194356918335
5.50809371471405
5.508149206638336
5.602422773838043
5.602477014064789
5.61908745765686
5.6191617250442505
5.620843768119812
5.620901525020599
5.660756886005402
5.660813689231873
5.594035983085632
5.594106435775757
5.793658971786499
5.79371452331543
5.671646475791931
5.67170250415802
5.747821748256683
5.747888028621674
5.64161604642868
5.641674280166626
5.65366667509079
5.653727471828461
5.6700475215911865
5.67010623216629
5.6778810024261475
5.677942276000977
5.62611448764801
5.626169979572296
5.715433180332184
5.715490698814392
5.675038695335388
5.675095021724701
5.776251971721649
5.776308715343475
5.733580946922302
5.733636498451233
5.8587817549705505
5.858838319778442
5.972452700138092
5.9725377559661865
5.875102519989014
5.875168740749359
5.871460020542145
5.871516466140747
5.883333444595337
5.883395731449127
5.87764447927475
5.877699494361877
5.815594732761383
5.815649688243866
5.818127632141113
5.818187952041626
6.1163290143013
6.116388499736786
6.041852712631226
6.041910469532013
6.129364252090454
6.12942373752594
6.186636447906494
6.186698257923126
6.172874212265015
6.17293119430542
6.113515555858612
6.113570749759674
6.2413700222969055
6.241454541683197
6.247532784938812
6.2476508021354675
6.298484683036804
6.298555254936218
6.2423312067985535
6.242389976978302
6.243477702140808
6.243535220623016
6.432007253170013
6.432067513465881
6.3601624965667725
6.360220313072205
6.345493257045746
6.345550000667572
6.492238759994507
6.492296278476715
6.389662981033325
6.389719009399414
6.386878192424774
6.386946439743042
6.504202783107758
6.504268944263458
6.765947222709656
6.766008734703064
6.758239448070526
6.758320987224579
6.745166778564453
6.745223701000214
6.706425726413727
6.706480026245117
6.855062544345856
6.855117857456207
6.594376444816589
6.594432175159454
6.554379761219025
6.554434299468994
6.80377322435379
6.803831934928894
6.8056827783584595
6.805741906166077
6.824778497219086
6.824838995933533
6.798804223537445
6.798864483833313
6.9087294936180115
6.908788740634918
7.066170275211334
7.066228270530701
7.175694704055786
7.175751984119415
7.155311226844788
7.155366539955139
7.133373439311981
7.133428931236267
7.1182281374931335
7.118287146091461
7.12125301361084
7.121311068534851
7.119345724582672
7.119409024715424
7.10434627532959
7.104404270648956
7.086497604846954
7.0865638256073
7.148867726325989
7.148924887180328
7.250056266784668
7.250113785266876
7.240280210971832
7.240336716175079
7.346861779689789
7.346918523311615
7.605143964290619
7.605200231075287
7.578917980194092
7.578970730304718
7.587489545345306
7.587573707103729
7.590789198875427
7.590844511985779
7.698476195335388
7.698532998561859
7.594419002532959
7.594472825527191
7.578716516494751
7.578769266605377
7.581597983837128
7.581655323505402
7.774310052394867
7.774364233016968
7.92849725484848
7.928554475307465
8.014959573745728
8.015020549297333
8.036206543445587
8.036261022090912
8.029181241989136
8.029236793518066
8.013995230197906
8.014051973819733
8.000495195388794
8.000552415847778
7.9775654673576355
7.977634012699127
7.9745179414749146
7.97457218170166
7.9901402592659
7.9902002811431885
7.967676818370819
7.967747509479523
7.942974805831909
7.943039000034332
7.98848420381546
7.988538682460785
7.958237707614899
7.95829451084137
8.835083723068237
8.835140526294708
8.79430502653122
8.794358730316162
8.832296133041382
8.832354247570038
8.884757995605469
8.884819269180298
8.860771715641022
8.86084097623825
8.908810079097748
8.908865571022034
8.983046233654022
8.983099579811096
8.955152332782745
8.955207765102386
8.95184850692749
8.951906502246857
8.99911254644394
8.999168336391449
9.05714225769043
9.05719804763794
9.068940222263336
9.068995535373688
9.075888216495514
9.075967729091644
9.080675721168518
9.08075201511383
9.100432991981506
9.100492060184479
9.109580278396606
9.10963374376297
9.139808535575867
9.139863848686218
9.140806257724762
9.140866696834564
9.127435982227325
9.127493441104889
9.155818045139313
9.155880331993103
9.119983971118927
9.120037019252777
9.110560417175293
9.110630750656128
9.139551103115082
9.139604926109314
9.419004499912262
9.419061779975891
9.37016248703003
9.370218753814697
9.362239718437195
9.362291991710663
9.348838984966278
9.34890228509903
9.327817499637604
9.327875196933746
9.391084671020508
9.391140222549438
9.286916255950928
9.286974489688873
9.334197461605072
9.33425098657608
9.462776720523834
9.46282970905304
9.521969497203827
9.522024035453796
9.650739431381226
9.65079641342163
9.657824695110321
9.657882869243622
9.617963433265686
9.618018984794617
9.6134352684021
9.613488495349884
9.478661715984344
9.47871470451355
9.631704032421112
9.631761014461517
9.774366557598114
9.774423837661743
9.819316029548645
9.819372415542603
9.789846241474152
9.789899230003357
9.764590978622437
9.76464980840683
9.832921028137207
9.832974255084991
9.85235995054245
9.852421879768372
9.85872596502304
9.85878199338913
9.937848150730133
9.937902688980103
9.849262475967407
9.849318206310272
9.947423994541168
9.94748604297638
9.898469805717468
9.898525178432465
9.991469204425812
9.991526901721954
9.97473418712616
9.97478723526001
9.959278225898743
9.959332346916199
10.147557318210602
10.147619068622589
10.056443750858307
10.05649846792221
10.086512506008148
10.086566805839539
10.026674211025238
10.026749432086945
10.04577773809433
10.0458345413208
10.009396970272064
10.009451985359192
10.006666719913483
10.006736755371094
9.977773547172546
9.97782951593399
9.968644797801971
9.968706488609314
10.223547518253326
10.223619282245636
10.433328211307526
10.433383464813232
10.395710289478302
10.395764231681824
10.361548244953156
10.36160272359848
10.278082966804504
10.278145015239716
10.41047877073288
10.41056090593338
10.391259729862213
10.391316175460815
10.344685316085815
10.344741761684418
10.33311128616333
10.33316844701767
10.528973996639252
10.52907145023346
10.47283524274826
10.472896993160248
10.453120768070221
10.453177332878113
10.590683996677399
10.590739011764526
10.578922986984253
10.578981459140778
10.576934516429901
10.576998233795166
10.693907260894775
10.693963468074799
10.852972686290741
10.85304194688797
10.782745718955994
10.782805681228638
10.778572797775269
10.778634488582611
10.914957225322723
10.915017783641815
10.905646026134491
10.905710756778717
10.882911682128906
10.882966697216034
10.870527267456055
10.87058299779892
10.872244477272034
10.872301697731018
10.880761742591858
10.880821764469147
10.86352801322937
10.86358368396759
11.128415763378143
11.128470003604889
10.962548732757568
10.962614178657532
11.255655705928802
11.255715012550354
11.284953534603119
11.285017967224121
11.264105916023254
11.264230489730835
11.255718529224396
11.255810558795929
11.246178448200226
11.246233463287354
11.424809217453003
11.424866199493408
11.43631100654602
11.436369955539703
11.268518507480621
11.268578469753265
11.433576226234436
11.433667957782745
11.54216855764389
11.542222082614899
11.493332922458649
11.493402183055878
11.476867318153381
11.47692322731018
11.49393779039383
11.493996024131775
11.578408062458038
11.578469276428223
11.686243712902069
11.686306178569794
11.661778211593628
11.661834001541138
11.667289733886719
11.66734516620636
11.647404313087463
11.647460579872131
11.662757396697998
11.662816345691681
11.643060684204102
11.643129646778107
11.791716754436493
11.791776478290558
11.766875982284546
11.766933381557465
11.80256199836731
11.802622258663177
11.767859518527985
11.767926514148712
12.131606221199036
12.131670832633972
12.106067061424255
12.106125295162201
12.08859497308731
12.08865076303482
12.06182473897934
12.061879694461823
12.053802251815796
12.053859770298004
12.055486261844635
12.055545270442963
12.044458627700806
12.044515788555145
12.01749849319458
12.017553925514221
11.988882064819336
11.988948285579681
11.958809494972229
11.958864450454712
11.905113220214844
11.905167400836945
