6.261758367220561
6.26182234287262
6.227248668670654
6.227311571439107
6.278292655944824
6.245538314183553
6.2768205006917315
6.2768813371658325
6.328549822171529
6.328614195187886
6.410115003585815
6.390106042226155
6.37221622467041
6.372280120849609
6.374356746673584
6.374424695968628
6.3894139130910235
6.356367468833923
6.401563286781311
6.4017733335494995
6.437026341756185
6.4370973110198975
6.454840501149495
6.65932818253835
6.654711763064067
6.654771169026692
7.09263014793396
7.0927014748255415
7.1460607051849365
7.176386038462321
7.111160516738892
7.111214717229207
7.075100461641948
7.075168967247009
7.080188234647115
7.068644126256307
7.054985324541728
7.055038849512736
7.188054164250691
7.188110550244649
7.171965042750041
7.139581481615703
7.123274962107341
7.123326977094014
7.008989294370015
7.009055137634277
7.00430703163147
6.997792045275371
7.132966200510661
7.133018175760905
7.115882317225139
7.115936676661174
6.985995173454285
7.021071155865987
7.283387780189514
7.283437768618266
7.344633142153422
7.344697117805481
7.289707700411479
7.421114285786946
7.41781731446584
7.417888840039571
7.3788160880406695
7.378882169723511
7.3614769379297895
7.396740873654683
7.3811555703481035
7.381205916404724
7.352111339569092
7.352165500322978
7.343249638875325
7.31923508644104
7.3079579671223955
7.308010260264079
7.356335004170735
7.3563889265060425
7.4614235162734985
7.468221664428711
7.587794502576192
7.587845285733541
7.482596119244893
7.482650637626648
7.4725503126780195
7.596994876861572
7.584999481836955
7.585082451502482
7.518596609433492
7.518654982248942
7.504664301872253
7.527241627375285
7.515496889750163
7.515546520551045
7.441618800163269
7.4416730006535845
7.433524211247762
7.513571302096049
7.677292625109355
7.677345792452495
7.917941252390544
7.91799779733022
7.969252546628316
7.982868154843648
7.986793001492818
7.986843983332316
7.7978683312733965
7.797929644584656
7.790335933367412
7.895114302635193
7.913391669591268
7.913443684577942
7.748176495234172
7.74823796749115
7.775875846544902
7.800235827763875
7.786232789357503
7.78628929456075
7.728658000628154
7.728718400001526
7.723402500152588
7.811143000920613
7.805850863456726
7.805906653404236
7.79996379216512
7.800019979476929
8.003330826759338
7.9753009875615435
7.958197911580403
7.958251714706421
8.113526701927185
8.113582015037537
8.108415802319845
8.282485405604044
8.308709939320883
8.308761914571127
8.246002713839212
8.246083537737528
8.215242664019266
8.18960444132487
8.212116281191507
8.212188124656677
8.104888518651327
8.104942599932352
8.21735421816508
8.331297159194946
8.230265021324158
8.230318148930868
8.414218028386435
8.414286692937216
8.391900420188904
8.301790674527487
8.1788330078125
8.178885102272034
8.137419899304708
8.137473503748575
8.27638546625773
8.248248179753622
8.239643216133118
8.239708741505941
8.227238178253174
8.227293332417807
8.306537985801697
8.341245810190836
8.322454969088236
8.32250726222992
8.274315198262533
8.274389545122782
8.239142815272013
8.442722002665201
8.425269722938538
8.425320665041605
8.398808201154074
8.39890742301941
8.516804019610086
8.487200697263082
8.375142574310303
8.375195423762003
8.635738531748453
8.635793328285217
8.619110345840454
8.75527560710907
8.744982600212097
8.745033224423727
8.760069966316223
8.760125279426575
8.749682307243347
8.716111302375793
8.697817007700602
8.697870333989462
8.658520857493082
8.658574859301249
8.704798499743143
8.674559275309244
8.661986668904623
8.662043531735739
8.69848084449768
8.698534806569418
8.684622963269552
8.662492235501608
8.653878768285116
8.653935233751932
8.717856645584106
8.71791136264801
8.85651465257009
8.855813026428223
8.764999190966288
8.76504917939504
8.712806860605875
8.71287469069163
8.707738161087036
8.843177715937296
8.829679807027182
8.829736153284708
9.234964410463968
9.235020399093628
9.293976783752441
9.266490976015726
9.251935998598734
9.251989523569742
9.203985691070557
9.204043706258139
9.194722374280294
9.166544119517008
9.15821385383606
9.15826960404714
9.400821447372437
9.400875767072042
9.387916008631388
9.359199166297913
9.34632154305776
9.346372167269388
9.302143176396688
9.302205006281534
9.28783635298411
9.251728852589926
9.24441154797872
9.244470477104187
9.20501716931661
9.205077568689982
9.192264715830484
9.159067591031393
9.150635242462158
9.150690595308939
9.102898240089417
9.102968176205954
9.08394948641459
9.050611098607382
9.03493599096934
9.034986654917398
