511.0
3145.8333333333335
538.8333333333334
2302.5
1271.0
2297.0
477.6666666666667
3175.8333333333335
505.5
2365.8333333333335
1204.3333333333333
2360.3333333333335
444.3333333333333
3009.1666666666665
472.1666666666667
2232.5
1137.6666666666667
2227.0
411.0
2842.5
438.8333333333333
2099.1666666666665
1071.0
2093.6666666666665
390.0
3711.0
416.8333333333333
1994.8333333333333
3047.3333333333335
1988.3333333333333
390.0
4518.833333333333
416.8333333333333
1894.8333333333333
2914.0
1888.3333333333333
390.0
4285.5
416.8333333333333
1794.8333333333333
2780.6666666666665
1788.3333333333333
390.0
4052.1666666666665
416.8333333333333
1694.8333333333333
2647.3333333333335
1688.3333333333333
390.0
3818.8333333333335
416.8333333333333
1594.8333333333333
2514.0
1588.3333333333333
390.0
3585.5
416.8333333333333
1494.8333333333333
2380.6666666666665
1488.3333333333333
1431.8333333333333
3357.5
416.8333333333333
2420.0
2269.3333333333335
1388.3333333333333
1398.5
3157.5
416.8333333333333
2286.6666666666665
2169.3333333333335
1288.3333333333333
1365.1666666666667
2957.5
416.8333333333333
2153.3333333333335
2069.3333333333335
1188.3333333333333
1331.8333333333333
2757.5
416.8333333333333
2020.0
1969.3333333333333
1088.3333333333333
1298.5
2557.5
416.8333333333333
1886.6666666666667
1869.3333333333333
988.3333333333334
1265.1666666666667
2357.5
416.8333333333333
1753.3333333333333
1769.3333333333333
888.3333333333334
1231.8333333333333
2157.5
416.8333333333333
1620.0
2694.1666666666665
799.0
2206.6666666666665
1984.8333333333333
1408.3333333333333
1530.6666666666667
2544.1666666666665
749.0
2123.3333333333335
1834.8333333333333
1358.3333333333333
1447.3333333333333
2394.1666666666665
699.0
2040.0
1684.8333333333333
1308.3333333333333
1364.0
2244.1666666666665
649.0
1956.6666666666667
1534.8333333333333
1258.3333333333333
1280.6666666666667
3116.0
613.1666666666666
2878.5
1415.6666666666667
2196.8333333333335
1244.8333333333333
2916.0
613.1666666666666
2745.1666666666665
1315.6666666666667
2096.8333333333335
1211.5
2716.0
613.1666666666666
2611.8333333333335
1215.6666666666667
1996.8333333333333
1178.1666666666667
2516.0
613.1666666666666
2478.5
1115.6666666666667
1896.8333333333333
1144.8333333333333
2316.0
613.1666666666666
2345.1666666666665
1015.6666666666666
1796.8333333333333
1111.5
2116.0
613.1666666666666
2211.8333333333335
915.6666666666666
1696.8333333333333
1078.1666666666667
1916.0
613.1666666666666
2078.5
815.6666666666666
1593.3333333333333
1044.8333333333333
1719.5
609.6666666666666
1944.8333333333333
719.5
1493.3333333333333
994.5
1536.5
609.6666666666666
1778.1666666666667
652.8333333333334
1393.3333333333333
927.8333333333334
1369.8333333333333
609.6666666666666
1611.5
586.1666666666666
1293.3333333333333
861.1666666666666
1203.1666666666667
609.6666666666666
1444.8333333333333
519.5
1193.3333333333333
794.5
1036.5
609.6666666666666
1278.1666666666667
452.8333333333333
1093.3333333333333
727.8333333333334
869.8333333333334
609.6666666666666
1111.5
386.1666666666667
993.3333333333334
661.1666666666666
703.1666666666666
609.6666666666666
949.6666666666666
314.6666666666667
893.3333333333334
616.0
515.0
609.6666666666666
816.3333333333334
214.66666666666666
768.5
577.5
345.0
551.5
661.1666666666666
194.66666666666666
601.8333333333334
510.8333333333333
245.0
484.8333333333333
494.5
194.66666666666666
443.5
435.8333333333333
170.0
393.1666666666667
369.5
153.0
326.8333333333333
319.1666666666667
120.0
276.5
252.83333333333334
103.0
210.16666666666666
202.5
70.0
159.83333333333334
136.16666666666666
53.0
93.5
85.83333333333333
20.0
43.166666666666664
19.5
3.0
