2.8257592916488647
2.9098729491233826
3.048650026321411
3.2113617658615112
3.313524305820465
3.4738770127296448
3.593953251838684
3.796703279018402
4.010592222213745
4.10176146030426
4.186245560646057
4.354522466659546
4.45313572883606
4.667527556419373
4.850982248783112
5.0281530022621155
5.255633771419525
5.479987740516663
5.5937358140945435
5.757222950458527
5.814790725708008
5.866871416568756
5.873830020427704
5.869721591472626
5.858706772327423
5.871632993221283
5.873072981834412
5.8835132122039795
5.921548068523407
5.971547245979309
6.004277765750885
6.0437570214271545
6.065822124481201
6.100784003734589
6.142844498157501
6.259484946727753
6.285670697689056
6.279960513114929
6.293722212314606
6.438226938247681
6.442968547344208
6.4378342628479
6.44516521692276
6.487082362174988
6.529570579528809
6.545539736747742
6.564817786216736
6.593972027301788
6.519858777523041
6.599527657032013
6.736153483390808
6.849600970745087
6.848241746425629
6.911576747894287
6.9200931787490845
6.973155498504639
7.009367287158966
7.014401614665985
7.026000499725342
7.040992021560669
7.065533697605133
7.112599730491638
7.117800772190094
7.12196272611618
7.106377601623535
7.122800827026367
7.169933259487152
7.18568629026413
7.205870807170868
7.205360174179077
7.221286773681641
7.320630669593811
7.3541682958602905
7.374287188053131
7.418432295322418
7.508978307247162
7.5511434674263
7.565294444561005
7.5628345012664795
7.565976917743683
7.58273309469223
7.683038771152496
7.685239791870117
7.713641941547394
7.712916672229767
7.734099507331848
7.819020986557007
7.834988176822662
7.902149260044098
7.914784729480743
7.93680077791214
7.959597289562225
7.977470755577087
7.988853275775909
8.054266035556793
8.06971949338913
8.08316445350647
8.107400298118591
8.139530539512634
8.159713804721832
8.161284446716309
8.265708267688751
8.35921972990036
8.354459464550018
8.360059559345245
8.364116787910461
8.362449944019318
8.4109867811203
8.43640822172165
8.444321274757385
8.454172432422638
8.454294562339783
8.449824213981628
8.492224991321564
8.516469478607178
8.531830251216888
8.53233015537262
8.639918804168701
8.671535730361938
8.66831922531128
8.669049203395844
8.752266943454742
8.754670262336731
8.784643232822418
8.790092468261719
8.827027440071106
8.956715643405914
8.896757364273071
9.133099913597107
9.200382828712463
9.255220234394073
9.27963674068451
9.292916536331177
9.32112330198288
9.322535037994385
9.354783058166504
9.412255048751831
9.463917791843414
9.439248263835907
9.48722618818283
9.567629992961884
9.650009095668793
9.701973736286163
9.72336596250534
9.682863235473633
9.980246543884277
10.001209795475006
10.02826726436615
10.039700031280518
10.062832236289978
10.071534037590027
10.13276594877243
10.146999299526215
9.959443509578705
9.979283511638641
9.94761323928833
9.976549744606018
10.031002759933472
10.052590072154999
10.095192015171051
10.122616708278656
10.102170467376709
10.134293019771576
10.15004676580429
10.16545820236206
10.176661968231201
10.18127727508545
10.431148290634155
10.251190721988678
10.416813552379608
10.442457497119904
10.479374766349792
10.484011173248291
10.514743685722351
10.522647261619568
10.516522824764252
10.532610535621643
10.534377217292786
10.837639451026917
10.86194497346878
10.70348072052002
10.872754693031311
11.030375003814697
11.055117785930634
11.085606276988983
11.084297478199005
11.099704265594482
11.180117785930634
11.222739696502686
11.254141330718994
11.273136019706726
11.298566460609436
11.280015647411346
11.279623568058014
11.319878995418549
11.332287013530731
11.594776213169098
11.417617201805115
11.675416767597198
11.704422533512115
11.741636216640472
11.74464899301529
11.783260703086853
11.814680278301239
11.832617700099945
11.836225748062134
12.100283026695251
12.140953242778778
12.158620238304138
12.131681263446808
12.183798015117645
12.179596245288849
12.212127268314362
12.23367327451706
12.266129493713379
12.34894198179245
12.567751288414001
12.556846499443054
12.633233189582825
12.63718467950821
12.671652793884277
12.688232481479645
12.69860702753067
12.716624975204468
12.731510639190674
12.79206246137619
12.832306265830994
12.878740727901459
12.908034443855286
12.949255287647247
13.03652423620224
13.059132814407349
13.081613779067993
13.091379523277283
13.10934966802597
13.106064260005951
13.11596930027008
13.155656516551971
13.184653341770172
13.24849820137024
13.266012728214264
13.289060950279236
13.301518440246582
13.341140031814575
13.362881362438202
13.404796659946442
13.412519991397858
13.434220314025879
13.447190999984741
