3.0750460624694824
3.075124979019165
3.075190544128418
3.075252056121826
3.0753389596939087
3.076023578643799
3.07614004611969
3.0762170553207397
3.0287089347839355
3.028897523880005
3.029207944869995
3.0293139219284058
3.0301250219345093
3.0303159952163696
3.030519485473633
3.039615035057068
3.3778165578842163
3.378183603286743
3.3782631158828735
3.378326654434204
3.378723621368408
3.3788325786590576
3.378899097442627
3.3789610862731934
3.5821269750595093
3.5822075605392456
3.582273006439209
3.582334041595459
3.582390546798706
3.5824475288391113
3.5835509300231934
3.583677053451538
3.6719659566879272
3.6723514795303345
3.6942719221115112
3.6943564414978027
3.6944159269332886
3.694474458694458
3.694530963897705
3.6945879459381104
3.846511483192444
3.8466590642929077
3.8467319011688232
3.8467944860458374
3.8468514680862427
3.8469624519348145
3.847164511680603
3.8472520112991333
3.854604482650757
3.8547356128692627
3.85481059551239
3.8580005168914795
3.858115553855896
3.8581809997558594
3.8582390546798706
3.8582940101623535
4.13953959941864
4.1398845911026
4.139960050582886
4.140064597129822
4.140125036239624
4.141141057014465
4.14142906665802
4.141503095626831
4.086777925491333
4.0871360301971436
4.087286949157715
4.087362051010132
4.087504982948303
4.087568044662476
4.087623596191406
4.087679028511047
4.149603366851807
4.157548427581787
4.157695412635803
4.157801866531372
4.157869458198547
4.157928466796875
4.1583274602890015
4.158434867858887
4.410507440567017
4.410791873931885
4.410915493965149
4.411029934883118
4.411099433898926
4.420731425285339
4.420819997787476
4.420878887176514
4.438652992248535
4.438730597496033
4.4387900829315186
4.438845157623291
4.438904643058777
4.438959002494812
4.439016580581665
4.43907105922699
4.452854514122009
4.452931046485901
4.452993035316467
4.453048944473267
4.453119516372681
4.453189969062805
4.453248023986816
4.45933198928833
4.422055959701538
4.422155022621155
4.422266364097595
4.422363996505737
4.422433495521545
4.422531962394714
4.422600984573364
4.42269241809845
4.343791484832764
4.343916058540344
4.343985915184021
4.344042539596558
4.344096899032593
4.344151496887207
4.344205021858215
4.344257473945618
4.379552006721497
4.379615902900696
4.3796714544296265
4.379725337028503
4.379777431488037
4.379830479621887
4.379884481430054
4.379937529563904
4.241458058357239
4.241520524024963
4.2415770292282104
4.241630554199219
4.241682529449463
4.241735100746155
4.2417919635772705
4.241844534873962
4.196043491363525
4.196108102798462
4.196165561676025
4.196221113204956
4.196274161338806
4.196327567100525
4.19638204574585
4.196435570716858
4.16151750087738
4.161581516265869
4.161638498306274
4.161692500114441
4.161744952201843
4.161798477172852
4.1618510484695435
4.161903023719788
4.109088063240051
4.109148979187012
4.109203577041626
4.109257102012634
4.109307527542114
4.109366536140442
4.109416961669922
4.109467148780823
4.053492426872253
4.053549885749817
4.053602933883667
4.053654432296753
4.0537039041519165
4.053753972053528
4.053803324699402
4.053852915763855
4.283370018005371
4.283454060554504
4.283509969711304
4.283563494682312
4.283615946769714
4.283668518066406
4.283720016479492
4.283771514892578
4.518115401268005
4.518200993537903
4.518275022506714
4.518330454826355
4.5183833837509155
4.518435478210449
4.518488049507141
4.518538951873779
4.47771954536438
4.477781534194946
4.477836608886719
4.477890968322754
4.477941513061523
4.477993488311768
4.478044509887695
4.478095531463623
4.413436055183411
4.413500070571899
4.413554549217224
4.41360604763031
4.41365647315979
4.413707613945007
4.413758039474487
4.413808584213257
4.355627536773682
4.355689525604248
4.355744481086731
4.355796933174133
4.355847477912903
4.355907917022705
4.355958580970764
4.356009483337402
4.291580557823181
4.291641473770142
4.2916940450668335
4.291743993759155
4.291793465614319
4.291842579841614
4.291894555091858
4.291945099830627
4.246387600898743
4.246447563171387
4.246508598327637
4.246563076972961
4.2466171979904175
4.246668577194214
4.2467200756073
4.246770620346069
4.189731001853943
4.189789414405823
4.1898404359817505
4.18989098072052
4.189939975738525
4.189989924430847
4.190038561820984
4.1900869607925415
4.163150429725647
4.163210988044739
4.163264870643616
4.163316965103149
4.163366913795471
4.163418889045715
4.163470387458801
4.163520932197571
4.100584030151367
4.1006505489349365
4.100704550743103
4.100755095481873
4.100804567337036
4.100855588912964
4.100905537605286
4.100954055786133
4.716929316520691
4.716995358467102
4.7170504331588745
4.717105865478516
4.717158913612366
4.717212796211243
4.717268466949463
4.7173203229904175
4.661223411560059
4.661286354064941
4.661341905593872
4.661395907402039
4.6614508628845215
4.661502361297607
4.661558985710144
4.661609888076782
4.61972188949585
4.619784951210022
4.619840025901794
4.619894504547119
4.619946479797363
4.619998455047607
4.620050430297852
4.620104074478149
4.664507031440735
4.6645694971084595
4.664625525474548
4.664679527282715
4.664731025695801
4.664785981178284
4.664839506149292
4.6648935079574585
5.030749559402466
5.030815005302429
5.030871033668518
5.030927062034607
5.030979514122009
5.031033039093018
5.031086087226868
5.03113853931427
4.967452883720398
4.967512369155884
4.967566967010498
4.9676209688186646
4.967672944068909
4.967724919319153
4.967776894569397
4.9678285121917725
5.0158034563064575
5.015864014625549
5.015918493270874
5.015971422195435
5.016021966934204
5.016073942184448
5.016129016876221
5.016180038452148
5.099149942398071
5.099215984344482
5.099272608757019
5.099328517913818
5.099382042884827
5.099462985992432
5.099526047706604
5.099581003189087
5.034561991691589
5.034625053405762
5.034680008888245
5.034735560417175
5.034787058830261
5.034840106964111
5.034894108772278
5.034946084022522
5.069830894470215
5.069892883300781
5.069947361946106
5.070001840591431
5.070074915885925
5.0701364278793335
5.070190906524658
5.070243954658508
5.014603972434998
5.0146684646606445
5.014752984046936
5.014812469482422
5.014886021614075
5.0149455070495605
5.0150004625320435
5.015066027641296
4.975687503814697
4.9757490158081055
4.975824952125549
4.975892901420593
4.975976467132568
4.976054906845093
4.976112961769104
4.976167440414429
4.953510403633118
4.953575491905212
4.9536354541778564
4.953691005706787
4.953742504119873
4.953797459602356
4.953850507736206
4.953930377960205
4.826197504997253
4.82625949382782
4.826313495635986
4.826367497444153
4.826418995857239
4.826471567153931
4.826522469520569
4.8265990018844604
4.856755495071411
4.856814503669739
4.856867432594299
4.856920480728149
4.856970429420471
4.857023000717163
4.857074499130249
4.857125997543335
4.713711500167847
4.713771462440491
4.713853478431702
4.713909983634949
4.7139610052108765
4.714012503623962
4.714063405990601
4.71411395072937
4.656717538833618
4.656798005104065
4.656861066818237
4.65691351890564
4.656962513923645
4.657012581825256
4.657062530517578
4.657113552093506
4.599862098693848
4.599923133850098
4.599979043006897
4.600039124488831
4.600093126296997
4.600145101547241
4.6001951694488525
4.600244522094727
5.22134256362915
5.221405506134033
5.221469044685364
5.221524119377136
5.221576571464539
5.2216280698776245
5.221681118011475
5.221733570098877
5.4493385553359985
5.449401497840881
5.44945752620697
5.449512004852295
5.449599027633667
5.449654936790466
5.449710011482239
5.449763536453247
5.373968005180359
5.374029040336609
5.374085545539856
5.374138593673706
5.374189972877502
5.37424111366272
5.374293565750122
5.37434446811676
5.2374866008758545
5.2375476360321045
5.237602114677429
5.237656116485596
5.237707495689392
5.237757563591003
5.237810015678406
5.2378621101379395
5.1943598985672
5.194427013397217
5.194493532180786
5.194551467895508
5.194608926773071
5.194661974906921
5.194718956947327
5.194772005081177
5.129277467727661
5.129338502883911
5.129392981529236
5.1294474601745605
5.129542589187622
5.12960958480835
5.129665017127991
5.1297184228897095
5.061630487442017
5.061699032783508
5.061755537986755
5.061811566352844
5.061864972114563
5.061917543411255
5.061970472335815
5.06202495098114
5.208805441856384
5.208866000175476
5.208921432495117
5.208977937698364
5.20902943611145
5.209080457687378
5.209133863449097
5.209187984466553
5.153087139129639
5.15315055847168
5.15320611000061
5.153260588645935
5.153311610221863
5.153460621833801
5.153522610664368
5.153608083724976
5.107938528060913
5.107998013496399
5.108053088188171
5.108114004135132
5.108165502548218
5.1082165241241455
5.108271956443787
5.10832405090332
5.541361451148987
5.541427493095398
5.541501045227051
5.541574954986572
5.5416330099105835
5.541689038276672
5.541743993759155
5.54184353351593
5.826576590538025
5.82664155960083
5.826696515083313
5.826788067817688
5.8268444538116455
5.826897978782654
5.826954483985901
5.827008485794067
5.813254952430725
5.813318490982056
5.813375473022461
5.813431978225708
5.813485503196716
5.813539505004883
5.813593506813049
5.813647985458374
5.789228916168213
5.789300084114075
5.789355039596558
5.789417505264282
5.789470553398132
5.789523601531982
5.789577960968018
5.789654016494751
5.75874650478363
5.758809447288513
5.758863568305969
5.758918523788452
5.758971571922302
5.759073972702026
5.759132981300354
5.759187579154968
5.611589074134827
5.611649990081787
5.611706495285034
5.611769437789917
5.611839056015015
5.611897587776184
5.611952066421509
5.612003445625305
5.775068044662476
5.775143504142761
5.775200128555298
5.775256037712097
5.775367975234985
5.775425553321838
5.775480508804321
5.775571584701538
5.628513932228088
5.628582119941711
5.628636479377747
5.628691554069519
5.628742456436157
5.628793954849243
5.6288745403289795
5.628942489624023
5.5904295444488525
5.590489506721497
5.590551137924194
5.590605974197388
5.590656995773315
5.590708017349243
5.5907604694366455
5.590811610221863
5.821340918540955
5.821402430534363
5.821454048156738
5.821505427360535
5.8215553760528564
5.82160496711731
5.821654915809631
5.821705460548401
5.764317631721497
5.764378070831299
5.764430642127991
5.764482498168945
5.764537572860718
5.764587640762329
5.76464056968689
5.764692544937134
5.715014934539795
5.71508002281189
5.715210556983948
5.71527099609375
5.7153240442276
5.715376019477844
5.715428948402405
5.7154810428619385
5.669359922409058
5.669423460960388
5.669478535652161
5.669532418251038
5.669583439826965
5.669636011123657
5.669690489768982
5.669743537902832
5.65731143951416
5.65737247467041
5.6574238538742065
5.657477974891663
5.657526969909668
5.6575775146484375
5.657628536224365
5.657678484916687
5.569736361503601
5.569794058799744
5.569844484329224
5.569925904273987
5.569979548454285
5.570031046867371
5.570085525512695
5.570136070251465
5.565095901489258
5.565159916877747
5.565216422080994
5.565270900726318
5.5653239488601685
5.565375924110413
5.565433979034424
5.565487027168274
5.616335988044739
5.616402506828308
5.616518974304199
5.616589426994324
5.616645455360413
5.616698503494263
5.616751551628113
5.616804122924805
5.5158984661102295
5.515957474708557
5.516008973121643
5.516060948371887
5.516114950180054
5.516163945198059
5.516215443611145
5.516265511512756
5.488345980644226
5.488406538963318
5.488458514213562
5.488510012626648
5.488561511039734
5.488609433174133
5.488659024238586
5.488709092140198
5.482893466949463
5.482962965965271
5.483017444610596
5.483072519302368
5.483123540878296
5.483174920082092
5.483227968215942
5.4832810163497925
5.457624912261963
5.457687497138977
5.457811951637268
5.4579020738601685
5.457957029342651
5.458009958267212
5.458063960075378
5.45811653137207
5.777515888214111
5.777579426765442
5.7776360511779785
5.777689456939697
5.777739524841309
5.777789950370789
5.777840971946716
5.777891993522644
5.752025485038757
5.7520869970321655
5.752139449119568
5.75219190120697
5.752241015434265
5.752289891242981
5.752340912818909
5.75239098072052
5.70453405380249
5.704601049423218
5.704682469367981
5.704746603965759
5.704800009727478
5.704852104187012
5.704906582832336
5.704958558082581
5.650345087051392
5.650408625602722
5.650464057922363
5.650517582893372
5.650568127632141
5.650626540184021
5.650679588317871
5.650732040405273
5.470894932746887
5.470961332321167
5.471019387245178
5.471076488494873
5.4711304903030396
5.4711843729019165
5.471239447593689
5.471296906471252
5.82545006275177
5.825513005256653
5.8255720138549805
5.825627565383911
5.825679540634155
5.825733065605164
5.8257869482040405
5.82584011554718
5.763604998588562
5.763665080070496
5.763718485832214
5.7637704610824585
5.763820648193359
5.763869524002075
5.763924598693848
5.763976573944092
5.805065989494324
5.80512547492981
5.805177927017212
5.805231094360352
5.805281043052673
5.805330038070679
5.805381536483765
5.805432081222534
5.769845485687256
5.769911050796509
5.769970059394836
5.7700231075286865
5.770073056221008
5.770124554634094
5.770177602767944
5.770228981971741
5.712513566017151
5.712576508522034
5.712633013725281
5.712686538696289
5.712736487388611
5.71278703212738
5.712839484214783
5.712891459465027
5.769018530845642
5.769079089164734
5.769132494926453
5.769185185432434
5.769239544868469
5.769290089607239
5.769341588020325
5.769392132759094
5.754262447357178
5.754320979118347
5.754372000694275
5.754422545433044
5.75447154045105
5.754519939422607
5.7545695304870605
5.754619002342224
5.7148377895355225
5.714902877807617
5.714967489242554
5.715020418167114
5.715071439743042
5.71512234210968
5.715176463127136
5.71523642539978
5.630048632621765
5.630152583122253
5.630246162414551
5.630308151245117
5.6303606033325195
5.630413055419922
5.63046658039093
5.630517482757568
5.569420099258423
5.569481611251831
5.5695390701293945
5.569592118263245
5.569641470909119
5.569693565368652
5.56974458694458
5.569803595542908
5.52278208732605
5.522845029830933
5.522899508476257
5.522953510284424
5.523004412651062
5.5230549573898315
5.523111462593079
5.523163080215454
5.462353587150574
5.462413549423218
5.462465047836304
5.462518095970154
5.46256959438324
5.4626195430755615
5.4626710414886475
5.462722420692444
6.059468030929565
6.059527039527893
6.059576988220215
6.059628009796143
6.05967652797699
6.059723973274231
6.059772491455078
6.059821963310242
5.999416947364807
5.9994765520095825
5.999525547027588
5.999576449394226
5.999624490737915
5.999671936035156
5.999721050262451
5.999770522117615
6.260533452033997
6.260591983795166
6.260640978813171
6.260692477226257
6.260740518569946
6.2607879638671875
6.260836482048035
6.26088547706604
6.204453945159912
6.204513311386108
6.20456337928772
6.2046144008636475
6.204663395881653
6.204712867736816
6.204763889312744
6.204814434051514
6.163669943809509
6.163734436035156
6.16378653049469
6.1638405323028564
6.163892030715942
6.163942933082581
6.163995981216431
6.164048433303833
6.035602450370789
6.0356669425964355
6.035720944404602
6.035778522491455
6.035832047462463
6.03588342666626
6.035938501358032
6.035991907119751
6.293133616447449
6.293198585510254
6.293251633644104
6.293306112289429
6.293357014656067
6.293409705162048
6.293462514877319
6.293515086174011
6.311022996902466
6.311087489128113
6.311140537261963
6.311195969581604
6.311248540878296
6.3113003969192505
6.311353921890259
6.311407446861267
6.259753942489624
6.259817481040955
6.259870529174805
6.259925007820129
6.259979009628296
6.260031461715698
6.260090470314026
6.260143876075745
6.166724443435669
6.1667879819869995
6.166844010353088
6.166898965835571
6.166950464248657
6.167001485824585
6.1670544147491455
6.167106032371521
6.2871294021606445
6.287190556526184
6.287240982055664
6.287294983863831
6.287345051765442
6.287393927574158
6.287445068359375
6.287497520446777
6.231060028076172
6.231134533882141
6.231194496154785
6.231251001358032
6.2313010692596436
6.231357932090759
6.231408476829529
6.231458425521851
6.18583607673645
6.185899615287781
6.1859519481658936
6.186006546020508
6.186057448387146
6.186107516288757
6.18615996837616
6.186211466789246
6.0355188846588135
6.035578966140747
6.035629868507385
6.035681843757629
6.035732388496399
6.0357818603515625
6.03583288192749
6.035884380340576
6.381332516670227
6.381392955780029
6.381442904472351
6.381496548652649
6.381551027297974
6.381600975990295
6.3816540241241455
6.381704926490784
6.245814561843872
6.245876908302307
6.245929002761841
6.245983004570007
6.246034026145935
6.246083974838257
6.246143579483032
6.246213912963867
6.309520602226257
6.3095855712890625
6.3096383810043335
6.309692978858948
6.3097440004348755
6.309794902801514
6.309847474098206
6.3099000453948975
6.172557473182678
6.1726233959198
6.17267644405365
6.172730803489685
6.172783851623535
6.172862410545349
6.172922492027283
6.172998428344727
6.242198944091797
6.242256999015808
6.2423059940338135
6.242356896400452
6.242415428161621
6.24246346950531
6.242513060569763
6.242561936378479
6.185920596122742
6.1859811544418335
6.1860315799713135
6.186083555221558
6.186134576797485
6.186184048652649
6.186238050460815
6.186295986175537
6.097441554069519
6.097501516342163
6.0975505113601685
6.097602963447571
6.097652912139893
6.097701907157898
6.097751975059509
6.097801446914673
6.463510513305664
6.463581562042236
6.463631987571716
6.463685512542725
6.463735580444336
6.463789582252502
6.463841080665588
6.463891386985779
6.549136519432068
6.549197554588318
6.549248456954956
6.549301505088806
6.549352049827576
6.549401521682739
6.549452543258667
6.549503922462463
6.500738501548767
6.5008004903793335
6.500851035118103
6.500903964042664
6.500953555107117
6.5010024309158325
6.501054048538208
6.501104950904846
6.444142580032349
6.444203495979309
6.444254994392395
6.4443275928497314
6.444417595863342
6.444472551345825
6.44452691078186
6.4445799589157104
6.402097582817078
6.402161598205566
6.402213454246521
6.402270555496216
6.402322053909302
6.4023765325546265
6.402429938316345
6.402482509613037
6.346372961997986
6.346434950828552
6.346486568450928
6.346540451049805
6.346590518951416
6.346640467643738
6.346727967262268
6.346783399581909
6.288455963134766
6.288516521453857
6.288574457168579
6.2886269092559814
6.288678526878357
6.288728475570679
6.2887794971466064
6.288830995559692
6.786466002464294
6.786528944969177
6.786580562591553
6.7866339683532715
6.7866843938827515
6.786733984947205
6.7867854833602905
6.786834955215454
6.774461507797241
6.774519562721252
6.774568557739258
6.774618983268738
6.774667024612427
6.774715542793274
6.774774074554443
6.774822950363159
6.746737122535706
6.746799111366272
6.746853590011597
6.746905088424683
6.746957063674927
6.74700653553009
6.747058033943176
6.7471054792404175
6.681072473526001
6.681131482124329
6.681180477142334
6.681230902671814
6.68131148815155
6.681365489959717
6.681416034698486
6.681463956832886
7.006300568580627
7.006359577178955
7.006409049034119
7.006461143493652
7.006510496139526
7.006558537483215
7.006608009338379
7.006656646728516
6.947360634803772
6.94742214679718
6.947535157203674
6.947594046592712
6.9476460218429565
6.947696566581726
6.947747588157654
6.947797060012817
6.949942946434021
6.950000524520874
6.950048923492432
6.950099468231201
6.950148940086365
6.950201034545898
6.950250506401062
6.950297951698303
6.903759002685547
6.903819561004639
6.903871059417725
6.903923988342285
6.903979063034058
6.904028058052063
6.904079079627991
6.904127597808838
6.827235460281372
6.827295899391174
6.827346444129944
6.82739794254303
6.827447533607483
6.8274959325790405
6.827546000480652
6.8275943994522095
6.924952983856201
6.925011515617371
6.925060510635376
6.9251110553741455
6.925159454345703
6.925206422805786
6.925255537033081
6.925302028656006
6.857615113258362
6.857672572135925
6.8577200174331665
6.857772469520569
6.857820987701416
6.8578691482543945
6.857917547225952
6.857964515686035
6.7925050258636475
6.792563557624817
6.79262900352478
6.7927000522613525
6.792752504348755
6.792803049087524
6.792852520942688
6.792900085449219
6.773366451263428
6.773426055908203
6.773474931716919
6.773526549339294
6.773574471473694
6.773622512817383
6.773675441741943
6.773723006248474
6.747255921363831
6.747313499450684
6.747361540794373
6.7474164962768555
6.747471570968628
6.747518539428711
6.7475680112838745
6.747616529464722
6.580384135246277
6.580444097518921
6.580494046211243
6.580544590950012
6.580592513084412
6.580640554428101
6.580690979957581
6.5807390213012695
6.843269944190979
6.843329906463623
6.843379497528076
6.843431353569031
6.843480944633484
6.843528985977173
6.843577980995178
6.843626976013184
6.6912230253219604
6.6912829875946045
6.691331505775452
6.691382527351379
6.691431045532227
6.691488027572632
6.691537976264954
6.691586494445801
6.7659255266189575
6.765984535217285
6.7660335302352905
6.766084909439087
6.766132950782776
6.766180515289307
6.76622998714447
6.766277432441711
6.753666520118713
6.753767490386963
6.7538169622421265
6.753867030143738
6.753915548324585
6.753963470458984
6.7540119886398315
6.754058480262756
7.258755445480347
7.258815050125122
7.258864402770996
7.258915424346924
7.258963465690613
7.259010553359985
7.259060978889465
7.259106516838074
7.223241448402405
7.223302483558655
7.2233535051345825
7.223406434059143
7.223456978797913
7.223507046699524
7.223559498786926
7.223609447479248
7.201053023338318
7.201110005378723
7.201160430908203
7.201212048530579
7.201261043548584
7.201310038566589
7.201359987258911
7.201406478881836
7.194643974304199
7.194704055786133
7.194753527641296
7.194805026054382
7.194854497909546
7.194904088973999
7.194953441619873
7.195000052452087
7.3390151262283325
7.3390796184539795
7.339135646820068
7.339190125465393
7.339242577552795
7.3392956256866455
7.339349627494812
7.339398622512817
7.294654965400696
7.294716477394104
7.294767498970032
7.294827580451965
7.2948784828186035
7.294928431510925
7.294980525970459
7.295027494430542
7.291794538497925
7.291856050491333
7.2919065952301025
7.291958928108215
7.2920085191726685
7.292057037353516
7.292106986045837
7.292153477668762
7.242624878883362
7.242685437202454
7.242735385894775
7.242787003517151
7.2428364753723145
7.242884397506714
7.24293851852417
7.242984890937805
7.29847252368927
7.298531532287598
7.298579573631287
7.298632025718689
7.298681020736694
7.298729062080383
7.298778057098389
7.298822999000549
7.242051482200623
7.24211049079895
7.242159008979797
7.242210030555725
7.242261528968811
7.2423094511032104
7.242358446121216
7.242403030395508
7.212867975234985
7.212928533554077
7.212978005409241
7.213029980659485
7.213079929351807
7.213128566741943
7.213177561759949
7.21322238445282
7.172100067138672
7.1721720695495605
7.172216534614563
7.172263503074646
7.172333478927612
7.17240297794342
7.172455549240112
7.172520995140076
7.103525996208191
7.103599905967712
7.10365104675293
7.1036964654922485
7.103754997253418
7.103816390037537
7.103863477706909
7.103905439376831
7.201910972595215
7.2019665241241455
7.202029585838318
7.202081084251404
7.202125072479248
7.202168107032776
7.202229976654053
7.2022705078125
7.155564069747925
7.155624985694885
7.155675411224365
7.155727028846741
7.155775427818298
7.155823469161987
7.155879974365234
7.1559319496154785
7.093071460723877
7.093131065368652
7.09317946434021
7.0932300090789795
7.0932780504226685
7.093342542648315
7.093422055244446
7.093466520309448
7.0546064376831055
7.0546770095825195
7.05473256111145
7.054793000221252
7.054855465888977
7.054947018623352
7.055011034011841
7.055090427398682
7.045500040054321
7.045564532279968
7.045616984367371
7.045672059059143
7.045724511146545
7.045787572860718
7.045843601226807
7.045894503593445
7.413434386253357
7.413496971130371
7.413548946380615
7.413604974746704
7.413656949996948
7.413708448410034
7.413762450218201
7.4138123989105225
7.41757345199585
7.41763699054718
7.417688846588135
7.417744874954224
7.417796492576599
7.417849898338318
7.417901992797852
7.417949438095093
7.367879033088684
7.367946982383728
7.368002533912659
7.368059158325195
7.368111491203308
7.3681640625
7.368218541145325
7.368268609046936
7.350192904472351
7.35025942325592
7.3503135442733765
7.350370407104492
7.3504239320755005
7.350480437278748
7.350536942481995
7.350587368011475
7.33420991897583
7.334275007247925
7.3343284130096436
7.334384441375732
7.3344374895095825
7.334496021270752
7.3345489501953125
7.334598422050476
7.136855959892273
7.136920928955078
7.136974334716797
7.137044429779053
7.137098908424377
7.137150406837463
7.137203931808472
7.137253999710083
7.0968300104141235
7.096895456314087
7.096949458122253
7.097005486488342
7.097061038017273
7.0971150398254395
7.097169518470764
7.0972195863723755
7.146822452545166
7.1468905210494995
7.146949052810669
7.1470054388046265
7.14705753326416
7.1471089124679565
7.147161960601807
7.14721155166626
7.480968594551086
7.481036067008972
7.481090545654297
7.481147527694702
7.4812010526657104
7.4812541007995605
7.481308102607727
7.481357574462891
7.439661502838135
7.43972647190094
7.439781069755554
7.4398369789123535
7.439893007278442
7.439948916435242
7.440005540847778
7.440056562423706
7.462058067321777
7.4621241092681885
7.462177991867065
7.462234020233154
7.462288498878479
7.462341547012329
7.462396025657654
7.462446093559265
7.40712308883667
7.407188534736633
7.407241463661194
7.407296061515808
7.407348036766052
7.407400608062744
7.407455563545227
7.407505989074707
7.359998941421509
7.36006498336792
7.360127925872803
7.360185503959656
7.360243082046509
7.360300421714783
7.360358476638794
7.360411047935486
7.313288927078247
7.313354969024658
7.313410043716431
7.3134695291519165
7.313524961471558
7.313578009605408
7.313635945320129
7.313687443733215
7.339941501617432
7.340008020401001
7.3400620222091675
7.340120434761047
7.340174913406372
7.34022843837738
7.340283513069153
7.340343475341797
7.300570487976074
7.300663471221924
7.3007224798202515
7.300779938697815
7.30083441734314
7.300889492034912
7.300946474075317
7.3009984493255615
7.410490036010742
7.410559415817261
7.41061544418335
7.410676002502441
7.4107314348220825
7.410817980766296
7.410879492759705
7.410933017730713
7.356403946876526
7.356470942497253
7.356525421142578
7.356581449508667
7.356634855270386
7.35668683052063
7.356772422790527
7.356882333755493
7.945181965827942
7.945245385169983
7.945299863815308
7.9453593492507935
7.9454134702682495
7.945467472076416
7.945522904396057
7.945573449134827
7.886960506439209
7.887020945549011
7.887072443962097
7.887126564979553
7.887185454368591
7.887238025665283
7.887292504310608
7.887341499328613
7.8458579778671265
7.845918416976929
7.845970988273621
7.8460304737091064
7.846083879470825
7.846140384674072
7.846197009086609
7.846248388290405
7.8085784912109375
7.808641076087952
7.808695077896118
7.808753490447998
7.808807015419006
7.80885910987854
7.808949112892151
7.80900251865387
7.895743489265442
7.89580512046814
7.895856618881226
7.895912528038025
7.895965099334717
7.896016597747803
7.896070957183838
7.896121025085449
7.839956045150757
7.84001898765564
7.84007203578949
7.840129017829895
7.840182423591614
7.840234041213989
7.840289950370789
7.840340495109558
7.781369566917419
7.781429648399353
7.781482100486755
7.781540036201477
7.7815940380096436
7.781657457351685
7.781718969345093
7.781768083572388
7.846486449241638
7.846552491188049
7.846602916717529
7.8466575145721436
7.8467090129852295
7.846758961677551
7.846809983253479
7.846856355667114
7.799725413322449
7.79978346824646
7.799833536148071
7.799887418746948
7.799941539764404
7.799991965293884
7.800046443939209
7.800094485282898
7.928585529327393
7.928643584251404
7.928693652153015
7.9287461042404175
7.928816080093384
7.928869605064392
7.928920030593872
7.928966999053955
8.001423120498657
8.001481056213379
8.001535058021545
8.001589059829712
8.001639008522034
8.001688480377197
8.001739621162415
8.001786470413208
7.95714545249939
7.957203984260559
7.957254886627197
7.957308411598206
7.957358479499817
7.957408428192139
7.957459449768066
7.957506537437439
7.905412077903748
7.905469536781311
7.905518651008606
7.905570149421692
7.9056196212768555
7.905667543411255
7.905718088150024
7.905764698982239
7.86498749256134
7.865047574043274
7.865161061286926
7.86522102355957
7.86527419090271
7.865325689315796
7.865378141403198
7.865427613258362
7.992610931396484
7.99267303943634
7.992725491523743
7.9927815198898315
7.992833495140076
7.992884993553162
7.9929375648498535
7.9929856061935425
7.973729848861694
7.9737913608551025
7.973843336105347
7.97389829158783
7.97395384311676
7.974005818367004
7.9740588665008545
7.974107384681702
7.9393709897994995
7.939432501792908
7.939485549926758
7.939540982246399
7.9395939111709595
7.939646005630493
7.939699411392212
7.9397488832473755
8.018702983856201
8.018765091896057
8.018815040588379
8.018869042396545
8.018924474716187
8.018975019454956
8.019025921821594
8.019073963165283
8.083430051803589
8.083489537239075
8.083540081977844
8.083593487739563
8.083644986152649
8.083694577217102
8.08374547958374
8.083793044090271
7.938373446464539
7.938435435295105
7.938487529754639
7.938542008399963
7.938593506813049
7.938643932342529
7.938696980476379
7.938745975494385
7.897951006889343
7.898013591766357
7.89806604385376
7.8981205224990845
7.89817202091217
7.898225545883179
7.898282527923584
7.898331522941589
7.98872447013855
7.988783478736877
7.988833904266357
7.9888904094696045
7.988942503929138
7.988994002342224
7.989048004150391
7.98909592628479
7.957350492477417
7.957413554191589
7.957469940185547
7.957525968551636
7.95757794380188
7.957630515098572
7.9576839208602905
7.957733988761902
7.899181008338928
7.899244070053101
7.899296045303345
7.899351954460144
7.899403929710388
7.899455547332764
7.8995115756988525
7.8995620012283325
8.258349537849426
8.258408546447754
8.258458495140076
8.258512020111084
8.258561491966248
8.258610963821411
8.25866150856018
8.258708596229553
8.194411039352417
8.194468975067139
8.194518446922302
8.194571495056152
8.194620966911316
8.19467008113861
8.194721102714539
8.194767951965332
8.303727507591248
8.303783535957336
8.303831458091736
8.30388355255127
8.303932070732117
8.303979992866516
8.304030537605286
8.304076433181763
8.245294094085693
8.24537444114685
8.245425581932068
8.245481014251709
8.245536923408508
8.24560558795929
8.245661616325378
8.245710015296936
8.185980916023254
8.186037063598633
8.186084389686584
8.186138033866882
8.186197996139526
8.186246037483215
8.18629503250122
8.186341047286987
8.243857026100159
8.243914008140564
8.243962526321411
8.244019031524658
8.244066953659058
8.244115471839905
8.244165062904358
8.244232535362244
8.193419575691223
8.19347608089447
8.193525433540344
8.193579077720642
8.193628549575806
8.193678498268127
8.193729519844055
8.193776607513428
8.135877013206482
8.135934948921204
8.135988473892212
8.136041045188904
8.136088967323303
8.136137962341309
8.13618803024292
8.136233448982239
8.05242645740509
8.052484512329102
8.052533984184265
8.052587985992432
8.052638530731201
8.052688598632812
8.05274212360382
8.05279004573822
7.9947749376297
7.994832396507263
7.9948813915252686
7.994933485984802
7.994982004165649
7.995030403137207
7.99507999420166
7.995124936103821
7.932531118392944
7.932585000991821
7.93263304233551
7.93268358707428
7.932732105255127
7.93277907371521
7.932877540588379
7.93293297290802
7.870649456977844
7.870705485343933
7.870752930641174
7.87080454826355
7.870851993560791
7.870899438858032
7.870947957038879
7.8710548877716064
7.9842469692230225
7.984300971031189
7.984349012374878
7.98440146446228
7.984454989433289
7.9845030307769775
7.984552502632141
7.984598994255066
7.930159568786621
7.9302181005477905
7.9302674531936646
7.9303200244903564
7.930369019508362
7.930418491363525
7.930469989776611
7.930517077445984
7.873322486877441
7.87340235710144
7.873454451560974
7.873509407043457
7.873559474945068
7.873608469963074
7.873658537864685
7.873704433441162
8.736183404922485
8.7362380027771
8.736284971237183
8.736332535743713
8.736388921737671
8.736437439918518
8.736488461494446
8.736533999443054
8.673061966896057
8.673118472099304
8.673166990280151
8.673217535018921
8.673265933990479
8.67331349849701
8.673362970352173
8.673408389091492
8.623734951019287
8.623794436454773
8.623844981193542
8.623894929885864
8.623944520950317
8.623993515968323
8.624047994613647
8.62409496307373
8.549315810203552
8.549415946006775
8.549468874931335
8.549520373344421
8.549633383750916
8.549690961837769
8.549743413925171
8.549791932106018
8.648539066314697
8.648598670959473
8.648648619651794
8.648699045181274
8.648748993873596
8.648798108100891
8.648848176002502
8.648902654647827
8.595478057861328
8.59557044506073
8.595623970031738
8.59567654132843
8.595727443695068
8.595778465270996
8.595835566520691
8.595884919166565
8.535135984420776
8.535194039344788
8.535243511199951
8.535293459892273
8.5353444814682
8.535392999649048
8.535444021224976
8.535490989685059
9.067483067512512
9.067540526390076
9.067588448524475
9.067638993263245
9.067689061164856
9.067734956741333
9.06778597831726
9.067832589149475
8.99842357635498
8.998482465744019
8.998533487319946
8.998584985733032
8.998637080192566
8.998684525489807
8.998738527297974
8.99878704547882
8.949102997779846
8.949161529541016
8.949211478233337
8.949261903762817
8.949311971664429
8.949358940124512
8.94940996170044
8.94945740699768
8.994691967964172
8.994751572608948
8.99480152130127
8.994851469993591
8.994901895523071
8.994949460029602
8.995001912117004
8.995048999786377
8.947615027427673
8.947675466537476
8.947726488113403
8.94777798652649
8.947829484939575
8.947877526283264
8.947930932044983
8.947980046272278
9.266624450683594
9.266682386398315
9.266731977462769
9.266782879829407
9.266833543777466
9.266880512237549
9.26693594455719
9.266984462738037
9.335249543190002
9.335309982299805
9.33536696434021
9.335418939590454
9.335470914840698
9.335520029067993
9.335600972175598
9.335662484169006
9.275728940963745
9.275789499282837
9.275848388671875
9.275904893875122
9.27595579624176
9.276024341583252
9.27608835697174
9.27613890171051
9.136983036994934
9.137042999267578
9.137094497680664
9.137145519256592
9.137195944786072
9.137243032455444
9.13729453086853
9.13734257221222
9.39128303527832
9.391340494155884
9.391390442848206
9.391442060470581
9.391492486000061
9.391539573669434
9.391590476036072
9.391638040542603
9.346644639968872
9.346705555915833
9.346757054328918
9.346819043159485
9.346869468688965
9.346917629241943
9.346970558166504
9.347018599510193
9.02410101890564
9.024160504341125
9.02423906326294
9.0242919921875
9.024349451065063
9.024397492408752
9.024450063705444
9.024497985839844
9.001682996749878
9.001755595207214
9.001809477806091
9.001861929893494
9.001914024353027
9.001962542533875
9.002014517784119
9.002063512802124
8.886858105659485
8.88691759109497
8.886968493461609
8.887020111083984
8.887072086334229
8.887120604515076
8.88717246055603
8.887245059013367
8.839142441749573
8.839202404022217
8.839253425598145
8.839305877685547
8.839356422424316
8.839403986930847
8.839455366134644
8.839502334594727
9.209031105041504
9.209112524986267
9.209172010421753
9.20922601222992
9.209278583526611
9.209328055381775
9.209385514259338
9.209434509277344
9.098286509513855
9.09834611415863
9.09839653968811
9.098448514938354
9.098499536514282
9.098546981811523
9.098604083061218
9.098652601242065
9.040831565856934
9.040892601013184
9.040944457054138
9.041029453277588
9.041125059127808
9.041179060935974
9.041234493255615
9.041283965110779
8.983465552330017
8.983529925346375
8.983578562736511
8.983628988265991
8.983677506446838
8.983723998069763
8.983774542808533
8.983842492103577
8.925051093101501
8.925109148025513
8.92515754699707
8.92520809173584
8.925257086753845
8.92530357837677
8.925354599952698
8.925400972366333
8.886851072311401
8.886911511421204
8.886962532997131
8.887014508247375
8.887065529823303
8.887115478515625
8.887167572975159
8.887215614318848
9.110374331474304
9.110432982444763
9.110483407974243
9.110534906387329
9.11058497428894
9.110641956329346
9.11069643497467
9.110745906829834
9.141122460365295
9.14118492603302
9.141240000724792
9.141292452812195
9.141345977783203
9.141395449638367
9.141449451446533
9.141498923301697
8.801687479019165
8.801748514175415
8.80180048942566
8.801854014396667
8.801907062530518
8.801956057548523
8.802009105682373
8.802058100700378
9.056632995605469
9.056689977645874
9.056739449501038
9.05679440498352
9.056846499443054
9.056892991065979
9.056952953338623
9.056999921798706
9.04528260231018
9.04534101486206
9.045391082763672
9.045442938804626
9.045493483543396
9.045541048049927
9.045593023300171
9.045640468597412
8.993874549865723
8.993932485580444
8.993981003761292
8.994031548500061
8.9940824508667
8.994128465652466
8.994179010391235
8.994226574897766
8.946043491363525
8.946101069450378
8.946162581443787
8.946213006973267
8.9462651014328
8.946312069892883
8.946362972259521
8.946409463882446
8.890501499176025
8.89055848121643
8.890607953071594
8.890762448310852
8.890826940536499
8.890877366065979
8.890934467315674
8.890982985496521
9.270080089569092
9.2701416015625
9.270191669464111
9.270244002342224
9.270294666290283
9.270341634750366
9.270394086837769
9.2704416513443
9.06539797782898
9.065457582473755
9.065549492835999
9.065603494644165
9.065656542778015
9.065703988075256
9.065756559371948
9.065804481506348
9.007362961769104
9.007421970367432
9.007472515106201
9.007522940635681
9.00757348537445
9.007620453834534
9.007677912712097
9.007727026939392
8.958927512168884
8.958985090255737
8.9590345621109
8.959084630012512
8.959137558937073
8.959184050559998
8.959234595298767
8.959281086921692
9.18816590309143
9.188224911689758
9.188275456428528
9.18832790851593
9.18837833404541
9.1884263753891
9.188487887382507
9.188538908958435
9.146113991737366
9.146173357963562
9.14622449874878
9.146275997161865
9.146326422691345
9.146374464035034
9.14642596244812
9.14647352695465
9.084033966064453
9.084092855453491
9.084142923355103
9.084194421768188
9.084244012832642
9.084291458129883
9.084343433380127
9.084391951560974
9.0201735496521
9.02022910118103
9.02027702331543
9.020325660705566
9.020374655723572
9.020419597625732
9.020469069480896
9.020514130592346
8.960850477218628
8.960904479026794
8.960949420928955
8.96099603176117
8.961042046546936
8.961085438728333
8.96113646030426
8.961179971694946
9.25563097000122
9.255684971809387
9.255729913711548
9.255775451660156
9.255821466445923
9.25586450099945
9.25590991973877
9.25595247745514
9.193933486938477
9.193996548652649
9.194059014320374
9.194123983383179
9.194184064865112
9.194236993789673
9.194300055503845
9.194342136383057
9.134296894073486
9.134358882904053
9.134404420852661
9.134450316429138
9.134496450424194
9.13453996181488
9.134585976600647
9.134628891944885
9.735951542854309
9.736007452011108
9.736055970191956
9.736106038093567
9.736154437065125
9.736200451850891
9.73624849319458
9.736294507980347
9.692395567893982
9.692455053329468
9.692505478858948
9.69255793094635
9.692610025405884
9.692662119865417
9.69271206855774
9.692759037017822
9.630511999130249
9.630570530891418
9.630620002746582
9.630670428276062
9.630719423294067
9.630764961242676
9.630813479423523
9.630859017372131
9.704062581062317
9.704118609428406
9.704167604446411
9.704216599464417
9.704265594482422
9.704312086105347
9.704359650611877
9.704405069351196
9.643182039260864
9.643240094184875
9.643288493156433
9.643337965011597
9.643387079238892
9.643432140350342
9.643481969833374
9.64352798461914
9.856788396835327
9.856845498085022
9.856893420219421
9.85694146156311
9.85698938369751
9.857033967971802
9.857079982757568
9.857123970985413
9.736849069595337
9.73690402507782
9.736952543258667
9.737001061439514
9.737049102783203
9.737094640731812
9.737143158912659
9.73718798160553
9.754944086074829
9.754998087882996
9.755048036575317
9.755094528198242
9.755141019821167
9.755184531211853
9.75523054599762
9.755274176597595
9.609251379966736
9.609308958053589
9.609356045722961
9.609414458274841
9.60946238040924
9.609506368637085
9.609553456306458
9.609598398208618
9.641394019126892
9.641449451446533
9.641494989395142
9.641541004180908
9.641587972640991
9.641631007194519
9.641676425933838
9.641718983650208
9.581079006195068
9.581136584281921
9.581185460090637
9.581254959106445
9.581310033798218
9.5813570022583
9.581405520439148
9.581451535224915
9.523255586624146
9.52331256866455
9.52336049079895
9.5234135389328
9.523463606834412
9.523521423339844
9.523568987846375
9.5236154794693
9.481626033782959
9.481684565544128
9.481735467910767
9.4817875623703
9.4818434715271
9.481891989707947
9.48194694519043
9.481994986534119
9.82937204837799
9.82943058013916
9.829480528831482
9.829532980918884
9.829584002494812
9.829632043838501
9.82968258857727
9.829730033874512
9.79041063785553
9.790471076965332
9.790525078773499
9.790579080581665
9.790632128715515
9.790682077407837
9.79073417186737
9.790783047676086
9.734484076499939
9.734545469284058
9.734597563743591
9.73465096950531
9.734702944755554
9.734752416610718
9.734804511070251
9.734853029251099
9.659300446510315
9.6593599319458
9.659409999847412
9.659462451934814
9.659514427185059
9.659562468528748
9.659612536430359
9.659662961959839
9.749234080314636
9.749290466308594
9.749340057373047
9.749391436576843
9.749441981315613
9.749489426612854
9.749542593955994
9.749589562416077
9.794669508934021
9.794728398323059
9.794778943061829
9.794829964637756
9.794880032539368
9.794926881790161
9.79497492313385
9.795021414756775
9.726861953735352
9.726916313171387
9.726964831352234
9.727015495300293
9.727065920829773
9.72711193561554
9.72715950012207
9.727205395698547
9.593510508537292
9.593577980995178
9.59363043308258
9.593685030937195
9.593736052513123
9.593783974647522
9.593833088874817
9.593879580497742
9.54180896282196
9.541867971420288
9.541918992996216
9.541982889175415
9.542046546936035
9.542096853256226
9.542150020599365
9.542197942733765
9.488006472587585
9.48807406425476
9.488125562667847
9.488182544708252
9.488239526748657
9.488287091255188
9.488337516784668
9.48838496208191
9.428738594055176
9.428796529769897
9.428846955299377
9.428914904594421
9.428978443145752
9.429028511047363
9.429078936576843
9.429126977920532
9.79908549785614
9.799145936965942
9.799197435379028
9.799250364303589
9.799317836761475
9.799378395080566
9.799507021903992
9.799591422080994
9.750465035438538
9.750528454780579
9.750582456588745
9.75063705444336
9.750691533088684
9.75074303150177
9.750795006752014
9.750845551490784
9.700278997421265
9.700339436531067
9.700392007827759
9.700445532798767
9.700518608093262
9.700582504272461
9.700637459754944
9.700688004493713
9.651375532150269
9.651436567306519
9.651488900184631
9.651542067527771
9.651593446731567
9.65164303779602
9.651694059371948
9.651741981506348
10.015597581863403
10.01565957069397
10.015715479850769
10.015768051147461
10.015819072723389
10.015867590904236
10.015917658805847
10.015965104103088
9.956049919128418
9.956108927726746
9.956159472465515
9.956215381622314
9.956265926361084
9.956313490867615
9.956363439559937
9.95641040802002
9.898911595344543
9.898970007896423
9.899019598960876
9.899071097373962
9.899121522903442
9.899169087409973
9.899218559265137
9.899265050888062
9.837808966636658
9.837867379188538
9.837917923927307
9.837969303131104
9.83802044391632
9.838068008422852
9.83811640739441
9.83816385269165
9.781522035598755
9.781586050987244
9.78163754940033
9.78169047832489
9.781741499900818
9.781791090965271
9.781843066215515
9.781891107559204
9.73957645893097
9.739642977714539
9.73970651626587
9.739761471748352
9.739819526672363
9.739869475364685
9.739919543266296
9.739967584609985
9.703393578529358
9.703505516052246
9.703561544418335
9.703617453575134
9.703670501708984
9.703721046447754
9.703777074813843
9.703827023506165
9.644872426986694
9.644932985305786
9.644984483718872
9.645036935806274
9.645095467567444
9.645143508911133
9.645192980766296
9.645241022109985
9.994179487228394
9.994236946105957
9.994285464286804
9.994335055351257
9.994383573532104
9.994429469108582
9.994477987289429
9.994523406028748
9.934316039085388
9.934368968009949
9.934414982795715
9.93446147441864
9.934508085250854
9.934551000595093
9.934595584869385
9.934638023376465
9.874019145965576
9.874072074890137
9.87413501739502
9.874175548553467
9.87422800064087
9.874296069145203
9.874355554580688
9.874413013458252
10.262386441230774
10.262459516525269
10.262505888938904
10.26257598400116
10.262627959251404
10.262694001197815
10.262745380401611
10.262789011001587
10.233028888702393
10.233092427253723
10.233146905899048
10.23320198059082
10.233255982398987
10.233306527137756
10.233358979225159
10.233409523963928
10.177429437637329
10.177490949630737
10.177542567253113
10.177605509757996
10.177657008171082
10.177706003189087
10.177785038948059
10.17784059047699
10.117573499679565
10.117638945579529
10.117690443992615
10.117743492126465
10.117793440818787
10.11784040927887
10.117891430854797
10.11793851852417
10.072370409965515
10.072435855865479
10.072486400604248
10.072538375854492
10.072589874267578
10.072637915611267
10.072687864303589
10.072736978530884
10.034878492355347
10.034940004348755
10.034992933273315
10.03504753112793
10.035101056098938
10.035223960876465
10.035313487052917
10.035367965698242
9.979060053825378
9.97915005683899
9.979206085205078
9.979265570640564
9.979318022727966
9.979366064071655
9.979417562484741
9.97946560382843
9.920943975448608
9.92100191116333
9.921051383018494
9.921100974082947
9.921150922775269
9.921197414398193
9.92124593257904
9.921291947364807
10.266827940940857
10.266881465911865
10.266928911209106
10.26697850227356
10.267026901245117
10.267071843147278
10.267119407653809
10.26716434955597
10.21850311756134
10.218561053276062
10.218611598014832
10.218663573265076
10.218713641166687
10.21876060962677
10.218809962272644
10.218857049942017
10.234774947166443
10.234834909439087
10.234895467758179
10.245754957199097
10.245824456214905
10.24799644947052
10.24865448474884
10.24879801273346
10.197304010391235
10.197365999221802
10.197418451309204
10.197470903396606
10.197522521018982
10.197571516036987
10.197622537612915
10.197670459747314
10.148292541503906
10.148351430892944
10.148402571678162
10.148454070091248
10.148504495620728
10.148552536964417
10.14860200881958
10.148650050163269
10.395054578781128
10.395114541053772
10.395166158676147
10.395219087600708
10.39529812335968
10.395355582237244
10.395411014556885
10.395461082458496
10.332880973815918
10.332942008972168
10.33299446105957
10.33304750919342
10.333101511001587
10.333150386810303
10.333201050758362
10.33324944972992
10.295742154121399
10.295802116394043
10.295854568481445
10.295920610427856
10.29597806930542
10.29602861404419
10.296082019805908
10.296132564544678
10.243061065673828
10.243160486221313
10.243262529373169
10.24332308769226
10.243381977081299
10.243433594703674
10.243485450744629
10.24353551864624
10.186606049537659
10.186736464500427
10.186794519424438
10.186853051185608
10.18690800666809
10.186957597732544
10.187011003494263
10.187081098556519
10.144869327545166
10.144943952560425
10.144998908042908
10.145052909851074
10.145107865333557
10.145184516906738
10.145268440246582
10.145324349403381
10.186362981796265
10.186424374580383
10.186476469039917
10.186529397964478
10.186583995819092
10.18665885925293
10.186716437339783
10.186767935752869
10.128934502601624
10.129054427146912
10.129117012023926
10.129195928573608
10.129257440567017
10.129308819770813
10.129365921020508
10.12941598892212
10.30944049358368
10.309499025344849
10.309549450874329
10.309601068496704
10.309651970863342
10.309699535369873
10.309748530387878
10.309796571731567
10.422702074050903
10.42275846004486
10.42281448841095
10.422864556312561
10.422913551330566
10.422959923744202
10.423007607460022
10.42305302619934
10.360899448394775
10.360955953598022
10.361003518104553
10.361052513122559
10.361101508140564
10.361146569252014
10.361195087432861
10.361240029335022
10.313727021217346
10.31378710269928
10.313838124275208
10.313888549804688
10.313938617706299
10.313985586166382
10.314036011695862
10.314082980155945
10.255658507347107
10.255712509155273
10.255759954452515
10.2558114528656
10.255859971046448
10.255905508995056
10.255954623222351
10.256000518798828
10.619242548942566
10.619300603866577
10.61935007572174
10.61940050125122
10.619449973106384
10.619497060775757
10.619545578956604
10.619591474533081
10.56086552143097
10.560921549797058
10.560970544815063
10.561020493507385
10.561070084571838
10.561116099357605
10.561163544654846
10.561209559440613
10.703968405723572
10.704026460647583
10.704076051712036
10.704127430915833
10.704177021980286
10.704222917556763
10.704275488853455
10.704321503639221
10.644744992256165
10.644802570343018
10.644852042198181
10.644901514053345
10.644949913024902
10.64499545097351
10.645041942596436
10.645087003707886
10.587698936462402
10.587754964828491
10.58780300617218
10.587852478027344
10.587900996208191
10.587945938110352
10.587992429733276
10.588036894798279
10.544286966323853
10.544345498085022
10.544399619102478
10.544450998306274
10.544500589370728
10.544547438621521
10.544596552848816
10.544643521308899
10.495924472808838
10.495984077453613
10.4960355758667
10.496091485023499
10.496142029762268
10.496190547943115
10.496240139007568
10.49628758430481
10.436147928237915
10.436203956604004
10.436254501342773
10.43630599975586
10.43635642528534
10.436404466629028
10.436453461647034
10.436500906944275
10.69303846359253
10.693095088005066
10.693144083023071
10.693194508552551
10.693244576454163
10.693291068077087
10.693339943885803
10.69338595867157
10.635350465774536
10.635406494140625
10.635454893112183
10.635504603385925
10.635553479194641
10.635599493980408
10.63564646244049
10.6356920003891
10.576058983802795
10.5761159658432
10.576164960861206
10.576213955879211
10.576266884803772
10.576312899589539
10.576364994049072
10.576409935951233
10.811941027641296
10.811996102333069
10.812044024467468
10.812092542648315
10.812140583992004
10.812186002731323
10.812232613563538
10.812277555465698
10.769660949707031
10.76974105834961
10.769806981086731
10.76986300945282
10.769915461540222
10.76996397972107
10.770014524459839
10.770081520080566
10.726547956466675
10.72660744190216
10.726659893989563
10.726712346076965
10.72676396369934
10.726812362670898
10.726861953735352
10.726913928985596
10.66698706150055
10.667046070098877
10.667096018791199
10.667147040367126
10.66719651222229
10.667243003845215
10.667291522026062
10.667338013648987
10.611373543739319
10.61143147945404
10.61148202419281
10.611534118652344
10.611584544181824
10.611631989479065
10.611685514450073
10.611733078956604
10.745200991630554
10.745257496833801
10.745306968688965
10.745357513427734
10.745407581329346
10.745454549789429
10.745503067970276
10.7455495595932
10.686129927635193
10.686185956001282
10.686234951019287
10.68628442287445
10.686333537101746
10.686379551887512
10.686426997184753
10.68647301197052
10.626577973365784
10.626635909080505
10.626685976982117
10.62673532962799
10.626783847808838
10.626830458641052
10.6268789768219
10.626924872398376
10.793266415596008
10.793323993682861
10.793373465538025
10.793422937393188
10.793471932411194
10.7935209274292
10.793580532073975
10.793639421463013
10.743150472640991
10.743209481239319
10.743259906768799
10.743311524391174
10.74336302280426
10.743410468101501
10.743459463119507
10.743507027626038
11.35507082939148
11.355131387710571
11.35518193244934
11.355230927467346
11.355281472206116
11.355329990386963
11.355382919311523
11.355430960655212
11.337792992591858
11.337850570678711
11.337904572486877
11.337952971458435
11.338003516197205
11.338051438331604
11.338101029396057
11.33814799785614
11.282916069030762
11.282974481582642
11.283023953437805
11.283071517944336
11.28312063217163
11.283166527748108
11.283215522766113
11.283262491226196
11.270574927330017
11.270631909370422
11.270680904388428
11.270727396011353
11.270775437355042
11.270821452140808
11.270869493484497
11.270915985107422
11.598657608032227
11.59871256351471
11.598760962486267
11.598806977272034
11.598855018615723
11.598899960517883
11.598949074745178
11.598995089530945
11.598881363868713
11.598938941955566
11.598991513252258
11.599038004875183
11.59908640384674
11.599132418632507
11.599180459976196
11.599226474761963
11.542926907539368
11.54299545288086
11.543047070503235
11.54309606552124
11.543145537376404
11.543192028999329
11.543241500854492
11.543288111686707
11.522031426429749
11.522090315818787
11.522141456604004
11.522189855575562
11.52224087715149
11.522288918495178
11.522341012954712
11.522388339042664
11.605031490325928
11.60509443283081
11.605148434638977
11.605200409889221
11.605253338813782
11.605304479598999
11.605357885360718
11.605409860610962
11.548613548278809
11.548675060272217
11.548728585243225
11.548779010772705
11.548832535743713
11.548882961273193
11.54896855354309
11.549026012420654
11.489187002182007
11.489248871803284
11.489300966262817
11.489349961280823
11.48940646648407
11.489454984664917
11.489506363868713
11.489555478096008
11.445646047592163
11.445705533027649
11.445757031440735
11.445804476737976
11.445855498313904
11.445902943611145
11.445955395698547
11.446003437042236
11.424431920051575
11.42449140548706
11.424542903900146
11.42461884021759
11.424680352210999
11.424750924110413
11.424806952476501
11.424855470657349
11.380952000617981
11.381009459495544
11.381059885025024
11.381106972694397
11.38115644454956
11.381202936172485
11.381253480911255
11.38129997253418
11.293911933898926
11.293965458869934
11.2940114736557
11.294055461883545
11.294100880622864
11.294143915176392
11.294190049171448
11.294233441352844
11.400695562362671
11.400756478309631
11.400810480117798
11.400861501693726
11.400913953781128
11.40096390247345
11.401021480560303
11.401071548461914
11.349668502807617
11.34972894191742
11.34978199005127
11.349833011627197
11.349884986877441
11.349934935569763
11.349987506866455
11.350037455558777
11.997184872627258
11.997243404388428
11.997294902801514
11.997343897819519
11.997395396232605
11.997444868087769
11.99749743938446
11.997546434402466
12.028918027877808
12.028975129127502
12.029025077819824
12.029072999954224
12.0291246175766
12.02917206287384
12.029222130775452
12.029269576072693
11.991716861724854
11.991773962974548
11.991825461387634
11.991873383522034
11.991924405097961
11.99197244644165
11.992022395133972
11.992069840431213
11.968186497688293
11.968241572380066
11.96829354763031
11.968340516090393
11.968389630317688
11.968435049057007
11.968484163284302
11.968528985977173
11.967808961868286
11.96786344051361
11.96791136264801
11.967957496643066
11.968005537986755
11.968050479888916
11.968098521232605
11.968142986297607
11.974713563919067
11.974765062332153
11.97481107711792
11.974854946136475
11.97490108013153
11.974944949150085
11.9749915599823
11.975035548210144
12.014852523803711
12.01490843296051
12.014958381652832
12.015006422996521
12.01505696773529
12.015105962753296
12.015156984329224
12.015206456184387
11.97409439086914
11.974153876304626
11.974206447601318
11.974256873130798
11.974310398101807
11.974360346794128
11.97441279888153
11.974462866783142
11.98529589176178
11.985353946685791
11.985421419143677
11.985479474067688
11.985532402992249
11.985581517219543
11.985634922981262
11.98568344116211
11.958794474601746
11.958850026130676
11.95892345905304
11.95897388458252
11.959027886390686
11.959075450897217
11.959126472473145
11.959173440933228
12.035942435264587
12.035996913909912
12.036046028137207
12.03609299659729
12.036142468452454
12.036189556121826
12.03623902797699
12.036285996437073
11.98454737663269
11.984602928161621
11.98465645313263
11.984712481498718
11.984783411026001
11.984830498695374
11.984880924224854
11.984927415847778
11.927011966705322
11.927067041397095
11.927114486694336
11.92716097831726
11.927210450172424
11.92725694179535
11.927305459976196
11.92735207080841
11.935365915298462
11.935420513153076
11.935468912124634
11.935515880584717
11.935565948486328
11.935611963272095
11.935661435127258
11.935707449913025
12.000257968902588
12.00031304359436
12.000362038612366
12.000407576560974
12.000462055206299
12.000507950782776
12.000556945800781
12.000625014305115
11.974803566932678
11.974858045578003
11.974905490875244
11.9749516248703
11.9749995470047
11.975045084953308
11.975093603134155
11.975139141082764
11.924366474151611
11.924419045448303
11.92446756362915
11.924514055252075
11.924564003944397
11.924610137939453
11.92465853691101
11.924704551696777
11.893192529678345
11.893250465393066
11.893301963806152
11.893350481987
11.893402099609375
11.89345097541809
11.89350140094757
11.893550038337708
11.914276003837585
11.914335489273071
11.914387583732605
11.914438128471375
11.914491534233093
11.914541482925415
11.914594054222107
11.914644598960876
11.857463002204895
11.857522010803223
11.857632517814636
11.857699990272522
11.857755541801453
11.8578280210495
11.857890009880066
11.8579421043396
11.827452063560486
11.827509641647339
11.827560067176819
11.827609539031982
11.827661037445068
11.827709555625916
11.827761054039001
11.827809572219849
11.7921644449234
11.792221546173096
11.792273044586182
11.792321562767029
11.792373538017273
11.792420506477356
11.792470574378967
11.79251754283905
11.751438021659851
11.751501441001892
11.751551032066345
11.751598000526428
11.751646995544434
11.751693487167358
11.751770496368408
11.751824021339417
11.690793991088867
11.690858483314514
11.690908432006836
11.690956473350525
11.691006422042847
11.69105350971222
11.691104531288147
11.69115149974823
11.959149956703186
11.959204912185669
11.959257960319519
11.959304451942444
11.959355354309082
11.959401845932007
11.959450960159302
11.959496974945068
12.027012586593628
12.027069091796875
12.027141571044922
12.027193546295166
12.032509088516235
12.032579183578491
12.032638549804688
12.041933059692383
11.998338460922241
11.998395919799805
11.998446941375732
11.998495936393738
11.998547434806824
11.998595952987671
11.998647451400757
11.998696446418762
11.9404935836792
11.94054901599884
11.9405996799469
11.940648198127747
11.94070017337799
11.940749645233154
11.940800666809082
11.940848588943481
11.954887628555298
11.954942107200623
11.954991579055786
11.955039024353027
11.955090045928955
11.955137014389038
11.955186486244202
11.955234050750732
12.022939443588257
12.02299439907074
12.023043394088745
12.02308988571167
12.023137927055359
12.023184418678284
12.023234367370605
12.023279905319214
12.04270052909851
12.042755961418152
12.042814016342163
12.042862057685852
12.04291296005249
12.042960524559021
12.043045043945312
12.043097615242004
12.019279479980469
12.019338965415955
12.019390940666199
12.01944100856781
12.019495010375977
12.019545912742615
12.01960003376007
12.019662499427795
11.969210505485535
11.969269037246704
11.969321489334106
11.969372510910034
11.969428062438965
11.969486474990845
11.969541072845459
11.969591498374939
11.97014045715332
11.970196008682251
11.970245480537415
11.970292925834656
11.970344543457031
11.970393538475037
11.970444440841675
11.970491528511047
11.914424061775208
11.914481520652771
11.914531469345093
11.91458010673523
11.914634108543396
11.914684057235718
11.914737105369568
11.91478705406189
11.856530547142029
11.85658860206604
11.85663902759552
11.856688022613525
11.856747150421143
11.856800079345703
11.856852054595947
11.856899976730347
11.919797539710999
11.919858574867249
11.919911623001099
11.91997766494751
11.920034527778625
11.920087099075317
11.920143127441406
11.92022955417633
11.880089163780212
11.880152583122253
11.880205154418945
11.880256056785583
11.880311608314514
11.880362510681152
11.88041603565216
11.880466103553772
12.635343074798584
12.63540256023407
12.63545548915863
12.635506987571716
12.635563015937805
12.63561499118805
12.635664939880371
12.635714530944824
12.600935578346252
12.600996494293213
12.601050019264221
12.601101040840149
12.601189017295837
12.601244568824768
12.601296544075012
12.601351141929626
12.50540554523468
12.50547707080841
12.505543947219849
12.505597949028015
12.505651473999023
12.505702018737793
12.505756497383118
12.505805969238281
12.449086904525757
12.449146509170532
12.449198007583618
12.449247598648071
12.449300527572632
12.449349045753479
12.449396967887878
12.449445009231567
12.434803485870361
12.434871435165405
12.434922456741333
12.434971451759338
12.435024619102478
12.435073494911194
12.435122013092041
12.435169100761414
12.69573700428009
12.695795059204102
12.695845603942871
12.695915579795837
12.695977568626404
12.69602906703949
12.696080446243286
12.69613003730774
12.673178434371948
12.673236608505249
12.673286080360413
12.673333525657654
12.673409581184387
12.67349362373352
12.673547983169556
12.673595547676086
12.65156900882721
12.65162706375122
12.651678442955017
12.651727080345154
12.651781558990479
12.651831030845642
12.651883006095886
12.651930928230286
12.622050046920776
12.622156500816345
12.62221109867096
12.622261047363281
12.622313976287842
12.622363090515137
12.622410535812378
12.622458100318909
12.570124506950378
12.570178031921387
12.570226907730103
12.570273995399475
12.570325493812561
12.570397019386292
12.570443987846375
12.570490002632141
12.685916543006897
12.68597400188446
12.686023592948914
12.686070561408997
12.686120986938477
12.68616807460785
12.686214566230774
12.686260461807251
12.627655029296875
12.62771201133728
12.627761960029602
12.627809524536133
12.627859592437744
12.627958536148071
12.62800943851471
12.62805700302124
12.72909688949585
12.729154348373413
12.729204416275024
12.729252934455872
12.729305863380432
12.729355454444885
12.729402422904968
12.729449391365051
12.713269472122192
12.713330030441284
12.713385939598083
12.713436007499695
12.71349048614502
12.71354055404663
12.713589549064636
12.713638067245483
12.681662440299988
12.681720495223999
12.681771516799927
12.681820034980774
12.681872010231018
12.681921005249023
12.681968569755554
12.682016015052795
12.572631001472473
12.572687029838562
12.572736978530884
12.572785019874573
12.57283902168274
12.57288658618927
12.572932958602905
12.57297945022583
12.805197596549988
12.805254936218262
12.805342435836792
12.805396914482117
12.805450439453125
12.805498957633972
12.805546998977661
12.805594444274902
12.840468406677246
12.8405259847641
12.840575456619263
12.840623497962952
12.840674042701721
12.840721487998962
12.840767502784729
12.840813994407654
12.756445050239563
12.756507992744446
12.756560564041138
12.756608486175537
12.756663084030151
12.756710529327393
12.75676155090332
12.756808042526245
12.746402978897095
12.746459007263184
12.746513485908508
12.746560454368591
12.746610522270203
12.746657490730286
12.746703386306763
12.746749997138977
12.675411581993103
12.67547357082367
12.675523042678833
12.675570964813232
12.675621509552002
12.675668597221375
12.6757150888443
12.675760984420776
12.646628618240356
12.646683096885681
12.646732091903687
12.64677906036377
12.646827578544617
12.6468745470047
12.646920084953308
12.646965503692627
12.646360993385315
12.646418452262878
12.64646852016449
12.646516919136047
12.646568536758423
12.646616578102112
12.646664500236511
12.646710991859436
12.589793920516968
12.589865922927856
12.589951515197754
12.590001463890076
12.590054988861084
12.590103507041931
12.590155959129333
12.590203523635864
13.27383041381836
13.273887872695923
13.273939490318298
13.273990869522095
13.274039387702942
13.274143934249878
13.274197459220886
13.274248003959656
13.242188453674316
13.2422434091568
13.242292523384094
13.24233889579773
13.242384433746338
13.242429971694946
13.242475032806396
13.242519974708557
13.2446950674057
13.244749546051025
13.244797587394714
13.24484407901764
13.244890093803406
13.244935035705566
13.24497902393341
13.245023488998413
13.239138126373291
13.239192485809326
13.239240050315857
13.239285588264465
13.239330530166626
13.23937451839447
13.239418506622314
13.23946213722229
13.323078036308289
13.323132038116455
13.323179602622986
13.323225021362305
13.323270082473755
13.32331395149231
13.323358535766602
13.323402523994446
13.33511507511139
13.335172057151794
13.3352210521698
13.335269093513489
13.335317611694336
13.335394144058228
13.335445165634155
13.335493087768555
13.291904091835022
13.291961550712585
13.292012572288513
13.292061567306519
13.292110562324524
13.29215943813324
13.29225504398346
13.292308568954468
13.274295449256897
13.2743558883667
13.27440893650055
13.27445936203003
13.274508953094482
13.274557828903198
13.274607419967651
13.274655938148499
13.26474153995514
13.264800548553467
13.264853477478027
13.264904975891113
13.264954924583435
13.265004515647888
13.26505446434021
13.265103936195374
13.239503979682922
13.23956048488617
13.239619970321655
13.239668011665344
13.239714980125427
13.23976194858551
13.239811062812805
13.239858031272888
13.196485042572021
13.196539521217346
13.196591973304749
13.196639895439148
13.19668698310852
13.196732997894287
13.196779012680054
13.19682502746582
13.148476004600525
13.148528933525085
13.148576378822327
13.148622870445251
13.148667931556702
13.148712873458862
13.148757457733154
13.148802518844604
13.100584149360657
13.100638628005981
13.100686073303223
13.10073208808899
13.10077702999115
13.100821137428284
13.100865602493286
13.100911140441895
13.12049114704132
13.120544075965881
13.120591044425964
13.120635509490967
13.120680689811707
13.120724558830261
13.120777010917664
13.120821595191956
13.04831087589264
13.048363447189331
13.048410892486572
13.048456907272339
13.048502326011658
13.048547863960266
13.048592329025269
13.048637390136719
12.993244051933289
12.993305087089539
12.993359088897705
12.99341106414795
12.993467569351196
12.993519067764282
12.993570566177368
12.993622541427612
13.268473982810974
13.268534898757935
13.268587946891785
13.26863944530487
13.26868999004364
13.268739461898804
13.268789410591125
13.268839001655579
13.267002940177917
13.267066955566406
13.267120480537415
13.267171502113342
13.267222046852112
13.267271399497986
13.267320990562439
13.267370462417603
13.280591487884521
13.28065550327301
13.280727624893188
13.280795574188232
13.280883550643921
13.280937552452087
13.281032085418701
13.281084060668945
13.195345997810364
13.195404529571533
13.195454478263855
13.195502519607544
13.195549964904785
13.195598006248474
13.195644974708557
13.19569194316864
13.162967443466187
13.163023948669434
13.163073420524597
13.163122057914734
13.163171529769897
13.163217544555664
13.163267493247986
13.16331398487091
13.106376051902771
13.106443524360657
13.106505036354065
13.106554627418518
13.106601476669312
13.1066575050354
13.106714010238647
13.106759548187256
13.048989534378052
13.049044609069824
13.049093008041382
13.049140095710754
13.049185514450073
13.049230575561523
13.049275636672974
13.049319624900818
13.082911491394043
13.082966566085815
13.083014965057373
13.08306097984314
13.083106994628906
13.083152055740356
13.083196997642517
13.083242058753967
13.342001557350159
13.342060089111328
13.342113018035889
13.342164516448975
13.342216491699219
13.342268586158752
13.342320084571838
13.342372059822083
13.378356456756592
13.37841546535492
13.378467917442322
13.378517985343933
13.378569960594177
13.378619909286499
13.378668427467346
13.378716945648193
13.232948541641235
13.23300564289093
13.23305606842041
13.233105063438416
13.233153104782104
13.233201026916504
13.233248591423035
13.233296155929565
13.17158591747284
13.17164397239685
13.171693921089172
13.171741962432861
13.171789050102234
13.171835064888
13.171882033348083
13.17192792892456
13.113994479179382
13.114049553871155
13.11409842967987
13.114145517349243
13.114192485809326
13.11423945426941
13.114286065101624
13.1143319606781
13.052389979362488
13.052446961402893
13.052496552467346
13.052544474601746
13.052592992782593
13.052639484405518
13.052685976028442
13.052731990814209
13.189272999763489
13.18933355808258
13.189386487007141
13.189437508583069
13.189487099647522
13.189536571502686
13.189584970474243
13.189634084701538
13.42489755153656
13.42495608329773
13.425008535385132
13.425058960914612
13.425133109092712
13.42518699169159
13.425237536430359
13.425286531448364
13.267249941825867
13.26730489730835
13.267354011535645
13.267401456832886
13.267448425292969
13.267495036125183
13.267541408538818
13.267587900161743
13.213597536087036
13.213670015335083
13.213719010353088
13.213765025138855
13.213809967041016
13.213854432106018
13.21389901638031
13.213943004608154
13.156769633293152
13.156827092170715
13.156876564025879
13.15692400932312
13.156970977783203
13.157018065452576
13.157063603401184
13.157111048698425
13.137521982192993
13.137583494186401
13.137636542320251
13.137687087059021
13.137737512588501
13.137787103652954
13.137837052345276
13.137885451316833
13.49790358543396
13.497963905334473
13.498016953468323
13.498068451881409
13.498119473457336
13.498169541358948
13.498219013214111
13.498268008232117
13.441362977027893
13.441421866416931
13.441479921340942
13.44152843952179
13.441575407981873
13.441623449325562
13.441670417785645
13.44171690940857
13.384636878967285
13.38469386100769
13.384743332862854
13.384791493415833
13.384838461875916
13.384885430335999
13.384932398796082
13.384979963302612
13.676807403564453
13.676863551139832
13.676913022994995
13.676960468292236
13.677006483078003
13.677053093910217
13.677098989486694
13.677145004272461
13.640419960021973
13.640480041503906
13.640532970428467
13.640583992004395
13.640633940696716
13.64068353176117
13.640756964683533
13.640813946723938
13.584138989448547
13.584200382232666
13.584254026412964
13.584303498268127
13.584354043006897
13.584403395652771
13.584452509880066
13.584500908851624
13.526290893554688
13.526346325874329
13.526396870613098
13.526445984840393
13.52649438381195
13.526542901992798
13.526598930358887
13.52664589881897
13.749430060386658
13.749486565589905
13.749536037445068
13.749583005905151
13.749630093574524
13.749676585197449
13.749722480773926
13.749768495559692
13.694477081298828
13.694531559944153
13.694579482078552
13.694625496864319
13.694670557975769
13.694714546203613
13.694759130477905
13.694803476333618
13.64867651462555
13.648736357688904
13.648788452148438
13.648837924003601
13.648887038230896
13.648935437202454
13.648983478546143
13.64903199672699
13.620141983032227
13.620201468467712
13.62025499343872
13.620306015014648
13.620356917381287
13.620406985282898
13.620458006858826
13.620508432388306
13.566452980041504
13.566514015197754
13.566568493843079
13.566619515419006
13.566670536994934
13.566731452941895
13.566781044006348
13.566830515861511
13.50709056854248
13.507148504257202
13.507201075553894
13.50724995136261
13.507297039031982
13.507344484329224
13.50739049911499
13.507436633110046
13.449869394302368
13.44992744922638
13.449977993965149
13.450025916099548
13.450074911117554
13.450122356414795
13.45016896724701
13.450214982032776
13.39014744758606
13.390212416648865
13.390261888504028
13.390309453010559
13.390356421470642
13.390402913093567
13.39044988155365
13.390495419502258
13.601554036140442
13.601613879203796
13.60166597366333
13.601716876029968
13.601765990257263
13.60181450843811
13.60186243057251
13.601909518241882
13.650953531265259
13.651037454605103
13.651092886924744
13.651145458221436
13.651195883750916
13.651245474815369
13.651294946670532
13.651343941688538
13.60176157951355
13.601858019828796
13.601914525032043
13.602017998695374
13.602086424827576
13.602163553237915
13.602242588996887
13.602396488189697
13.547183990478516
13.547243595123291
13.547322034835815
13.54737651348114
13.547446012496948
13.547509551048279
13.547560930252075
13.547611474990845
13.770327925682068
13.770388960838318
13.770444512367249
13.770508527755737
13.770558476448059
13.770607471466064
13.770673394203186
13.770732522010803
13.714802861213684
13.714859962463379
13.714911341667175
13.714959979057312
13.715006947517395
13.715054392814636
13.71510136127472
13.715148448944092
13.651995062828064
13.652051091194153
13.652099967002869
13.652146458625793
13.65222454071045
13.652275562286377
13.652321934700012
13.652368068695068
13.901944041252136
13.902000069618225
13.90207314491272
13.902124166488647
13.902172088623047
13.902218580245972
13.90226411819458
13.902348518371582
13.862111568450928
13.862168550491333
13.862241983413696
13.862295031547546
13.862345099449158
13.862393617630005
13.862454056739807
13.862504124641418
13.819023966789246
13.819084525108337
13.819137930870056
13.819189071655273
13.819238901138306
13.8192880153656
13.819337487220764
13.819387078285217
13.764422059059143
13.764482617378235
13.764534592628479
13.76458466053009
13.764633536338806
13.764681458473206
13.764731645584106
13.764779567718506
13.807820439338684
13.807879567146301
13.807930588722229
13.807979106903076
13.808026552200317
13.8080735206604
13.808120489120483
13.808167576789856
13.74955701828003
13.749611973762512
13.749660968780518
13.749708414077759
13.749754548072815
13.749801516532898
13.749847412109375
13.74989402294159
13.688526511192322
13.688581466674805
13.688631057739258
13.68867802619934
13.688724517822266
13.688769936561584
13.688815474510193
13.688861012458801
