2432.5
-1.0
-1.0
-1.0
2841.5
-1.0
-1.0
-1.0
2382.5
-1.0
-1.0
-1.0
2791.5
-1.0
-1.0
-1.0
2957.0
-1.0
-1.0
-1.0
2741.5
-1.0
-1.0
-1.0
2907.0
-1.0
-1.0
-1.0
2691.5
-1.0
-1.0
-1.0
2857.0
-1.0
-1.0
-1.0
2641.5
-1.0
-1.0
-1.0
2807.0
-1.0
-1.0
-1.0
2591.5
-1.0
-1.0
-1.0
2757.0
-1.0
-1.0
-1.0
2541.5
-1.0
-1.0
-1.0
2707.0
-1.0
-1.0
-1.0
2491.5
-1.0
-1.0
-1.0
2657.0
-1.0
-1.0
-1.0
2441.5
-1.0
-1.0
-1.0
2607.0
-1.0
-1.0
-1.0
2391.5
-1.0
-1.0
-1.0
2557.0
-1.0
-1.0
-1.0
2341.5
-1.0
-1.0
-1.0
2507.0
-1.0
-1.0
-1.0
2291.5
-1.0
-1.0
-1.0
2457.0
-1.0
-1.0
-1.0
2241.5
-1.0
-1.0
-1.0
2407.0
-1.0
-1.0
-1.0
2191.5
-1.0
-1.0
-1.0
2357.0
-1.0
-1.0
-1.0
2141.5
-1.0
-1.0
-1.0
2307.0
-1.0
-1.0
-1.0
2091.5
-1.0
-1.0
-1.0
2257.0
-1.0
-1.0
-1.0
2041.5
-1.0
-1.0
-1.0
2207.0
-1.0
-1.0
-1.0
1991.5
-1.0
-1.0
-1.0
2157.0
-1.0
-1.0
-1.0
1941.5
-1.0
-1.0
-1.0
2107.0
-1.0
-1.0
-1.0
1891.5
-1.0
-1.0
-1.0
2057.0
-1.0
-1.0
-1.0
1841.5
-1.0
-1.0
-1.0
2007.0
-1.0
-1.0
-1.0
1791.5
-1.0
-1.0
-1.0
1957.0
-1.0
-1.0
-1.0
1741.5
-1.0
-1.0
-1.0
1907.0
-1.0
-1.0
-1.0
1691.5
-1.0
-1.0
-1.0
1857.0
-1.0
-1.0
-1.0
1641.5
-1.0
-1.0
-1.0
1807.0
-1.0
-1.0
-1.0
1591.5
-1.0
-1.0
-1.0
1757.0
-1.0
-1.0
-1.0
1541.5
-1.0
-1.0
-1.0
1707.0
-1.0
-1.0
-1.0
1491.5
-1.0
-1.0
-1.0
1657.0
-1.0
-1.0
-1.0
1441.5
-1.0
-1.0
-1.0
1607.0
-1.0
-1.0
-1.0
1391.5
-1.0
-1.0
-1.0
1557.0
-1.0
-1.0
-1.0
1341.5
-1.0
-1.0
-1.0
1507.0
-1.0
3125.0
-1.0
1308.0
-1.0
-1.0
-1.0
1457.0
-1.0
3075.0
-1.0
1308.0
-1.0
-1.0
-1.0
1407.0
-1.0
3025.0
-1.0
1308.0
-1.0
-1.0
-1.0
1357.0
-1.0
2975.0
-1.0
1308.0
-1.0
-1.0
-1.0
1307.0
-1.0
2925.0
-1.0
1308.0
-1.0
-1.0
-1.0
1257.0
-1.0
2875.0
-1.0
1308.0
-1.0
-1.0
-1.0
1207.0
-1.0
2825.0
-1.0
1308.0
-1.0
-1.0
-1.0
1157.0
-1.0
2775.0
-1.0
1308.0
-1.0
-1.0
-1.0
1107.0
-1.0
2725.0
-1.0
1308.0
-1.0
-1.0
-1.0
1057.0
-1.0
2675.0
-1.0
1308.0
-1.0
-1.0
-1.0
1007.0
-1.0
2625.0
-1.0
1308.0
-1.0
-1.0
-1.0
957.0
-1.0
2575.0
-1.0
1308.0
-1.0
-1.0
-1.0
907.0
-1.0
2525.0
-1.0
1308.0
-1.0
-1.0
-1.0
857.0
-1.0
2475.0
-1.0
1308.0
-1.0
-1.0
-1.0
807.0
-1.0
2425.0
-1.0
1308.0
-1.0
-1.0
-1.0
757.0
-1.0
2375.0
-1.0
1308.0
-1.0
-1.0
-1.0
707.0
-1.0
2325.0
-1.0
1308.0
-1.0
-1.0
-1.0
657.0
-1.0
2275.0
-1.0
1308.0
-1.0
-1.0
-1.0
623.0
-1.0
2225.0
-1.0
1308.0
3090.5
-1.0
-1.0
623.0
-1.0
2175.0
-1.0
1308.0
3040.5
-1.0
-1.0
623.0
-1.0
2125.0
-1.0
1308.0
2990.5
-1.0
-1.0
623.0
-1.0
2075.0
-1.0
1308.0
2940.5
-1.0
-1.0
623.0
-1.0
2025.0
-1.0
1308.0
2890.5
-1.0
-1.0
623.0
-1.0
1975.0
-1.0
1308.0
2840.5
-1.0
-1.0
623.0
-1.0
1925.0
-1.0
1308.0
2790.5
-1.0
-1.0
623.0
-1.0
1875.0
-1.0
1308.0
2740.5
-1.0
-1.0
623.0
-1.0
1825.0
-1.0
1308.0
2690.5
-1.0
-1.0
623.0
-1.0
1775.0
-1.0
1308.0
2640.5
-1.0
-1.0
623.0
-1.0
1725.0
-1.0
1308.0
2590.5
-1.0
-1.0
3731.5
-1.0
1707.0
-1.0
1308.0
2540.5
-1.0
-1.0
3681.5
-1.0
1707.0
-1.0
1308.0
2490.5
-1.0
-1.0
3631.5
-1.0
1707.0
-1.0
1308.0
2440.5
-1.0
-1.0
3581.5
-1.0
1707.0
-1.0
1308.0
2390.5
-1.0
-1.0
3531.5
-1.0
1707.0
-1.0
1308.0
2340.5
-1.0
-1.0
3481.5
-1.0
1707.0
-1.0
1308.0
2290.5
-1.0
-1.0
3431.5
-1.0
1707.0
-1.0
1308.0
2240.5
-1.0
-1.0
3381.5
-1.0
1707.0
-1.0
1308.0
2190.5
-1.0
-1.0
3331.5
-1.0
1707.0
-1.0
1308.0
2140.5
-1.0
-1.0
3281.5
-1.0
1707.0
-1.0
1308.0
2090.5
-1.0
-1.0
3231.5
-1.0
1707.0
-1.0
1308.0
2040.5
-1.0
-1.0
3181.5
-1.0
1707.0
-1.0
1308.0
1990.5
-1.0
-1.0
3131.5
-1.0
1707.0
-1.0
1308.0
1940.5
-1.0
-1.0
3081.5
-1.0
1707.0
-1.0
1308.0
1890.5
-1.0
-1.0
3031.5
-1.0
1707.0
-1.0
1308.0
1840.5
-1.0
-1.0
2981.5
-1.0
1707.0
-1.0
1308.0
1790.5
-1.0
-1.0
2931.5
-1.0
1707.0
-1.0
1308.0
1740.5
-1.0
-1.0
2881.5
-1.0
1707.0
-1.0
1308.0
1690.5
-1.0
-1.0
2831.5
-1.0
1707.0
-1.0
1308.0
1640.5
-1.0
-1.0
2781.5
-1.0
1707.0
-1.0
1308.0
1590.5
-1.0
-1.0
2731.5
-1.0
1707.0
-1.0
1308.0
1540.5
-1.0
-1.0
2681.5
-1.0
1707.0
-1.0
1308.0
1490.5
-1.0
-1.0
2631.5
-1.0
1707.0
-1.0
1308.0
1440.5
-1.0
-1.0
2581.5
-1.0
1707.0
-1.0
1308.0
1390.5
-1.0
-1.0
2531.5
-1.0
1707.0
-1.0
1308.0
1340.5
-1.0
-1.0
2481.5
-1.0
1707.0
-1.0
1308.0
1290.5
-1.0
-1.0
2431.5
-1.0
1707.0
-1.0
1308.0
1240.5
-1.0
-1.0
2381.5
-1.0
1707.0
-1.0
1308.0
1190.5
-1.0
-1.0
2331.5
-1.0
1707.0
-1.0
1308.0
1140.5
-1.0
-1.0
2281.5
-1.0
1707.0
-1.0
1308.0
1090.5
-1.0
-1.0
2231.5
-1.0
1707.0
-1.0
1308.0
1040.5
-1.0
-1.0
2181.5
-1.0
1707.0
-1.0
1308.0
990.5
-1.0
-1.0
2131.5
-1.0
1707.0
-1.0
1308.0
940.5
-1.0
-1.0
2081.5
-1.0
1707.0
-1.0
1308.0
890.5
-1.0
-1.0
2031.5
-1.0
1707.0
-1.0
1308.0
840.5
-1.0
-1.0
1981.5
-1.0
1707.0
-1.0
1308.0
790.5
-1.0
-1.0
1931.5
-1.0
1707.0
-1.0
1308.0
740.5
-1.0
-1.0
1881.5
-1.0
4812.5
-1.0
1308.0
691.5
-1.0
-1.0
1831.5
-1.0
4762.5
-1.0
1308.0
691.5
-1.0
-1.0
1781.5
-1.0
4712.5
-1.0
1308.0
691.5
-1.0
-1.0
1731.5
-1.0
4662.5
-1.0
1308.0
691.5
-1.0
-1.0
1681.5
-1.0
4612.5
-1.0
1308.0
691.5
-1.0
-1.0
1631.5
-1.0
4562.5
-1.0
1308.0
691.5
-1.0
-1.0
1581.5
-1.0
4512.5
-1.0
1308.0
691.5
-1.0
-1.0
1531.5
-1.0
4462.5
-1.0
1308.0
691.5
-1.0
-1.0
1481.5
-1.0
4412.5
-1.0
1308.0
691.5
-1.0
-1.0
1431.5
-1.0
4362.5
-1.0
1308.0
691.5
-1.0
-1.0
1381.5
-1.0
4312.5
-1.0
1308.0
691.5
-1.0
-1.0
1331.5
-1.0
4262.5
-1.0
1308.0
691.5
-1.0
-1.0
1281.5
-1.0
4212.5
-1.0
1308.0
691.5
-1.0
-1.0
1231.5
-1.0
4162.5
-1.0
1308.0
691.5
-1.0
-1.0
1181.5
-1.0
4112.5
-1.0
1308.0
691.5
-1.0
-1.0
1131.5
-1.0
4062.5
-1.0
1308.0
691.5
-1.0
-1.0
1081.5
-1.0
4012.5
-1.0
1308.0
691.5
-1.0
-1.0
1031.5
-1.0
3962.5
-1.0
1308.0
691.5
-1.0
-1.0
981.5
-1.0
3912.5
-1.0
1308.0
691.5
-1.0
-1.0
931.5
-1.0
3862.5
-1.0
1308.0
691.5
-1.0
-1.0
881.5
-1.0
3812.5
-1.0
1308.0
691.5
-1.0
-1.0
850.5
-1.0
3762.5
-1.0
1289.0
691.5
-1.0
-1.0
850.5
-1.0
3712.5
-1.0
1239.0
691.5
-1.0
-1.0
850.5
-1.0
3662.5
-1.0
1189.0
691.5
-1.0
-1.0
850.5
-1.0
3612.5
-1.0
1139.0
691.5
-1.0
-1.0
850.5
-1.0
3562.5
-1.0
1089.0
691.5
-1.0
-1.0
850.5
-1.0
3512.5
-1.0
1039.0
691.5
-1.0
-1.0
850.5
-1.0
3462.5
-1.0
989.0
691.5
-1.0
-1.0
850.5
-1.0
3412.5
-1.0
984.5
691.5
-1.0
3095.0
850.5
-1.0
3362.5
-1.0
984.5
691.5
-1.0
3045.0
850.5
-1.0
3312.5
-1.0
984.5
691.5
-1.0
2995.0
850.5
-1.0
3262.5
-1.0
984.5
691.5
-1.0
2945.0
850.5
-1.0
3212.5
-1.0
984.5
691.5
-1.0
2895.0
850.5
-1.0
3162.5
-1.0
984.5
691.5
-1.0
2845.0
850.5
-1.0
3112.5
-1.0
984.5
691.5
-1.0
2795.0
850.5
-1.0
3062.5
-1.0
984.5
691.5
-1.0
2745.0
850.5
-1.0
3012.5
-1.0
984.5
691.5
-1.0
2695.0
850.5
-1.0
2962.5
-1.0
984.5
691.5
-1.0
2645.0
850.5
-1.0
2912.5
-1.0
984.5
691.5
-1.0
2595.0
850.5
-1.0
2862.5
-1.0
984.5
691.5
-1.0
2545.0
850.5
-1.0
2812.5
-1.0
984.5
691.5
-1.0
2495.0
850.5
-1.0
2762.5
-1.0
984.5
691.5
-1.0
2445.0
850.5
-1.0
2712.5
-1.0
984.5
691.5
-1.0
2395.0
850.5
-1.0
2662.5
-1.0
984.5
691.5
-1.0
2345.0
850.5
-1.0
2612.5
-1.0
984.5
691.5
-1.0
2295.0
850.5
-1.0
2562.5
-1.0
984.5
691.5
-1.0
2245.0
850.5
-1.0
2512.5
-1.0
984.5
691.5
-1.0
2195.0
850.5
-1.0
2466.0
-1.0
984.5
691.5
-1.0
5248.5
850.5
-1.0
2466.0
-1.0
984.5
691.5
-1.0
5148.5
850.5
-1.0
2466.0
-1.0
984.5
691.5
-1.0
5048.5
850.5
-1.0
2466.0
-1.0
984.5
691.5
-1.0
4948.5
850.5
-1.0
2466.0
-1.0
984.5
691.5
-1.0
4848.5
850.5
-1.0
2466.0
-1.0
984.5
691.5
-1.0
4748.5
850.5
-1.0
2466.0
-1.0
984.5
691.5
-1.0
4648.5
850.5
-1.0
2466.0
-1.0
984.5
691.5
-1.0
4548.5
850.5
-1.0
2466.0
-1.0
984.5
691.5
-1.0
4448.5
850.5
-1.0
2466.0
-1.0
984.5
691.5
-1.0
4348.5
850.5
-1.0
2466.0
-1.0
984.5
691.5
-1.0
4248.5
850.5
-1.0
2466.0
-1.0
984.5
691.5
-1.0
4148.5
850.5
-1.0
2466.0
-1.0
984.5
691.5
-1.0
4048.5
850.5
-1.0
2466.0
-1.0
984.5
691.5
-1.0
3948.5
850.5
-1.0
2466.0
-1.0
984.5
691.5
-1.0
3848.5
850.5
-1.0
2466.0
-1.0
984.5
691.5
-1.0
3748.5
850.5
-1.0
2466.0
-1.0
984.5
691.5
-1.0
3648.5
850.5
-1.0
2466.0
-1.0
984.5
691.5
-1.0
3548.5
850.5
-1.0
2466.0
-1.0
984.5
691.5
-1.0
3448.5
850.5
-1.0
2466.0
-1.0
984.5
691.5
-1.0
3348.5
850.5
-1.0
2466.0
-1.0
984.5
691.5
-1.0
3248.5
850.5
-1.0
2466.0
-1.0
984.5
691.5
-1.0
3148.5
850.5
-1.0
2466.0
-1.0
984.5
691.5
-1.0
3048.5
850.5
-1.0
2466.0
-1.0
984.5
691.5
-1.0
2948.5
850.5
-1.0
2466.0
-1.0
984.5
691.5
-1.0
2848.5
850.5
-1.0
2466.0
-1.0
984.5
691.5
-1.0
2748.5
850.5
-1.0
2466.0
-1.0
984.5
691.5
-1.0
2648.5
850.5
-1.0
2466.0
-1.0
984.5
691.5
-1.0
2548.5
850.5
-1.0
2466.0
-1.0
984.5
691.5
-1.0
2448.5
850.5
-1.0
2466.0
-1.0
984.5
691.5
-1.0
2348.5
850.5
-1.0
2466.0
-1.0
984.5
691.5
-1.0
2248.5
850.5
-1.0
2466.0
-1.0
984.5
691.5
-1.0
2148.5
850.5
-1.0
2466.0
-1.0
984.5
691.5
-1.0
2048.5
850.5
-1.0
2466.0
-1.0
984.5
691.5
-1.0
1948.5
850.5
-1.0
2466.0
-1.0
984.5
691.5
-1.0
1848.5
850.5
-1.0
2466.0
-1.0
984.5
691.5
-1.0
1748.5
850.5
3135.0
2466.0
-1.0
984.5
691.5
-1.0
1654.0
850.5
3085.0
2466.0
-1.0
984.5
691.5
-1.0
1604.0
850.5
3035.0
2466.0
-1.0
984.5
691.5
-1.0
1554.0
850.5
2985.0
2466.0
-1.0
984.5
691.5
-1.0
1504.0
850.5
2935.0
2466.0
-1.0
984.5
691.5
-1.0
1454.0
850.5
2885.0
2466.0
-1.0
984.5
691.5
-1.0
1404.0
850.5
2835.0
2466.0
-1.0
984.5
691.5
-1.0
1354.0
850.5
2785.0
2466.0
-1.0
984.5
691.5
-1.0
1304.0
850.5
2735.0
2466.0
-1.0
984.5
691.5
-1.0
1254.0
850.5
2685.0
2466.0
-1.0
984.5
691.5
-1.0
1204.0
850.5
2635.0
2466.0
-1.0
984.5
691.5
-1.0
1154.0
850.5
2585.0
2466.0
-1.0
984.5
691.5
-1.0
1104.0
850.5
2535.0
2466.0
-1.0
984.5
691.5
-1.0
1054.0
850.5
2485.0
2466.0
-1.0
984.5
691.5
-1.0
1004.0
850.5
2435.0
2466.0
-1.0
984.5
691.5
-1.0
954.0
850.5
2385.0
2466.0
-1.0
984.5
691.5
-1.0
904.0
850.5
2335.0
2466.0
-1.0
984.5
691.5
-1.0
854.0
850.5
2285.0
2466.0
-1.0
984.5
691.5
-1.0
804.0
850.5
2235.0
2466.0
-1.0
984.5
691.5
-1.0
754.0
850.5
2185.0
2466.0
-1.0
984.5
691.5
-1.0
704.0
850.5
2135.0
2466.0
-1.0
984.5
691.5
-1.0
654.0
850.5
2085.0
2466.0
-1.0
984.5
691.5
-1.0
604.0
850.5
2035.0
2466.0
-1.0
984.5
691.5
-1.0
554.0
850.5
1985.0
2466.0
-1.0
984.5
691.5
-1.0
504.0
850.5
1935.0
2434.0
-1.0
984.5
691.5
-1.0
486.0
850.5
1885.0
2384.0
-1.0
984.5
691.5
-1.0
486.0
850.5
1835.0
2334.0
-1.0
984.5
691.5
-1.0
486.0
850.5
1785.0
2284.0
-1.0
984.5
691.5
-1.0
486.0
850.5
1735.0
2234.0
-1.0
984.5
691.5
-1.0
486.0
850.5
1685.0
2184.0
-1.0
984.5
691.5
-1.0
486.0
850.5
1635.0
2134.0
-1.0
984.5
691.5
-1.0
486.0
850.5
1585.0
2084.0
-1.0
984.5
691.5
-1.0
486.0
850.5
1535.0
2034.0
-1.0
984.5
691.5
-1.0
486.0
850.5
1485.0
1984.0
-1.0
984.5
691.5
-1.0
486.0
850.5
1435.0
1934.0
-1.0
984.5
691.5
-1.0
486.0
850.5
1385.0
1884.0
-1.0
984.5
691.5
-1.0
486.0
810.0
1335.0
1874.5
-1.0
984.5
691.5
-1.0
486.0
760.0
1285.0
1874.5
-1.0
984.5
691.5
-1.0
486.0
710.0
1235.0
1874.5
-1.0
984.5
691.5
-1.0
486.0
660.5
1185.0
1874.5
3106.0
984.5
691.5
-1.0
486.0
660.5
1135.0
1874.5
3056.0
984.5
691.5
-1.0
486.0
660.5
1085.0
1874.5
3006.0
984.5
691.5
-1.0
486.0
660.5
1035.0
1874.5
2956.0
984.5
691.5
-1.0
486.0
660.5
985.0
1874.5
2906.0
984.5
691.5
-1.0
486.0
660.5
935.0
1874.5
2856.0
984.5
691.5
-1.0
486.0
660.5
885.0
1874.5
2806.0
984.5
691.5
-1.0
486.0
660.5
838.0
1874.5
2756.0
984.5
3831.0
-1.0
486.0
660.5
838.0
1874.5
2706.0
984.5
3781.0
-1.0
486.0
660.5
838.0
1874.5
2656.0
984.5
3731.0
-1.0
486.0
660.5
838.0
1874.5
2606.0
984.5
3681.0
-1.0
486.0
660.5
838.0
1874.5
2556.0
984.5
3631.0
-1.0
486.0
660.5
838.0
1874.5
2506.0
984.5
3581.0
-1.0
486.0
660.5
838.0
1874.5
2456.0
984.5
3531.0
-1.0
486.0
660.5
838.0
1874.5
2406.0
984.5
3481.0
-1.0
486.0
660.5
838.0
1874.5
2356.0
984.5
3431.0
-1.0
486.0
660.5
838.0
1874.5
2306.0
984.5
3381.0
-1.0
486.0
660.5
838.0
1874.5
2256.0
984.5
3331.0
-1.0
486.0
660.5
838.0
1874.5
2206.0
984.5
3281.0
-1.0
486.0
660.5
838.0
1874.5
2156.0
984.5
3231.0
-1.0
486.0
660.5
838.0
1874.5
2106.0
984.5
3181.0
-1.0
486.0
660.5
838.0
1874.5
2056.0
984.5
3131.0
-1.0
486.0
660.5
838.0
1874.5
2006.0
984.5
3081.0
-1.0
486.0
660.5
838.0
1874.5
1956.0
984.5
3031.0
-1.0
486.0
660.5
838.0
1874.5
1906.0
984.5
2981.0
-1.0
486.0
660.5
838.0
1874.5
1856.0
984.5
2931.0
-1.0
486.0
660.5
838.0
1874.5
1806.0
984.5
2881.0
-1.0
486.0
660.5
838.0
1874.5
1756.0
984.5
2831.0
-1.0
486.0
660.5
838.0
1874.5
1706.0
984.5
2781.0
-1.0
486.0
660.5
838.0
1874.5
1656.0
984.5
2731.0
-1.0
486.0
660.5
838.0
1874.5
1606.0
984.5
2681.0
-1.0
486.0
660.5
838.0
1874.5
1556.0
984.5
2631.0
-1.0
486.0
660.5
838.0
1874.5
1506.0
984.5
2581.0
-1.0
486.0
660.5
838.0
1874.5
1456.0
984.5
2531.0
-1.0
486.0
660.5
838.0
1874.5
1406.0
984.5
2481.0
-1.0
486.0
660.5
838.0
1874.5
1356.0
984.5
2431.0
-1.0
486.0
660.5
838.0
1874.5
1306.0
984.5
2381.0
-1.0
486.0
660.5
838.0
1874.5
1256.0
984.5
2331.0
-1.0
486.0
660.5
838.0
1874.5
1206.0
984.5
2281.0
-1.0
486.0
660.5
838.0
1874.5
1156.0
984.5
2231.0
-1.0
486.0
660.5
838.0
1874.5
1106.0
984.5
2181.0
-1.0
486.0
660.5
838.0
1874.5
1056.0
984.5
2131.0
-1.0
486.0
660.5
838.0
1874.5
1006.0
984.5
2081.0
-1.0
486.0
660.5
838.0
1874.5
956.0
984.5
2031.0
-1.0
486.0
660.5
838.0
1874.5
906.0
984.5
1981.0
-1.0
486.0
660.5
838.0
1874.5
856.0
984.5
1931.0
-1.0
486.0
660.5
838.0
1874.5
806.0
984.5
1881.0
-1.0
486.0
660.5
838.0
1874.5
756.0
984.5
1831.0
-1.0
486.0
660.5
838.0
1874.5
733.5
984.5
1781.0
3079.5
486.0
660.5
838.0
1874.5
733.5
984.5
1731.0
3029.5
486.0
660.5
838.0
1874.5
733.5
984.5
1681.0
2979.5
486.0
660.5
838.0
1874.5
733.5
984.5
1631.0
2929.5
486.0
660.5
838.0
1874.5
733.5
984.5
1581.0
2879.5
486.0
660.5
838.0
1874.5
733.5
984.5
1531.0
2829.5
486.0
660.5
838.0
1874.5
733.5
984.5
1481.0
2779.5
486.0
660.5
838.0
1874.5
733.5
984.5
1431.0
2729.5
486.0
660.5
838.0
1874.5
733.5
984.5
1381.0
2679.5
486.0
660.5
826.0
1874.5
733.5
984.5
1343.0
2629.5
486.0
660.5
776.0
1874.5
733.5
984.5
1343.0
2579.5
486.0
660.5
726.0
1874.5
733.5
984.5
1343.0
2529.5
486.0
660.5
676.0
1874.5
733.5
984.5
1343.0
2479.5
486.0
660.5
626.0
1874.5
733.5
984.5
1343.0
2429.5
486.0
660.5
576.0
1874.5
733.5
984.5
1343.0
2379.5
486.0
660.5
526.0
1874.5
733.5
984.5
1343.0
2329.5
486.0
660.5
476.0
1874.5
733.5
984.5
1343.0
2279.5
486.0
660.5
426.0
1874.5
733.5
984.5
1343.0
2229.5
486.0
660.5
423.0
1874.5
733.5
937.5
1343.0
2179.5
486.0
660.5
423.0
1874.5
733.5
887.5
1343.0
2129.5
486.0
660.5
423.0
1874.5
733.5
837.5
1343.0
2079.5
486.0
660.5
423.0
1874.5
733.5
828.0
1302.5
2029.5
486.0
660.5
423.0
1874.5
733.5
828.0
1252.5
1979.5
486.0
660.5
423.0
1874.5
733.5
828.0
1202.5
1929.5
486.0
660.5
423.0
1868.0
733.5
828.0
1159.0
1879.5
486.0
660.5
423.0
1818.0
733.5
828.0
1159.0
1829.5
486.0
660.5
423.0
1768.0
733.5
828.0
1159.0
1779.5
486.0
660.5
423.0
1718.0
733.5
828.0
1159.0
1729.5
486.0
660.5
423.0
1668.0
733.5
828.0
1159.0
1679.5
486.0
660.5
423.0
1618.0
733.5
828.0
1159.0
1629.5
486.0
660.5
423.0
1568.0
733.5
828.0
1159.0
1579.5
486.0
660.5
423.0
1518.0
733.5
828.0
1159.0
1529.5
486.0
660.5
423.0
1468.0
733.5
828.0
1159.0
1479.5
486.0
660.5
423.0
1418.0
733.5
828.0
1159.0
1429.5
486.0
660.5
423.0
1368.0
733.5
828.0
1159.0
1379.5
486.0
660.5
423.0
1318.0
733.5
828.0
1159.0
1329.5
486.0
660.5
423.0
1309.0
733.5
787.0
1159.0
1279.5
486.0
660.5
423.0
1309.0
733.5
737.0
1159.0
1229.5
486.0
660.5
423.0
1309.0
733.5
687.0
1159.0
1179.5
486.0
660.5
423.0
1309.0
733.5
637.0
1159.0
1129.5
486.0
660.5
423.0
1309.0
733.5
587.0
1159.0
1079.5
486.0
660.5
423.0
1309.0
733.5
537.0
1159.0
1029.5
486.0
660.5
423.0
1309.0
733.5
487.0
1159.0
979.5
486.0
660.5
423.0
1309.0
733.5
437.0
1159.0
929.5
486.0
660.5
423.0
1309.0
733.5
387.0
1159.0
879.5
486.0
660.5
423.0
1309.0
733.5
337.0
1159.0
829.5
486.0
660.5
423.0
1309.0
733.5
287.0
1159.0
779.5
486.0
660.5
423.0
1276.0
733.5
270.0
1159.0
729.5
486.0
660.5
423.0
1226.0
733.5
270.0
1159.0
679.5
486.0
660.5
423.0
1144.0
733.5
270.0
1159.0
661.5
486.0
660.5
423.0
1044.0
733.5
270.0
1159.0
661.5
486.0
660.5
423.0
944.0
733.5
270.0
1159.0
661.5
486.0
660.5
423.0
858.0
733.5
270.0
1145.0
661.5
486.0
660.5
423.0
808.0
733.5
270.0
1095.0
661.5
486.0
660.5
423.0
758.0
733.5
270.0
1045.0
661.5
486.0
660.5
423.0
708.0
733.5
270.0
995.0
661.5
486.0
660.5
423.0
658.0
733.5
270.0
945.0
661.5
486.0
660.5
423.0
608.0
733.5
270.0
895.0
661.5
486.0
660.5
423.0
584.0
733.5
270.0
819.0
661.5
486.0
660.5
423.0
584.0
733.5
270.0
719.0
661.5
486.0
660.5
423.0
584.0
733.5
270.0
619.0
661.5
486.0
660.5
423.0
584.0
698.5
270.0
554.0
661.5
486.0
660.5
423.0
584.0
648.5
270.0
504.0
661.5
486.0
660.5
423.0
584.0
598.5
270.0
454.0
661.5
486.0
660.5
423.0
584.0
548.5
270.0
404.0
661.5
486.0
660.5
423.0
584.0
544.5
270.0
354.0
615.5
486.0
660.5
423.0
584.0
544.5
270.0
304.0
565.5
486.0
660.5
423.0
584.0
544.5
262.0
262.0
515.5
486.0
660.5
423.0
584.0
544.5
212.0
262.0
465.5
486.0
660.5
423.0
584.0
544.5
162.0
262.0
415.5
486.0
660.5
423.0
584.0
544.5
112.0
262.0
365.5
486.0
660.5
423.0
584.0
544.5
62.0
262.0
315.5
486.0
660.5
423.0
584.0
544.5
12.0
262.0
265.5
486.0
660.5
386.5
584.0
544.5
-1.5
262.0
215.5
486.0
660.5
336.5
584.0
544.5
-1.5
262.0
165.5
486.0
660.5
286.5
584.0
544.5
-1.5
262.0
115.5
486.0
618.0
236.5
584.0
544.5
-1.5
262.0
108.0
486.0
568.0
186.5
584.0
544.5
-1.5
262.0
108.0
486.0
518.0
136.5
584.0
544.5
-1.5
262.0
108.0
486.0
468.0
86.5
584.0
544.5
-1.5
262.0
108.0
486.0
418.0
36.5
584.0
544.5
-1.5
262.0
108.0
486.0
356.0
-1.5
584.0
544.5
-1.5
262.0
108.0
486.0
256.0
-1.5
584.0
544.5
-1.5
262.0
108.0
486.0
156.0
-1.5
584.0
544.5
-1.5
262.0
108.0
486.0
64.0
-1.5
584.0
544.5
-1.5
254.0
108.0
486.0
14.0
-1.5
584.0
544.5
-1.5
204.0
108.0
486.0
-2.0
-1.5
584.0
3653.0
-1.5
154.0
108.0
486.0
-2.0
-1.5
584.0
3603.0
-1.5
104.0
108.0
486.0
-2.0
-1.5
584.0
3553.0
-1.5
54.0
108.0
486.0
-2.0
-1.5
584.0
3503.0
-1.5
4.0
108.0
486.0
-2.0
-1.5
584.0
3409.0
-1.5
-2.0
108.0
486.0
-2.0
-1.5
584.0
3309.0
-1.5
-2.0
108.0
486.0
-2.0
-1.5
584.0
3209.0
-1.5
-2.0
108.0
486.0
-2.0
-1.5
584.0
3109.0
-1.5
-2.0
108.0
486.0
-2.0
-1.5
584.0
3009.0
-1.5
-2.0
108.0
486.0
-2.0
-1.5
584.0
2909.0
-1.5
-2.0
108.0
486.0
-2.0
-1.5
584.0
2809.0
-1.5
-2.0
108.0
486.0
-2.0
-1.5
584.0
2709.0
-1.5
-2.0
108.0
486.0
-2.0
-1.5
584.0
2609.0
-1.5
-2.0
108.0
486.0
-2.0
-1.5
584.0
2509.0
-1.5
-2.0
108.0
486.0
-2.0
-1.5
584.0
2409.0
-1.5
-2.0
108.0
486.0
-2.0
-1.5
584.0
2357.0
-1.5
-2.0
60.0
486.0
-2.0
-1.5
584.0
2307.0
-1.5
-2.0
10.0
486.0
-2.0
3067.0
584.0
2257.0
-1.5
-2.0
-1.5
486.0
-2.0
3017.0
584.0
2207.0
-1.5
-2.0
-1.5
486.0
-2.0
2967.0
584.0
2157.0
-1.5
-2.0
-1.5
486.0
-2.0
2917.0
584.0
2107.0
-1.5
-2.0
-1.5
486.0
-2.0
2867.0
584.0
2057.0
-1.5
-2.0
-1.5
486.0
-2.0
2817.0
584.0
2007.0
-1.5
-2.0
-1.5
486.0
-2.0
2767.0
584.0
1957.0
-1.5
-2.0
-1.5
486.0
-2.0
2717.0
584.0
1907.0
-1.5
-2.0
-1.5
486.0
-2.0
2667.0
584.0
1857.0
-1.5
-2.0
-1.5
486.0
-2.0
2617.0
584.0
1807.0
-1.5
-2.0
-1.5
486.0
-2.0
2567.0
584.0
1757.0
-1.5
-2.0
-1.5
486.0
-2.0
2517.0
584.0
1707.0
-1.5
-2.0
-1.5
486.0
-2.0
2467.0
584.0
1657.0
-1.5
-2.0
-1.5
486.0
-2.0
2417.0
584.0
1607.0
-1.5
-2.0
-1.5
486.0
-2.0
2367.0
584.0
1557.0
-1.5
-2.0
-1.5
486.0
-2.0
2317.0
584.0
1507.0
-1.5
-2.0
-1.5
486.0
-2.0
2267.0
584.0
1457.0
-1.5
-2.0
-1.5
486.0
-2.0
2217.0
584.0
1407.0
-1.5
-2.0
-1.5
486.0
-2.0
2167.0
584.0
1357.0
-1.5
-2.0
-1.5
486.0
-2.0
2117.0
584.0
1307.0
-1.5
-2.0
-1.5
486.0
-2.0
2067.0
584.0
1257.0
-1.5
-2.0
-1.5
486.0
-2.0
2017.0
584.0
1207.0
-1.5
-2.0
-1.5
486.0
-2.0
1967.0
584.0
1157.0
-1.5
-2.0
-1.5
486.0
-2.0
1917.0
584.0
1107.0
-1.5
-2.0
-1.5
486.0
-2.0
1867.0
584.0
1057.0
-1.5
-2.0
-1.5
486.0
-2.0
1817.0
584.0
1007.0
-1.5
-2.0
-1.5
486.0
-2.0
1767.0
584.0
957.0
-1.5
-2.0
-1.5
486.0
-2.0
1717.0
584.0
907.0
-1.5
-2.0
-1.5
486.0
-2.0
1667.0
584.0
857.0
-1.5
-2.0
-1.5
486.0
-2.0
1617.0
584.0
807.0
-1.5
-2.0
-1.5
486.0
-2.0
1567.0
584.0
757.0
-1.5
-2.0
-1.5
486.0
-2.0
1517.0
584.0
707.0
-1.5
-2.0
-1.5
486.0
-2.0
1467.0
584.0
657.0
-1.5
-2.0
-1.5
486.0
-2.0
1417.0
584.0
607.0
-1.5
-2.0
-1.5
486.0
-2.0
1367.0
584.0
557.0
-1.5
-2.0
-1.5
486.0
-2.0
1317.0
584.0
507.0
-1.5
-2.0
-1.5
486.0
-2.0
1267.0
584.0
457.0
-1.5
-2.0
-1.5
486.0
-2.0
1217.0
584.0
407.0
-1.5
-2.0
-1.5
486.0
-2.0
1167.0
584.0
379.0
-1.5
-2.0
3117.0
486.0
-2.0
1117.0
584.0
379.0
-1.5
-2.0
3067.0
486.0
-2.0
1067.0
584.0
379.0
-1.5
-2.0
3017.0
486.0
-2.0
1017.0
584.0
379.0
-1.5
-2.0
2967.0
486.0
-2.0
967.0
584.0
379.0
-1.5
-2.0
2917.0
486.0
-2.0
917.0
584.0
379.0
-1.5
-2.0
2867.0
486.0
-2.0
867.0
584.0
379.0
-1.5
-2.0
2817.0
486.0
-2.0
817.0
584.0
379.0
-1.5
-2.0
2767.0
486.0
-2.0
767.0
584.0
379.0
-1.5
-2.0
2717.0
486.0
-2.0
717.0
584.0
379.0
-1.5
-2.0
2667.0
486.0
-2.0
667.0
584.0
379.0
-1.5
-2.0
2617.0
486.0
-2.0
617.0
584.0
379.0
-1.5
-2.0
2567.0
486.0
-2.0
567.0
584.0
379.0
-1.5
-2.0
2517.0
486.0
-2.0
517.0
584.0
379.0
-1.5
-2.0
2467.0
486.0
-2.0
467.0
584.0
379.0
-1.5
-2.0
2417.0
486.0
-2.0
417.0
584.0
379.0
-1.5
-2.0
2367.0
486.0
-2.0
367.0
584.0
379.0
-1.5
-2.0
2317.0
486.0
-2.0
317.0
584.0
379.0
-1.5
-2.0
2267.0
486.0
-2.0
267.0
584.0
379.0
-1.5
-2.0
2217.0
486.0
-2.0
217.0
584.0
379.0
-1.5
-2.0
2167.0
486.0
-2.0
167.0
584.0
379.0
-1.5
-2.0
2117.0
486.0
-2.0
117.0
584.0
379.0
-1.5
-2.0
2067.0
486.0
-2.0
67.0
584.0
379.0
-1.5
-2.0
2017.0
486.0
-2.0
17.0
584.0
379.0
-1.5
-2.0
1967.0
486.0
-2.0
-2.0
584.0
379.0
3074.0
-2.0
1917.0
486.0
-2.0
-2.0
584.0
379.0
3024.0
-2.0
1867.0
486.0
-2.0
-2.0
584.0
379.0
2974.0
-2.0
1817.0
486.0
-2.0
-2.0
584.0
379.0
2924.0
-2.0
1767.0
486.0
-2.0
-2.0
584.0
379.0
2874.0
-2.0
1717.0
486.0
-2.0
-2.0
584.0
379.0
2824.0
-2.0
1667.0
486.0
-2.0
-2.0
584.0
379.0
2774.0
-2.0
1617.0
486.0
-2.0
-2.0
584.0
379.0
2724.0
-2.0
1567.0
486.0
-2.0
-2.0
584.0
379.0
2674.0
-2.0
1517.0
486.0
-2.0
-2.0
584.0
379.0
2624.0
-2.0
1467.0
486.0
-2.0
-2.0
584.0
379.0
2574.0
-2.0
1417.0
486.0
-2.0
-2.0
584.0
379.0
2524.0
-2.0
1367.0
486.0
-2.0
-2.0
584.0
379.0
2474.0
-2.0
1317.0
486.0
-2.0
-2.0
584.0
379.0
2424.0
-2.0
1267.0
486.0
-2.0
-2.0
584.0
379.0
2374.0
-2.0
1217.0
486.0
-2.0
-2.0
584.0
379.0
2324.0
-2.0
1167.0
486.0
-2.0
-2.0
584.0
379.0
2274.0
-2.0
1117.0
486.0
-2.0
-2.0
584.0
379.0
2224.0
-2.0
1067.0
486.0
-2.0
-2.0
584.0
379.0
2174.0
-2.0
1017.0
486.0
-2.0
-2.0
584.0
379.0
2124.0
-2.0
967.0
486.0
-2.0
-2.0
584.0
379.0
2074.0
-2.0
917.0
486.0
-2.0
-2.0
584.0
379.0
2024.0
-2.0
867.0
486.0
-2.0
-2.0
584.0
379.0
1974.0
-2.0
817.0
486.0
-2.0
-2.0
584.0
379.0
1924.0
-2.0
767.0
486.0
-2.0
-2.0
584.0
379.0
1874.0
-2.0
717.0
486.0
-2.0
-2.0
584.0
379.0
1824.0
-2.0
667.0
486.0
-2.0
-2.0
584.0
379.0
1774.0
-2.0
617.0
486.0
-2.0
-2.0
584.0
379.0
1724.0
-2.0
567.0
486.0
-2.0
-2.0
584.0
379.0
1674.0
-2.0
517.0
486.0
-2.0
-2.0
584.0
379.0
1624.0
-2.0
467.0
486.0
-2.0
-2.0
584.0
379.0
1574.0
-2.0
417.0
486.0
-2.0
-2.0
584.0
379.0
1524.0
-2.0
367.0
486.0
-2.0
-2.0
584.0
379.0
1474.0
-2.0
317.0
486.0
-2.0
-2.0
584.0
379.0
1424.0
-2.0
267.0
486.0
-2.0
-2.0
584.0
379.0
1374.0
-2.0
217.0
486.0
-2.0
-2.0
584.0
379.0
1324.0
-2.0
167.0
486.0
-2.0
-2.0
584.0
379.0
1274.0
-2.0
117.0
486.0
-2.0
-2.0
584.0
379.0
1224.0
-2.0
67.0
486.0
-2.0
-2.0
584.0
379.0
1174.0
-2.0
17.0
486.0
-2.0
-2.0
553.0
379.0
1124.0
-2.0
-2.0
486.0
-2.0
-2.0
503.0
379.0
1074.0
-2.0
-2.0
486.0
-2.0
-2.0
453.0
379.0
1024.0
-2.0
-2.0
486.0
-2.0
-2.0
403.0
379.0
974.0
-2.0
-2.0
486.0
-2.0
-2.0
353.0
379.0
924.0
-2.0
-2.0
486.0
-2.0
-2.0
303.0
379.0
874.0
-2.0
-2.0
486.0
-2.0
-2.0
253.0
379.0
824.0
-2.0
-2.0
486.0
-2.0
-2.0
203.0
379.0
774.0
-2.0
-2.0
486.0
-2.0
-2.0
153.0
379.0
724.0
-2.0
-2.0
486.0
-2.0
-2.0
103.0
379.0
674.0
-2.0
-2.0
486.0
-2.0
-2.0
53.0
379.0
624.0
-2.0
-2.0
486.0
-2.0
-2.0
3.0
379.0
574.0
-2.0
-2.0
486.0
-2.0
-2.0
-2.0
379.0
524.0
-2.0
-2.0
441.0
-2.0
-2.0
-2.0
379.0
474.0
-2.0
-2.0
391.0
-2.0
-2.0
-2.0
379.0
424.0
-2.0
-2.0
341.0
-2.0
-2.0
-2.0
379.0
374.0
-2.0
-2.0
291.0
-2.0
-2.0
-2.0
379.0
324.0
-2.0
-2.0
241.0
-2.0
-2.0
-2.0
379.0
274.0
-2.0
-2.0
191.0
-2.0
-2.0
-2.0
379.0
224.0
-2.0
-2.0
141.0
-2.0
-2.0
-2.0
336.0
174.0
-2.0
-2.0
134.0
-2.0
-2.0
-2.0
286.0
124.0
-2.0
-2.0
134.0
-2.0
-2.0
-2.0
236.0
74.0
-2.0
-2.0
134.0
-2.0
-2.0
-2.0
186.0
24.0
-2.0
-2.0
134.0
-2.0
-2.0
-2.0
136.0
-2.0
-2.0
-2.0
110.0
-2.0
-2.0
-2.0
86.0
-2.0
-2.0
-2.0
60.0
-2.0
-2.0
-2.0
36.0
-2.0
-2.0
-2.0
10.0
