8286.333333333334
8580.5
8631.833333333334
9029.0
8967.0
8879.0
8817.0
8729.0
8667.0
8579.0
8517.0
8429.0
8367.0
8279.0
8204.166666666666
8141.833333333333
8043.833333333333
8002.166666666667
7893.833333333333
7852.166666666667
7743.833333333333
7702.166666666667
7593.833333333333
7552.166666666667
7443.833333333333
7402.166666666667
7293.833333333333
7252.166666666667
7143.833333333333
7102.166666666667
6993.833333333333
6952.166666666667
6843.833333333333
6802.166666666667
6693.833333333333
6652.166666666667
6543.833333333333
6502.166666666667
6393.833333333333
6352.166666666667
6243.833333333333
6202.166666666667
6093.833333333333
6052.166666666667
5943.833333333333
5902.166666666667
5786.833333333333
5759.166666666667
5620.166666666667
5625.833333333333
5453.5
5492.5
5302.166666666667
5343.833333333333
5152.166666666667
5193.833333333333
4990.166666666667
5055.833333333333
4823.5
4922.5
4656.833333333333
4789.166666666667
4490.166666666667
4655.833333333333
4323.5
4522.5
4156.833333333333
4389.166666666667
3990.1666666666665
4255.833333333333
3823.5
4122.5
3656.8333333333335
3989.1666666666665
3490.1666666666665
3855.8333333333335
3324.0
3722.0
3174.0
3572.0
3030.8333333333335
3415.1666666666665
2897.5
3248.5
2764.1666666666665
3081.8333333333335
2630.8333333333335
2915.1666666666665
2497.5
2748.5
2364.1666666666665
2581.8333333333335
2230.8333333333335
2415.1666666666665
2097.5
2248.5
1964.1666666666667
2081.8333333333335
1815.8333333333333
1930.1666666666667
1665.8333333333333
1780.1666666666667
1515.8333333333333
1630.1666666666667
1365.8333333333333
1480.1666666666667
1220.6666666666667
1325.3333333333333
1087.3333333333333
1158.6666666666667
951.5
994.5
801.5
844.5
651.5
694.5
501.5
544.5
364.6666666666667
381.3333333333333
231.33333333333334
214.66666666666666
98.0
48.0
