6.299331545829773
6.414079030354817
6.478928327560425
6.615137815475464
6.852367877960205
6.950800975163777
7.06882631778717
7.1434768835703535
7.344970146814982
7.549646178881328
7.653041919072469
7.739827315012614
7.838874499003093
8.026038845380148
8.077645063400269
8.158140381177267
8.11935818195343
8.069695631663004
8.06199586391449
8.031489491462708
8.228447675704956
8.23933188120524
8.202919046084086
8.138893326123556
8.220173120498657
8.34967545668284
8.43373970190684
8.413707494735718
8.371679902076721
8.468972007433573
8.465757052103678
8.44924239317576
8.573680877685547
8.54735509554545
8.496710697809855
8.479872385660807
8.588422616322836
8.748446702957153
8.961520353953043
9.000449021657309
8.987936655680338
8.842315912246704
8.829215010007223
8.823739965756735
8.868319908777872
8.870124657948812
8.85746971766154
8.991699934005737
9.042818983395895
9.151300509770712
8.899524807929993
8.786307493845621
9.222142537434896
9.279186129570007
9.308600187301636
9.119020501772562
9.108984430631002
9.258213996887207
9.353793144226074
9.31165067354838
9.587342500686646
9.436667958895365
9.747145175933838
9.728323618570963
9.539971947669983
9.52700432141622
9.616519252459208
9.590157787005106
9.585017999013266
10.006478190422058
9.606852173805237
9.968000133832296
9.886296312014261
9.85168969631195
9.75051482518514
9.880627473195394
9.93768584728241
10.013041853904724
10.123562773068747
10.037773291269938
10.281897107760111
10.432678500811258
10.18382696310679
10.388063311576843
10.362421870231628
10.476128975550333
10.42695685227712
10.379699985186258
10.473389863967896
10.316540519396463
10.321300268173218
10.417659322420755
10.4853728612264
10.787067810694376
10.649346152941385
10.627843300501505
10.576024015744528
10.560814181963602
10.727397044499716
10.695046544075012
10.673764705657959
10.818875471750895
10.7894500096639
10.825444539388021
10.841053326924643
10.994283040364584
11.28652548789978
11.209418217341105
11.26783529917399
11.276358683904013
11.346982757250467
11.279553850491842
11.214426159858704
11.305041670799255
11.574638485908508
11.534173289934794
11.492082158724466
11.44109050432841
11.574684460957846
11.557119687398275
11.513308008511862
11.467686971028646
11.436940471331278
11.4230397939682
