5.500057538350423
5.524590651194255
5.716809868812561
5.786764025688171
5.855197787284851
5.971908092498779
6.053421815236409
6.21416449546814
6.300834496815999
6.324454506238301
6.376041332880656
6.477726856867473
6.436855951944987
6.406328439712524
6.390702883402507
6.412781159083049
6.405113140741984
6.459579825401306
6.544858972231547
6.539258201917012
6.657649477322896
6.728604396184285
6.772884845733643
6.765928824742635
6.7004936536153155
6.694045066833496
6.675893187522888
6.676931738853455
6.708212931950887
6.724415024121602
6.746854146321614
6.759036064147949
6.732649564743042
6.858163158098857
6.8585431178410845
6.917154312133789
6.966093937555949
6.919134616851807
7.126390020052592
7.049849669138591
7.02333136399587
6.969241698582967
7.059425552686055
7.108963131904602
7.102077166239421
7.030976136525472
7.02684732278188
7.0606381098429365
7.060740788777669
7.162942369778951
7.159269531567891
7.378682216008504
7.341057976086934
7.356769720713298
7.430855552355449
7.472013711929321
7.500687996546428
7.538956205050151
7.554697632789612
7.608792583147685
7.76259442170461
7.76335346698761
7.689052184422811
7.708516081174214
7.842183589935303
7.913679798444112
7.893733859062195
7.902055501937866
7.943547169367473
7.931588331858317
8.011996229489645
8.092524687449137
8.074609875679016
8.073434670766195
8.098689198493958
8.092106024424234
8.074796716372171
8.101627508799234
8.190090497334799
8.104129830996195
8.14979096253713
8.120088537534079
8.236461321512857
8.234285036722818
8.34031883875529
8.341578165690104
8.414387623469034
8.432548960049948
8.43470048904419
8.430023312568665
8.498034079869589
8.501705686251322
8.577727198600769
8.50511380036672
8.674548188845316
8.635143319765726
8.671541055043539
8.685312509536743
8.782848834991455
8.860162377357483
8.865721583366394
8.936314543088278
9.088466882705688
9.030705531438192
9.018877148628235
9.098534981409708
9.065527160962423
9.073997934659323
9.059892853101095
9.063107371330261
9.26140030225118
9.345028201738993
9.346931179364523
9.415980458259583
9.419266303380331
9.414841930071512
9.405518094698587
9.39807109038035
9.390295346577963
9.389793316523233
9.366990367571512
9.367175976435343
9.359800299008688
9.351067543029785
