9153.0
8214.333333333334
9617.666666666666
8304.666666666666
9674.666666666666
8171.333333333333
9508.0
8038.0
9341.333333333334
7904.666666666667
9174.666666666666
7771.333333333333
9008.0
7638.0
8841.333333333334
7504.666666666667
8674.666666666666
7371.333333333333
8508.0
7238.0
8341.333333333334
7104.666666666667
8174.666666666667
6971.333333333333
8008.0
6838.0
7841.333333333333
6704.666666666667
7674.666666666667
6571.333333333333
7508.0
6438.0
7341.333333333333
6304.666666666667
7174.666666666667
6171.333333333333
7008.0
6038.0
6841.333333333333
5904.666666666667
6674.666666666667
5771.333333333333
6508.0
5638.0
6341.333333333333
5504.666666666667
6174.666666666667
5371.333333333333
6008.0
5238.0
5841.333333333333
5104.666666666667
5674.666666666667
4971.333333333333
5508.0
4838.0
5341.333333333333
4704.666666666667
5174.666666666667
4571.333333333333
5008.0
4438.0
4841.333333333333
4304.666666666667
4682.666666666667
4163.333333333333
4532.666666666667
4013.3333333333335
4382.666666666667
3863.3333333333335
4226.5
3719.5
4059.8333333333335
3586.1666666666665
3893.1666666666665
3452.8333333333335
3726.5
3319.5
3559.8333333333335
3186.1666666666665
3393.1666666666665
3052.8333333333335
3226.5
2919.5
3059.8333333333335
2786.1666666666665
2893.1666666666665
2652.8333333333335
2726.5
2519.5
2559.8333333333335
2386.1666666666665
2393.1666666666665
2252.8333333333335
2226.5
2119.5
2059.8333333333335
1986.1666666666667
1898.3333333333333
1847.6666666666667
1748.3333333333333
1697.6666666666667
1598.3333333333333
1547.6666666666667
1448.3333333333333
1397.6666666666667
1298.3333333333333
1247.6666666666667
1148.3333333333333
1097.6666666666667
998.3333333333334
947.6666666666666
848.3333333333334
797.6666666666666
698.3333333333334
647.6666666666666
548.3333333333334
497.6666666666667
398.3333333333333
347.6666666666667
248.33333333333334
197.66666666666666
98.33333333333333
47.666666666666664
