3174.5
4892.5
3885.75
4842.5
3835.75
4792.5
3785.75
4742.5
3735.75
4692.5
3685.75
5316.5
3635.75
5266.5
3585.75
5799.5
3535.75
5749.5
3485.75
5699.5
3435.75
5649.5
3385.75
5599.5
3335.75
5549.5
4474.25
5499.5
4424.25
5449.5
5448.0
5399.5
5398.0
5349.5
5348.0
5299.5
5298.0
5249.5
5248.0
5199.5
5198.0
5149.5
5148.0
5099.5
5098.0
5049.5
5048.0
4999.5
4998.0
4949.5
4948.0
4899.5
4898.0
4849.5
4848.0
4799.5
4798.0
4749.5
4748.0
4699.5
4698.0
4649.5
4648.0
4599.5
4598.0
4549.5
4548.0
4499.5
4498.0
4449.5
4448.0
4399.5
4398.0
4349.5
4348.0
4299.5
4298.0
4249.5
4248.0
4199.5
4198.0
4149.5
4148.0
4099.5
4098.0
4049.5
4048.0
3999.5
3998.0
3949.5
3948.0
3899.5
3898.0
3849.5
3848.0
3799.5
3798.0
3749.5
3748.0
3699.5
3698.0
3649.5
3657.0
6715.0
3632.0
6640.0
3607.0
6565.0
3582.0
6490.0
3557.0
6415.0
3532.0
6340.0
3507.0
6265.0
3482.0
6190.0
3457.0
6115.0
3432.0
6040.0
3407.0
5965.0
3382.0
5890.0
3357.0
5815.0
3348.0
8848.5
3348.0
8748.5
3348.0
8648.5
6462.25
8559.0
6437.25
8484.0
6412.25
8409.0
6387.25
8334.0
6362.25
8259.0
6337.25
8184.0
6312.25
8109.0
6287.25
8034.0
6262.25
7959.0
6237.25
7884.0
6212.25
7809.0
6187.25
7734.0
6162.25
7659.0
6137.25
7584.0
6112.25
7509.0
6087.25
7434.0
6062.25
7359.0
6037.25
7284.0
6012.25
7209.0
5987.25
7134.0
5962.25
7059.0
5937.25
6984.0
5912.25
6909.0
5887.25
6834.0
5862.25
6759.0
5837.25
6684.0
5812.25
6609.0
5787.25
6534.0
5762.25
6459.0
5737.25
6384.0
5712.25
6309.0
5687.25
6234.0
5662.25
6159.0
5637.25
6084.0
5612.25
6009.0
5587.25
5934.0
5562.25
5859.0
5537.25
5784.0
5512.25
5709.0
5487.25
5634.0
5462.25
5559.0
5437.25
5484.0
5412.25
5409.0
5387.25
5334.0
5362.25
5259.0
5337.25
5184.0
5312.25
5109.0
5287.25
5034.0
5262.25
4959.0
5237.25
4884.0
5212.25
4809.0
5187.25
4734.0
5162.25
4659.0
5137.25
4584.0
5112.25
4509.0
5087.25
4434.0
5062.25
4359.0
8137.5
4308.5
8087.5
4258.5
8037.5
4208.5
7987.5
4158.5
7937.5
4108.5
7887.5
4058.5
7837.5
4008.5
7787.5
3958.5
7737.5
3908.5
7687.5
3858.5
7637.5
3808.5
7587.5
3758.5
7537.5
3708.5
7487.5
3658.5
7437.5
3608.5
7387.5
3558.5
7337.5
3508.5
7287.5
3458.5
7237.5
3408.5
7187.5
3358.5
7137.5
3308.5
7087.5
3258.5
7037.5
3208.5
6987.5
3158.5
6937.5
3108.5
6887.5
3058.5
6837.5
3008.5
6787.5
2958.5
6737.5
2908.5
6687.5
2858.5
6637.5
2808.5
6587.5
2758.5
6537.5
2708.5
6487.5
2658.5
6437.5
2608.5
6387.5
2558.5
6337.5
2508.5
6295.5
2450.5
6270.5
2375.5
6245.5
2300.5
6220.5
2225.5
6195.5
2150.5
6170.5
2075.5
6141.5
2004.5
6091.5
1954.5
6041.5
1904.5
5991.5
1854.5
5941.5
1804.5
5891.5
1754.5
5826.5
1719.5
5751.5
1694.5
5676.5
1669.5
5592.25
1653.75
5492.25
1653.75
5392.25
1653.75
5292.25
1653.75
5192.25
1653.75
5092.25
1653.75
4992.25
1653.75
4892.25
1653.75
4792.25
1653.75
4692.25
1653.75
4606.25
1639.75
4531.25
1614.75
4456.25
1589.75
4381.25
1564.75
4306.25
1539.75
4231.25
1514.75
4156.25
1489.75
4081.25
1464.75
4006.25
1439.75
3931.25
1414.75
3856.25
1389.75
3781.25
1364.75
3712.75
1333.25
3662.75
1283.25
3612.75
1233.25
3562.75
1183.25
3497.5
1148.5
3422.5
1123.5
3347.5
1098.5
3272.5
1073.5
3197.5
1048.5
3122.5
1023.5
3047.5
998.5
2972.5
973.5
2897.5
948.5
2822.5
923.5
2747.5
898.5
2672.5
873.5
2597.5
848.5
2522.5
823.5
2447.5
798.5
2372.5
773.5
2297.5
748.5
2222.5
723.5
2147.5
698.5
2072.5
673.5
1997.5
648.5
1922.5
623.5
1847.5
598.5
1772.5
573.5
1697.5
548.5
1622.5
523.5
1547.5
498.5
1472.5
473.5
1397.5
448.5
1322.5
423.5
1247.5
398.5
1172.5
373.5
1097.5
348.5
1022.5
323.5
947.5
298.5
872.5
273.5
797.5
248.5
722.5
223.5
647.5
198.5
572.5
173.5
497.5
148.5
422.5
123.5
347.5
98.5
272.5
73.5
197.5
48.5
122.5
23.5
47.5
-1.5
