2.8225647807121277
2.823041021823883
2.8981809616088867
2.898260533809662
2.973151743412018
2.973272204399109
3.035975992679596
3.0360817313194275
3.0948103070259094
3.0948978066444397
3.2167850136756897
3.216880738735199
3.336404502391815
3.3364803194999695
3.4771117568016052
3.477177679538727
3.624084711074829
3.6243242025375366
3.675143301486969
3.675230860710144
3.7279934883117676
3.728104591369629
3.796534478664398
3.796706795692444
3.824988543987274
3.825195789337158
3.840514659881592
3.8405786752700806
3.931345522403717
3.9314160346984863
4.056649744510651
4.056720018386841
4.144077301025391
4.14414656162262
4.16716194152832
4.167234122753143
4.219934701919556
4.220143616199493
4.24064701795578
4.240713059902191
4.269895255565643
4.269968092441559
4.312619745731354
4.31297105550766
4.37706458568573
4.37714546918869
4.432414293289185
4.432487785816193
4.486151933670044
4.4862202405929565
4.553238272666931
4.553316295146942
4.732872724533081
4.7329835295677185
4.847157776355743
4.847244083881378
4.883754074573517
4.883832573890686
4.9485127329826355
4.948588252067566
5.0576083064079285
5.057703852653503
5.1001492738723755
5.100221276283264
5.181540787220001
5.181615233421326
5.372499227523804
5.372780799865723
5.320180416107178
5.320281207561493
5.269838511943817
5.269900023937225
5.326344966888428
5.326435446739197
5.396929204463959
5.397343695163727
5.4347779750823975
5.434848785400391
5.676911294460297
5.677019774913788
5.697660386562347
5.697742223739624
5.698464095592499
5.698528528213501
5.691102683544159
5.6911656856536865
5.6986939907073975
5.698755741119385
5.709924221038818
5.709986209869385
5.705351173877716
5.705412924289703
5.563445329666138
5.563507556915283
5.696658492088318
5.696732699871063
5.691941976547241
5.692008435726166
5.683222711086273
5.683282673358917
5.809459984302521
5.809521913528442
5.983254313468933
5.9833192229270935
6.1130359172821045
6.113097190856934
6.312799692153931
6.312861740589142
6.023569464683533
6.023630499839783
6.015314221382141
6.015373468399048
6.028990983963013
6.029052734375
6.035821735858917
6.0359086990356445
6.058104991912842
6.058165729045868
6.046770751476288
6.046831786632538
6.244973242282867
6.245031952857971
6.259683310985565
6.25974428653717
6.250415205955505
6.250476717948914
6.263375759124756
6.263436019420624
6.740820527076721
6.740878462791443
6.792115747928619
6.792183816432953
6.806497931480408
6.806562721729279
7.310171961784363
7.310232996940613
7.308013558387756
7.3080832958221436
7.306106209754944
7.306164741516113
7.32191801071167
7.321995854377747
7.356429755687714
7.3564887046813965
7.263442754745483
7.263512194156647
7.328424513339996
7.328497231006622
7.338398993015289
7.338459491729736
7.356210708618164
7.356272518634796
7.393060743808746
7.393120765686035
7.394233822822571
7.394293546676636
7.388819694519043
7.388879239559174
7.393613696098328
7.393670916557312
7.395860970020294
7.395917534828186
7.588692724704742
7.588751435279846
7.603802502155304
7.603863537311554
7.5987072587013245
7.598769247531891
7.635603487491608
7.635661721229553
7.617790043354034
7.617843925952911
7.636652052402496
7.636722028255463
7.654477000236511
7.654532015323639
7.675818920135498
7.675878942012787
7.690258026123047
7.690319240093231
7.706217288970947
7.706281244754791
7.624227464199066
7.624291300773621
7.6269912123680115
7.627045214176178
7.658234477043152
7.658292651176453
7.776220321655273
7.776276707649231
7.789797306060791
7.789853036403656
7.787776708602905
7.787835657596588
7.808435082435608
7.808489799499512
7.821784555912018
7.821852326393127
7.829587996006012
7.829649925231934
7.861070036888123
7.861128270626068
7.85358327627182
7.853640019893646
7.840547680854797
7.840610444545746
7.818335056304932
7.818395018577576
7.847653269767761
7.847729444503784
7.84166556596756
7.841730296611786
7.835988521575928
7.836044788360596
7.989804148674011
7.989864766597748
8.010752260684967
8.010812163352966
8.034550786018372
8.034619987010956
7.888788223266602
7.888844668865204
8.173418700695038
8.173475444316864
8.038394272327423
8.038452744483948
8.187650799751282
8.18771231174469
8.193917036056519
8.193982005119324
8.189121186733246
8.189185202121735
8.201448500156403
8.201508581638336
8.060586750507355
8.06064647436142
8.092679738998413
8.092745542526245
8.11242300271988
8.112490057945251
8.275309264659882
8.27538001537323
8.134517014026642
8.13457304239273
8.16703873872757
8.16709679365158
8.183087766170502
8.183149456977844
8.746025025844574
8.746082782745361
8.78462129831314
8.784682273864746
8.789358973503113
8.7894167304039
8.794416964054108
8.794475495815277
8.802044034004211
8.802100002765656
8.804422497749329
8.804504990577698
8.81980299949646
8.819865226745605
8.827082693576813
8.82714331150055
8.86280643939972
8.862867176532745
9.10835576057434
9.108415007591248
9.119435846805573
9.119496285915375
9.129410982131958
9.12947154045105
9.122891962528229
9.12296050786972
9.1204594373703
9.120520770549774
9.130583226680756
9.130642235279083
9.130689978599548
9.130768716335297
9.161063492298126
9.161121487617493
9.191217064857483
9.191284835338593
9.201051771640778
9.201123237609863
9.19774067401886
9.197829008102417
9.217772841453552
9.217829585075378
9.082535743713379
9.082589447498322
9.101953506469727
9.102017998695374
9.101360261440277
9.101415991783142
9.10424542427063
9.1042999625206
9.139266014099121
9.139324963092804
9.150765478610992
9.15082722902298
9.15710061788559
9.157159745693207
9.173510432243347
9.173565208911896
9.174911260604858
9.174966931343079
9.197227835655212
9.197283029556274
9.20904803276062
9.209101557731628
9.240057468414307
9.240114986896515
9.254807770252228
9.254866242408752
9.274409234523773
9.274469017982483
9.260193943977356
9.26026564836502
9.245287001132965
9.245351672172546
9.37056827545166
9.370625078678131
9.364078760147095
9.364133298397064
9.37236750125885
9.372436285018921
9.377962827682495
9.378019213676453
9.414961516857147
9.415028750896454
9.412253081798553
9.412307560443878
9.679297268390656
9.679365754127502
9.682202279567719
9.682260990142822
9.706618010997772
9.706685781478882
9.721720695495605
9.7218057513237
9.723617553710938
9.723674774169922
9.714635252952576
9.714691519737244
10.121602296829224
10.121656775474548
10.106474995613098
10.106528878211975
10.099733769893646
10.099786758422852
9.985215783119202
9.985273957252502
9.971714794635773
9.97177129983902
9.963874757289886
9.963933527469635
9.962982594966888
9.96303802728653
9.984024345874786
9.984082818031311
9.993866980075836
9.993925988674164
9.980624318122864
9.980681240558624
9.980745792388916
9.980801522731781
9.98837524652481
9.98843377828598
9.976204991340637
9.976270258426666
10.09225070476532
10.092309534549713
10.08371776342392
10.083773016929626
10.117553293704987
10.11761349439621
10.115917444229126
10.115972697734833
10.125900506973267
10.12595522403717
10.105674028396606
10.105750441551208
10.120969295501709
10.121062159538269
10.1630300283432
10.163086473941803
10.171115517616272
10.171170711517334
10.161946058273315
10.162000298500061
10.192943453788757
10.193006932735443
10.20179396867752
10.201851785182953
10.641098976135254
10.64115995168686
11.104156732559204
11.104213237762451
11.103641986846924
11.103697180747986
11.11103469133377
11.111092209815979
11.535381019115448
11.535452485084534
11.517982006072998
11.51803743839264
11.52742624282837
11.527482986450195
11.517629265785217
11.517686545848846
11.528015673160553
11.528071939945221
11.51633208990097
11.516388595104218
11.519054114818573
11.519119381904602
11.515978276729584
11.5160391330719
11.535284161567688
11.535342752933502
11.529630064964294
11.529687762260437
11.537970662117004
11.538025915622711
11.543378949165344
11.543440222740173
11.546456754207611
11.546518504619598
11.536852717399597
11.536930084228516
11.540602326393127
11.54066550731659
11.543726742267609
11.543787717819214
11.535451531410217
11.535507798194885
11.536219954490662
11.53627723455429
11.545170187950134
11.545233190059662
11.57857745885849
11.578634202480316
11.57166850566864
11.571744978427887
11.569381713867188
11.569444477558136
11.567772209644318
11.567832469940186
11.589539527893066
11.589597523212433
11.609621524810791
11.609682440757751
11.60220330953598
11.602272748947144
11.584698796272278
11.584754765033722
11.5896497964859
11.589709520339966
11.599383533000946
11.599445462226868
11.642401278018951
11.642460227012634
11.64812046289444
11.648181438446045
11.654000341892242
11.65405923128128
11.656623244285583
11.656686663627625
11.642247319221497
11.642302930355072
11.639212250709534
11.639270067214966
11.636738419532776
11.636802434921265
11.636234045028687
11.636292278766632
11.661971151828766
11.662027955055237
11.65918344259262
11.659243702888489
11.650387942790985
11.65044492483139
11.64253056049347
11.642595827579498
11.657316744327545
11.657374501228333
11.691904783248901
11.691964268684387
11.689563989639282
11.689622938632965
11.674657762050629
11.674715280532837
11.657499551773071
11.657554507255554
11.648117303848267
11.648171246051788
