2.8273813724517822
2.942549765110016
3.045219659805298
3.268048971891403
3.466846615076065
3.810712367296219
3.9337202608585358
4.070270538330078
4.2194913029670715
4.376461625099182
4.546257257461548
4.661689817905426
4.786623239517212
4.827255189418793
4.8671515583992
4.890811741352081
4.948780536651611
4.9527102410793304
5.0213600397109985
5.0094073712825775
5.056456804275513
5.089950382709503
5.321630775928497
5.314551830291748
5.3540118634700775
5.372934877872467
5.3661849796772
5.3535415828228
5.294017851352692
5.491814583539963
5.522636979818344
5.624135434627533
5.756376355886459
5.7618032693862915
5.688459277153015
5.724658101797104
5.690028786659241
5.775087893009186
5.8074327409267426
5.891779839992523
6.101225435733795
6.055105954408646
6.250222980976105
6.137968510389328
6.163872480392456
6.193232506513596
6.195420175790787
6.292529404163361
6.328035920858383
6.336250752210617
6.291319578886032
6.506733149290085
6.446164280176163
6.400050699710846
6.439493834972382
6.40496152639389
6.33432874083519
6.429310292005539
6.477630585432053
6.713473439216614
6.791049420833588
6.7538647055625916
6.78616738319397
6.9279104471206665
7.079551786184311
6.865361332893372
6.800441533327103
6.842380106449127
6.894010126590729
6.9138539135456085
6.724033921957016
6.965267151594162
7.044662207365036
7.233939528465271
7.165081053972244
7.283637195825577
7.25704550743103
7.5934470891952515
7.508475512266159
7.51099106669426
7.582884639501572
7.556906759738922
7.529701113700867
7.422531634569168
7.519218146800995
7.573147922754288
7.569827079772949
7.812453508377075
7.709562420845032
7.8006845116615295
7.910117745399475
8.18053874373436
7.937694251537323
7.941105216741562
7.90459081530571
7.895350456237793
8.047136574983597
8.072660595178604
8.127809524536133
8.401467591524124
8.462472885847092
8.408936560153961
8.539351910352707
8.460318118333817
8.479090601205826
8.429912477731705
8.589287132024765
8.55403259396553
8.474384635686874
8.65363597869873
8.64352148771286
8.795824944972992
8.839866012334824
8.719419360160828
8.81089162826538
9.088753938674927
9.206763356924057
9.213187962770462
9.119500577449799
9.189549893140793
9.154102265834808
9.097010731697083
9.067218780517578
8.953060358762741
