1.568436622619629
1.639772891998291
1.8468754291534424
2.01886248588562
2.2759594917297363
2.4761234521865845
2.6220765113830566
2.796913504600525
2.969019055366516
3.1159894466400146
3.3531659841537476
3.5138909816741943
3.6618560552597046
3.8199979066848755
4.030097484588623
4.214864611625671
4.332448482513428
4.498445153236389
4.661876559257507
4.847597360610962
5.00275194644928
5.116761565208435
5.1955565214157104
5.252219557762146
5.412304043769836
5.5517449378967285
5.602028012275696
5.6059805154800415
5.61244797706604
5.621055483818054
5.6290000677108765
5.70691454410553
5.730284929275513
5.73914098739624
5.739248514175415
5.794448018074036
6.074758052825928
6.076345443725586
6.075701475143433
6.075650572776794
6.090252995491028
6.094875931739807
6.117729902267456
6.121246337890625
6.120407462120056
6.144755601882935
6.152411580085754
6.155763387680054
6.189793944358826
6.227501034736633
6.236783027648926
6.245550870895386
6.288910865783691
6.304073452949524
6.305353999137878
6.307636380195618
6.309931039810181
6.343273401260376
6.247190475463867
6.39015257358551
6.398496389389038
6.54096257686615
6.585776090621948
6.600444078445435
6.607732534408569
6.614259958267212
6.651474475860596
6.668323993682861
6.6905670166015625
6.6991084814071655
6.706029057502747
6.7397589683532715
6.747825503349304
6.754327893257141
6.769447445869446
6.793576955795288
6.83365797996521
6.8402204513549805
6.845218539237976
6.847570061683655
6.880251526832581
6.8579341173172
6.8968364000320435
6.900182008743286
6.809485554695129
6.960809946060181
6.971682906150818
7.23422908782959
7.161381959915161
7.165754556655884
7.185227990150452
7.205937385559082
7.211130976676941
7.2205588817596436
7.238732933998108
7.4251298904418945
7.651636362075806
7.674116015434265
7.691956400871277
7.698707461357117
7.736804485321045
7.753834843635559
7.75989842414856
7.7819355726242065
7.802926063537598
7.809158563613892
7.81288206577301
7.814753890037537
7.864567995071411
7.882278084754944
8.029750943183899
8.065571069717407
8.105703949928284
8.122631430625916
8.132636070251465
8.162607431411743
8.181381702423096
8.21596097946167
8.233384013175964
8.258156538009644
8.283677458763123
8.291609525680542
8.302459001541138
8.320407032966614
8.383610486984253
8.392408967018127
8.400828003883362
8.401860475540161
8.420177817344666
8.44462788105011
8.449195504188538
8.457452416419983
8.51185655593872
8.468674182891846
8.481801509857178
8.489565968513489
8.496483564376831
8.50293242931366
8.447281002998352
8.481945037841797
8.4945969581604
8.637656092643738
8.646827459335327
8.686280488967896
8.69947612285614
8.71131145954132
8.728893518447876
8.880613088607788
8.899784564971924
8.919832587242126
8.925039649009705
8.814904928207397
8.890228986740112
9.007938504219055
9.036099433898926
9.069617629051208
9.079419493675232
9.085142135620117
9.097320437431335
9.130275964736938
9.162208557128906
9.107670068740845
9.13764750957489
9.18002736568451
9.200621962547302
9.208986639976501
9.216583967208862
9.176960587501526
9.210168361663818
9.238075494766235
9.269605994224548
9.27984344959259
9.286810159683228
9.293224573135376
9.316628456115723
9.339784502983093
9.350669980049133
9.362232565879822
9.572143077850342
9.59539794921875
9.61927044391632
9.63340938091278
9.780587553977966
9.809990525245667
9.816259980201721
9.844722986221313
9.85951554775238
9.865762591362
9.872660517692566
9.90118956565857
9.921468496322632
9.931031465530396
9.942779421806335
9.97594153881073
9.98547101020813
9.933101534843445
9.973725080490112
9.980849981307983
9.98948359489441
10.023030519485474
10.065587043762207
10.088356018066406
10.096477031707764
10.104744911193848
10.130911111831665
10.154846549034119
10.165165424346924
10.176129460334778
10.183109521865845
10.22484838962555
10.267879009246826
10.274453043937683
10.28428304195404
10.332002997398376
10.353326559066772
10.365653991699219
10.373692512512207
10.380078077316284
10.385653018951416
10.390835523605347
10.427764534950256
10.434069395065308
10.439740061759949
10.453413486480713
10.469918489456177
10.499096512794495
10.539696455001831
10.552386403083801
10.566773533821106
10.61487901210785
10.632790565490723
10.918493032455444
10.922268867492676
11.03852891921997
11.058805108070374
11.06759512424469
11.07449197769165
11.097259998321533
11.102916479110718
11.128584384918213
11.135394930839539
11.14078950881958
11.145849108695984
11.165014386177063
11.18488597869873
11.191622018814087
11.198103904724121
11.211850047111511
11.238600492477417
11.24509847164154
11.266504526138306
11.275318026542664
11.282809495925903
11.515145540237427
11.518987894058228
11.537652492523193
11.556512475013733
11.563750505447388
11.571088075637817
11.577538013458252
11.602112054824829
11.628034949302673
11.635850548744202
11.64123547077179
11.666833996772766
11.825968503952026
11.839993000030518
11.846951007843018
11.860837459564209
11.878731489181519
11.900481939315796
11.910895466804504
11.916664481163025
11.939004182815552
11.960203647613525
11.96742296218872
11.97199559211731
11.976408958435059
11.99857747554779
12.026106595993042
12.043028473854065
12.050771951675415
12.057800531387329
12.063589453697205
12.068524956703186
12.110993504524231
12.123375415802002
12.152432084083557
12.173039555549622
12.180364608764648
12.185957551002502
12.191030144691467
12.195718169212341
12.216623544692993
12.195080995559692
12.217416048049927
12.230567574501038
12.252322912216187
12.274407505989075
12.282258033752441
12.28843104839325
12.293010592460632
12.297201991081238
12.357315421104431
12.378430485725403
12.387926459312439
12.398301482200623
12.426144480705261
12.449396014213562
12.460404992103577
12.465409517288208
12.485376596450806
12.508014559745789
12.51508092880249
12.52098035812378
12.524667382240295
12.544923901557922
12.565243005752563
12.572998046875
12.580789566040039
12.58490252494812
12.611574053764343
12.643033027648926
12.65421450138092
12.662459135055542
12.68379259109497
12.706038475036621
12.713940382003784
12.73487651348114
12.755172491073608
12.762272953987122
12.768275499343872
12.954845547676086
13.013975501060486
13.03415298461914
13.05452299118042
13.064604043960571
13.070866107940674
13.097854495048523
13.1255704164505
13.139029502868652
13.146005630493164
13.166679978370667
13.174930572509766
13.197808027267456
13.20801293849945
13.21783697605133
13.22714650630951
13.255873560905457
13.312234997749329
13.353596091270447
13.379048466682434
13.386597037315369
13.41720986366272
13.438209056854248
13.446302890777588
13.453185081481934
13.4582439661026
13.48371696472168
13.494616508483887
13.51664650440216
13.523258566856384
13.529577493667603
13.53401494026184
13.537671566009521
13.556821465492249
13.681711435317993
13.688583016395569
13.688711881637573
13.706634879112244
14.167223572731018
14.20568311214447
14.211259484291077
14.216104984283447
14.220713496208191
14.241906881332397
14.266434073448181
14.281400561332703
14.2873774766922
14.308164477348328
14.330522537231445
14.335444569587708
14.341546535491943
14.345914959907532
14.349706053733826
14.353091478347778
14.374042391777039
14.384751558303833
14.408584594726562
14.419319033622742
14.440908074378967
14.448323011398315
14.469527959823608
14.714851975440979
14.735355138778687
14.746218085289001
14.767755031585693
14.778424501419067
14.80034613609314
14.812309980392456
14.833585023880005
14.84459400177002
14.864569425582886
14.869658470153809
14.892755508422852
14.89955198764801
14.906578421592712
14.929067015647888
14.921212077140808
14.945036053657532
14.956526041030884
14.976110577583313
14.986818075180054
15.011367917060852
15.01842999458313
15.02778959274292
15.038678526878357
15.059181451797485
15.072887420654297
15.093772530555725
15.103241443634033
15.126977562904358
15.138248562812805
15.164279103279114
15.177914142608643
15.2057124376297
15.219284534454346
15.22739553451538
15.258837938308716
15.2648184299469
15.288504362106323
15.299477934837341
15.324105501174927
15.335294008255005
15.358169913291931
15.366248846054077
15.388216495513916
15.393401980400085
15.399704575538635
15.41250741481781
15.41411554813385
15.725402593612671
15.7471524477005
15.756465435028076
15.777835965156555
15.784772038459778
15.804797530174255
15.81429898738861
15.819542527198792
16.055307984352112
16.07652747631073
16.085512399673462
16.09885799884796
16.120357632637024
16.146989464759827
16.155526876449585
16.160760045051575
16.17048943042755
16.190605998039246
16.199549436569214
16.22090494632721
16.227577090263367
16.23367691040039
16.239537000656128
16.260048151016235
16.26684606075287
16.28847646713257
16.295871019363403
16.30309510231018
16.331578493118286
16.339529991149902
16.367179036140442
16.375324487686157
16.381150484085083
16.386767029762268
16.408044576644897
16.418155550956726
16.439398050308228
16.44994556903839
16.47197198867798
16.482633471488953
16.494118452072144
16.5151344537735
16.521177411079407
16.55185866355896
16.559733033180237
16.591025471687317
16.59739053249359
16.607897996902466
16.616532921791077
16.641162633895874
16.64759600162506
16.65772008895874
16.695769906044006
16.732446551322937
16.735056042671204
16.768018126487732
16.773276925086975
16.794814586639404
