1.896378993988037
1.8964625597000122
1.8965245485305786
1.8965810537338257
1.8966360092163086
1.8966920375823975
1.8967474699020386
1.8968005180358887
2.033703923225403
2.0337685346603394
2.033828020095825
2.0338884592056274
2.033960461616516
2.0340265035629272
2.034084916114807
2.034141421318054
2.117931365966797
2.1180078983306885
2.1182373762130737
2.118308901786804
2.118503451347351
2.1185688972473145
2.1255348920822144
2.1259474754333496
2.2562679052352905
2.256378412246704
2.2669719457626343
2.2671189308166504
2.268146514892578
2.2682318687438965
2.2685264348983765
2.269443392753601
2.354135036468506
2.354205012321472
2.354493498802185
2.354557991027832
2.361961603164673
2.3620325326919556
2.362368106842041
2.363068103790283
2.3488965034484863
2.355096459388733
2.355172038078308
2.355226993560791
2.356089949607849
2.356154441833496
2.3562135696411133
2.356265425682068
2.390018582344055
2.3981950283050537
2.3983041048049927
2.3983654975891113
2.3986750841140747
2.3987399339675903
2.3987960815429688
2.3989120721817017
2.7262033224105835
2.7264244556427
2.7266459465026855
2.7268399000167847
2.7270898818969727
2.7271534204483032
2.727351427078247
2.727422833442688
2.7423818111419678
2.742458939552307
2.7426594495773315
2.7428969144821167
2.7431628704071045
2.7432284355163574
2.7432843446731567
2.7434734106063843
3.3095200061798096
3.309591054916382
3.309646487236023
3.3097989559173584
3.3103424310684204
3.310406446456909
3.311750888824463
3.311836004257202
3.2690064907073975
3.2693259716033936
3.269403576850891
3.2696300745010376
3.2749305963516235
3.275001049041748
3.275056004524231
3.2751924991607666
3.511126399040222
3.5111910104751587
3.5113974809646606
3.5114699602127075
3.5115305185317993
3.5115870237350464
3.51185405254364
3.5119234323501587
3.592368006706238
3.593055009841919
3.5931299924850464
3.5931860208511353
3.593324065208435
3.5934059619903564
3.614185929298401
3.6142735481262207
3.553528070449829
3.553639531135559
3.5539470911026
3.5540319681167603
3.562003970146179
3.562082052230835
3.562227964401245
3.562295079231262
3.9572924375534058
3.957526445388794
3.957784414291382
3.957979440689087
3.9586329460144043
3.9587029218673706
3.9589444398880005
3.960466504096985
3.951936960220337
3.951998472213745
3.9520530700683594
3.9521080255508423
3.952215075492859
3.9522784948349
3.9524176120758057
3.952484965324402
3.8799179792404175
3.8800004720687866
3.8800565004348755
3.880109429359436
3.880218505859375
3.8802729845046997
3.880326986312866
3.880378484725952
4.210995554924011
4.213343024253845
4.213420510292053
4.214264988899231
4.240690588951111
4.2407660484313965
4.240949511528015
4.241267561912537
4.617779016494751
4.61785101890564
4.617914080619812
4.617967486381531
4.61806857585907
4.61812150478363
4.618173003196716
4.618222594261169
4.564751505851746
4.564824461936951
4.564880967140198
4.564936518669128
4.5649895668029785
4.565039038658142
4.565092086791992
4.565142393112183
4.713279604911804
4.7133400440216064
4.713394522666931
4.7134480476379395
4.7135010957717896
4.713551044464111
4.713603615760803
4.713653922080994
4.583709120750427
4.583777546882629
4.583831071853638
4.58388364315033
4.583936095237732
4.583985090255737
4.584035515785217
4.584084630012512
4.571567535400391
4.571624040603638
4.571679472923279
4.571730971336365
4.571782469749451
4.57183051109314
4.571888446807861
4.57193648815155
4.69404399394989
4.694104552268982
4.694156527519226
4.694208979606628
4.694260001182556
4.694310545921326
4.69436252117157
4.694409966468811
4.578312635421753
4.578370094299316
4.578421115875244
4.5784735679626465
4.5785239934921265
4.578571081161499
4.57862114906311
4.578668117523193
4.588149428367615
4.588212490081787
4.588268041610718
4.5883225202560425
4.588375449180603
4.58842408657074
4.588476538658142
4.588526010513306
4.787487030029297
4.787554621696472
4.787606596946716
4.787658095359802
4.787709474563599
4.787757515907288
4.787807583808899
4.787855625152588
4.563194990158081
4.563252568244934
4.563303470611572
4.563355445861816
4.563410997390747
4.563459038734436
4.563509941101074
4.56355893611908
4.590848922729492
4.590906381607056
4.590957999229431
4.591012954711914
4.591066479682922
4.591113924980164
4.591165900230408
4.591214895248413
4.501316547393799
4.501378059387207
4.50143301486969
4.501491069793701
4.501546025276184
4.501601576805115
4.501655459403992
4.501708149909973
4.572744011878967
4.572802543640137
4.572854042053223
4.572914123535156
4.5729660987854
4.573013544082642
4.573063492774963
4.573114514350891
4.986191391944885
4.986249089241028
4.986299991607666
4.986352443695068
4.98640251159668
4.986449480056763
4.9864994287490845
4.986546874046326
4.877669930458069
4.877725958824158
4.877776384353638
4.877827882766724
4.87787938117981
4.877925992012024
4.877979397773743
4.878026366233826
4.687970042228699
4.688072085380554
4.688148498535156
4.688234567642212
4.688298463821411
4.688350558280945
4.688403487205505
4.688454985618591
4.884654521942139
4.884709477424622
4.884767532348633
4.884817481040955
4.884867072105408
4.884913444519043
4.8849605321884155
4.88500702381134
4.821189045906067
4.821244478225708
4.821293950080872
4.821343541145325
4.821391940116882
4.821438550949097
4.8214850425720215
4.821531057357788
4.785747528076172
4.785804510116577
4.7858545780181885
4.785908102989197
4.785957098007202
4.786014080047607
4.786061525344849
4.786108493804932
4.873756051063538
4.873815536499023
4.873867511749268
4.873919486999512
4.8739705085754395
4.87401807308197
4.874067068099976
4.874115586280823
4.815750956535339
4.815806984901428
4.815856456756592
4.8159085512161255
4.815958023071289
4.816004514694214
4.816051483154297
4.816097021102905
5.092621922492981
5.092678904533386
5.092730522155762
5.092782497406006
5.092831969261169
5.092878460884094
5.092924952507019
5.092971920967102
5.032373070716858
5.032432556152344
5.032485485076904
5.032537460327148
5.032588601112366
5.032636523246765
5.0326865911483765
5.0327335596084595
5.005610942840576
5.005669474601746
5.005722403526306
5.005787372589111
5.005840420722961
5.005889415740967
5.005939841270447
5.005986928939819
5.063130497932434
5.063186526298523
5.063237428665161
5.063289523124695
5.063339948654175
5.063387513160706
5.063444972038269
5.063490509986877
5.07494056224823
5.074995994567871
5.075050473213196
5.075104594230652
5.075152635574341
5.07519805431366
5.075243592262268
5.075290560722351
4.994211554527283
4.994272589683533
4.994350075721741
4.994406580924988
4.99445903301239
4.994508504867554
4.994557976722717
4.994606614112854
4.988036036491394
4.988094449043274
4.988170504570007
4.988252878189087
4.988311052322388
4.988363981246948
4.988415002822876
4.988462448120117
5.036895513534546
5.036970019340515
5.037023425102234
5.037076950073242
5.0371270179748535
5.037172913551331
5.037222981452942
5.037268400192261
5.249531030654907
5.249587535858154
5.249637603759766
5.249687552452087
5.249735474586487
5.249790072441101
5.24983549118042
5.249879002571106
5.125836610794067
5.125891089439392
5.125939607620239
5.125989079475403
5.126041054725647
5.126085519790649
5.126132130622864
5.12617564201355
4.857712507247925
4.857766389846802
4.85781455039978
4.8578619956970215
4.8579078912734985
4.857951879501343
4.857996463775635
4.858038544654846
4.858389496803284
4.858444094657898
4.858496069908142
4.858544588088989
4.85859215259552
4.8586355447769165
4.8586801290512085
4.858722567558289
4.981583118438721
4.981640577316284
4.98169207572937
4.981743574142456
4.981794118881226
4.98184061050415
4.981888055801392
4.98193359375
4.881222367286682
4.881282448768616
4.88133442401886
4.881385803222656
4.881436467170715
4.8814839124679565
4.881532430648804
4.881578326225281
4.986638426780701
4.986693978309631
4.986745476722717
4.986794948577881
4.986843466758728
4.986888885498047
4.986938953399658
4.986983418464661
5.0212485790252686
5.021303057670593
5.021352052688599
5.021400690078735
5.021449089050293
5.021494626998901
5.021541118621826
5.021584630012512
4.946794509887695
4.946853995323181
4.9469074010849
4.946961522102356
4.9470133781433105
4.947062015533447
4.947111964225769
4.947160005569458
5.153699040412903
5.153760075569153
5.153814077377319
5.153866648674011
5.153918981552124
5.153967618942261
5.1540175676345825
5.1540645360946655
5.069360971450806
5.069417595863342
5.069469571113586
5.069519996643066
5.069570541381836
5.069617509841919
5.069665551185608
5.069710969924927
4.975220084190369
4.975281119346619
4.975335001945496
4.975390076637268
4.975441932678223
4.975491523742676
4.975541114807129
4.975608944892883
4.941079378128052
4.941160440444946
4.941219449043274
4.941273331642151
4.941325902938843
4.941377401351929
4.941426396369934
4.941472887992859
4.862028956413269
4.862086892127991
4.86213743686676
4.862188935279846
4.862237930297852
4.862284421920776
4.862331390380859
4.862375378608704
4.786819100379944
4.786876082420349
4.786925554275513
4.78697657585144
4.7870261669158936
4.787071466445923
4.787117004394531
4.7871609926223755
4.6746978759765625
4.67475438117981
4.674806475639343
4.67485785484314
4.674908399581909
4.67495596408844
4.675004363059998
4.675049901008606
4.892104983329773
4.892161130905151
4.8922131061553955
4.892264008522034
4.892314076423645
4.892361044883728
4.892408967018127
4.892454028129578
4.821923136711121
4.82197904586792
4.822033047676086
4.822082996368408
4.822131514549255
4.822176575660706
4.822222590446472
4.822267055511475
4.748842000961304
4.748917460441589
4.748973488807678
4.749027967453003
4.7490785121917725
4.749124050140381
4.749168515205383
4.749211430549622
4.868436574935913
4.868491053581238
4.868539571762085
4.868587970733643
4.868634104728699
4.868677496910095
4.868749022483826
4.868797540664673
4.670758128166199
4.670812606811523
4.670861005783081
4.670908570289612
4.670955061912537
4.671000003814697
4.671043515205383
4.671085000038147
5.1416380405426025
5.141698122024536
5.141748666763306
5.141801595687866
5.141852498054504
5.141901612281799
5.1419501304626465
5.141995549201965
5.5032570362091064
5.503315567970276
5.503365993499756
5.50341796875
5.503472566604614
5.503528475761414
5.503575444221497
5.503620982170105
5.469988465309143
5.470046043395996
5.4700950384140015
5.4701454639434814
5.470193982124329
5.470239043235779
5.470286011695862
5.470332503318787
5.442616105079651
5.442679524421692
5.4427385330200195
5.442792057991028
5.442842960357666
5.442888140678406
5.442934036254883
5.442978501319885
5.4249855279922485
5.425045013427734
5.425102591514587
5.425156474113464
5.425208568572998
5.4252564907073975
5.425305485725403
5.425373077392578
5.354598045349121
5.354684114456177
5.354759097099304
5.354817152023315
5.354870557785034
5.354950547218323
5.3550050258636475
5.355053544044495
5.306930899620056
5.306985974311829
5.307057023048401
5.307116985321045
5.307168960571289
5.307214975357056
5.307265877723694
5.307310461997986
5.281614065170288
5.2816725969314575
5.28172504901886
5.281780004501343
5.281832575798035
5.281880617141724
5.281931042671204
5.281978607177734
5.527461528778076
5.527517557144165
5.527567982673645
5.527619004249573
5.5276710987091064
5.5277180671691895
5.527765989303589
5.5278120040893555
5.435375928878784
5.435433387756348
5.435482859611511
5.435533404350281
5.435583472251892
5.435628890991211
5.435675382614136
5.43572735786438
5.340631008148193
5.340687990188599
5.340735912322998
5.340786457061768
5.340834975242615
5.340879440307617
5.340924978256226
5.340968489646912
5.378408432006836
5.378466963768005
5.378519415855408
5.378577947616577
5.378630995750427
5.378679513931274
5.378729939460754
5.378777980804443
5.309567451477051
5.309625029563904
5.3096760511398315
5.309728980064392
5.309779524803162
5.309826016426086
5.309872508049011
5.309917569160461
5.506653428077698
5.506712555885315
5.506762981414795
5.506814956665039
5.50686502456665
5.506911516189575
5.506959438323975
5.507005929946899
5.68998908996582
5.690043568611145
5.690091609954834
5.690167546272278
5.690263032913208
5.690440058708191
5.690551519393921
5.690605998039246
5.584029316902161
5.584091424942017
5.584143400192261
5.584197402000427
5.584249377250671
5.584296941757202
5.58434534072876
5.584391832351685
5.576019883155823
5.576078534126282
5.576128959655762
5.576179504394531
5.576229929924011
5.576276063919067
5.576323509216309
5.576369047164917
5.51123309135437
5.511289477348328
5.511343479156494
5.5113935470581055
5.511443495750427
5.511489033699036
5.511535048484802
5.511578917503357
5.534664511680603
5.534728407859802
5.534780979156494
5.534834504127502
5.534886956214905
5.53493595123291
5.535045385360718
5.535098552703857
5.450898051261902
5.450958013534546
5.45100998878479
5.4510639905929565
5.451117515563965
5.451165437698364
5.451214909553528
5.451262474060059
5.535081386566162
5.535138964653015
5.535189390182495
5.535241484642029
5.535292387008667
5.535338878631592
5.535387396812439
5.535432934761047
5.498717427253723
5.498769998550415
5.498816967010498
5.498865962028503
5.498914480209351
5.498959064483643
5.499005079269409
5.499048590660095
5.323391079902649
5.3234474658966064
5.32349705696106
5.323548436164856
5.323601007461548
5.3236470222473145
5.3236939907073975
5.323741555213928
5.833094000816345
5.833177924156189
5.833277940750122
5.833333492279053
5.8334105014801025
5.833461403846741
5.833508014678955
5.833552956581116
5.777262926101685
5.777318835258484
5.777367353439331
5.777417898178101
5.77746844291687
5.777512907981873
5.7775559425354
5.7775983810424805
5.77608597278595
5.776144027709961
5.776195526123047
5.776247620582581
5.7762980461120605
5.7763450145721436
5.776390433311462
5.77644407749176
5.757969617843628
5.75802755355835
5.758077025413513
5.758128523826599
5.758177995681763
5.758224010467529
5.7582725286483765
5.758317947387695
5.6826595067977905
5.682716369628906
5.68276584148407
5.682816505432129
5.682865858078003
5.682911992073059
5.6829599142074585
5.6830044984817505
5.876773476600647
5.876829624176025
5.876882433891296
5.87693452835083
5.8770060539245605
5.877056956291199
5.877102971076965
5.87714695930481
5.838516473770142
5.838574528694153
5.838624954223633
5.8386759757995605
5.838726043701172
5.838772416114807
5.838817000389099
5.838860988616943
5.797584414482117
5.79764449596405
5.797696113586426
5.7977495193481445
5.797800421714783
5.797847032546997
5.797893524169922
5.797938942909241
5.852522611618042
5.852579116821289
5.852628588676453
5.852680206298828
5.852729558944702
5.852774620056152
5.852818608283997
5.852862119674683
5.7819966077804565
5.782057523727417
5.782110571861267
5.782164096832275
5.782217979431152
5.7822664976119995
5.782313585281372
5.782360553741455
5.90399694442749
5.904054880142212
5.904107928276062
5.904159903526306
5.904210448265076
5.904257416725159
5.904303431510925
5.9044283628463745
5.966407537460327
5.966471552848816
5.966523051261902
5.966575980186462
5.966627597808838
5.966674566268921
5.9667240381240845
5.966770052909851
5.8179545402526855
5.818007588386536
5.8180553913116455
5.81810450553894
5.818151950836182
5.818195939064026
5.818238973617554
5.818280935287476
5.818713545799255
5.818771481513977
5.818823575973511
5.818876504898071
5.818927884101868
5.818975448608398
5.819022059440613
5.819068551063538
5.888105511665344
5.8881635665893555
5.888214588165283
5.888266563415527
5.8883185386657715
5.8883655071258545
5.888411045074463
5.888456583023071
5.791904091835022
5.79196298122406
5.792017579078674
5.792071104049683
5.792121052742004
5.792168021202087
5.792212963104248
5.792258143424988
5.724856019020081
5.724910497665405
5.724958539009094
5.725008964538574
5.725058913230896
5.725104451179504
5.725148439407349
5.725191950798035
6.132285118103027
6.132342100143433
6.132393479347229
6.132447004318237
6.132498621940613
6.132546067237854
6.132592558860779
6.132638573646545
5.986487507820129
5.986544966697693
5.986595988273621
5.986649394035339
5.986701011657715
5.986748576164246
5.9867939949035645
5.986843943595886
6.192891597747803
6.192951083183289
6.193002104759216
6.1930540800094604
6.193104982376099
6.193151473999023
6.193197131156921
6.193242073059082
6.3810049295425415
6.381060361862183
6.3811094760894775
6.381160855293274
6.381213903427124
6.381262898445129
6.38130795955658
6.381351947784424
6.620769619941711
6.620826005935669
6.620877146720886
6.620931506156921
6.620984077453613
6.621032476425171
6.621080040931702
6.6211265325546265
6.566813349723816
6.56686794757843
6.56691586971283
6.5669673681259155
6.567018389701843
6.56706440448761
6.567109942436218
6.567154884338379
6.5768879652023315
6.576955556869507
6.577046990394592
6.577102541923523
6.577154040336609
6.57725203037262
6.5773046016693115
6.577352523803711
6.569123029708862
6.569177508354187
6.56922447681427
6.569277405738831
6.569325923919678
6.569370985031128
6.569414019584656
6.569460988044739
6.5945634841918945
6.594621419906616
6.594671964645386
6.5947264432907104
6.594785451889038
6.5948344469070435
6.594883441925049
6.594929456710815
6.60697603225708
6.607031464576721
6.6070815324783325
6.607134580612183
6.6071860790252686
6.607233047485352
6.60727846622467
6.60732364654541
6.4840980768203735
6.484231472015381
6.484294056892395
6.484371662139893
6.484451055526733
6.484502553939819
6.484549522399902
6.484593987464905
6.376208066940308
6.376298546791077
6.37634813785553
6.376400589942932
6.376450061798096
6.376495003700256
6.376542568206787
6.376586556434631
6.6139174699783325
6.613981485366821
6.6140323877334595
6.614086985588074
6.614139437675476
6.614187955856323
6.61423397064209
6.614280462265015
6.463284492492676
6.46333909034729
6.463388085365295
6.463441014289856
6.463492512702942
6.463539123535156
6.463584542274475
6.463629484176636
6.583469986915588
6.583523988723755
6.583571434020996
6.583622574806213
6.583671450614929
6.583717465400696
6.583760976791382
6.583804488182068
6.584899544715881
6.5849515199661255
6.584997892379761
6.585047960281372
6.585096478462219
6.58514142036438
6.585184574127197
6.5852274894714355
6.562962889671326
6.563017845153809
6.5630669593811035
6.56312096118927
6.563171863555908
6.563218951225281
6.563264846801758
6.563310384750366
6.551651477813721
6.551707983016968
6.551756978034973
6.5518094301223755
6.551860928535461
6.551908016204834
6.551953911781311
6.551999449729919
6.46953010559082
6.469584584236145
6.469632506370544
6.469681978225708
6.469731092453003
6.469776034355164
6.469820022583008
6.469863533973694
6.515907049179077
6.515957951545715
6.516008019447327
6.516059398651123
6.516107439994812
6.516150951385498
6.516193509101868
6.5162400007247925
6.506253004074097
6.506314039230347
6.506364107131958
6.506417512893677
6.506469964981079
6.506518006324768
6.506567597389221
6.5066139698028564
6.547156929969788
6.547211050987244
6.547258973121643
6.547310948371887
6.54736053943634
6.547406435012817
6.547451496124268
6.547495365142822
6.453366637229919
6.453421115875244
6.453468561172485
6.453519105911255
6.453567981719971
6.4536131620407104
6.453656077384949
6.453700065612793
6.394351959228516
6.3944045305252075
6.394450902938843
6.394500970840454
6.394551038742065
6.394595980644226
6.394638895988464
6.394681453704834
6.182345509529114
6.1823965311050415
6.182442545890808
6.182493090629578
6.182546496391296
6.182600021362305
6.182643532752991
6.182685971260071
6.100889444351196
6.100942850112915
6.100988388061523
6.101037979125977
6.101085901260376
6.10113000869751
6.101172924041748
6.1012173891067505
6.358180522918701
6.358231544494629
6.3582764863967896
6.358325004577637
6.358373045921326
6.358415961265564
6.358458995819092
6.3585004806518555
6.324025988578796
6.324082016944885
6.324132561683655
6.324186563491821
6.324238061904907
6.32428503036499
6.324331521987915
6.324377655982971
6.492864012718201
6.492918372154236
6.492967009544373
6.4930185079574585
6.4930659532547
6.49311089515686
6.493155479431152
6.493199944496155
6.829278469085693
6.8293293714523315
6.829375982284546
6.8294254541397095
6.82947301864624
6.82952094078064
6.829569458961487
6.829612970352173
6.734855055809021
6.734965085983276
6.735023498535156
6.735104560852051
6.735188603401184
6.735261082649231
6.73530900478363
6.735391020774841
6.757270455360413
6.757438540458679
6.757501482963562
6.757604002952576
6.757656455039978
6.757722496986389
6.757848024368286
6.757926106452942
6.669358491897583
6.669447541236877
6.66951858997345
6.669625520706177
6.669731497764587
6.669806003570557
6.669886946678162
6.669941544532776
6.714816451072693
6.714869976043701
6.714916944503784
6.714965462684631
6.71501100063324
6.715054512023926
6.715096473693848
6.715139031410217
6.608091473579407
6.608142852783203
6.6081883907318115
6.6082364320755005
6.608281850814819
6.6083245277404785
6.6083664894104
6.608407974243164
6.5163609981536865
6.516416549682617
6.516466021537781
6.516519546508789
6.516568899154663
6.516615033149719
6.516661047935486
6.516705513000488
7.249481558799744
7.2495410442352295
7.24959409236908
7.249652624130249
7.2497066259384155
7.249756097793579
7.2498050928115845
7.24985408782959
7.161795020103455
7.161852478981018
7.161903500556946
7.161956548690796
7.162006974220276
7.162054538726807
7.162101984024048
7.162147521972656
7.019331455230713
7.0193870067596436
7.019436955451965
7.019489526748657
7.019541025161743
7.019587516784668
7.019633531570435
7.019685983657837
7.125290036201477
7.125396966934204
7.125468015670776
7.125523567199707
7.12557053565979
7.1256150007247925
7.125676512718201
7.125733494758606
7.020336389541626
7.0203903913497925
7.020447492599487
7.020498514175415
7.020583391189575
7.020675420761108
7.020734906196594
7.020804405212402
7.073176980018616
7.073398590087891
7.073455452919006
7.073562979698181
7.073612451553345
7.0736565589904785
7.073728561401367
7.073780536651611
7.345524549484253
7.345577001571655
7.345754981040955
7.345832109451294
7.345888018608093
7.345966100692749
7.346038579940796
7.346094965934753
7.319018006324768
7.319069504737854
7.319115519523621
7.319190502166748
7.3192654848098755
7.319320440292358
7.319377541542053
7.3194310665130615
7.184250593185425
7.184305548667908
7.184355020523071
7.184407472610474
7.184455037117004
7.184501051902771
7.184545993804932
7.184590578079224
7.157212972640991
7.157268404960632
7.157317519187927
7.157369494438171
7.157420516014099
7.157467007637024
7.157512068748474
7.157556414604187
7.049161076545715
7.049217581748962
7.049267530441284
7.049320459365845
7.049368977546692
7.049439072608948
7.049520015716553
7.049569606781006
7.029700517654419
7.029756426811218
7.02980649471283
7.029860496520996
7.0299094915390015
7.029955983161926
7.030002474784851
7.030053019523621
6.998508095741272
6.998562455177307
6.998610973358154
6.998662948608398
6.998709082603455
6.998754024505615
6.99879789352417
6.9988415241241455
7.039893984794617
7.0399473905563354
7.039995074272156
7.040045499801636
7.040091395378113
7.040135979652405
7.040179967880249
7.040223002433777
7.008705973625183
7.008759379386902
7.008806467056274
7.00885546207428
7.008899927139282
7.008943438529968
7.008990406990051
7.0090333223342896
7.176967144012451
7.177018523216248
7.177065014839172
7.1771146059036255
7.17715859413147
7.177201628684998
7.177243590354919
7.177286624908447
7.1257404088974
7.125796556472778
7.125846028327942
7.125900030136108
7.125948429107666
7.12599503993988
7.126040935516357
7.126086950302124
7.274557948112488
7.274613976478577
7.274662971496582
7.274717092514038
7.274764895439148
7.274811029434204
7.274855971336365
7.274919033050537
7.226593971252441
7.226652026176453
7.226703524589539
7.2267584800720215
7.226809024810791
7.226856589317322
7.226903438568115
7.226950526237488
7.5927674770355225
7.592824459075928
7.592874884605408
7.592928409576416
7.592976450920105
7.593023419380188
7.5930705070495605
7.593116402626038
7.482139945030212
7.482193946838379
7.482240915298462
7.48229193687439
7.48233699798584
7.482380986213684
7.48242449760437
7.482467412948608
7.391308546066284
7.391361474990845
7.391407489776611
7.391456961631775
7.391501545906067
7.391544938087463
7.391588091850281
7.391631007194519
7.458760976791382
7.458812475204468
7.458858489990234
7.45890748500824
7.458964467048645
7.459025502204895
7.45907199382782
7.459115028381348
7.243265986442566
7.243317484855652
7.24336302280426
7.243414044380188
7.243457555770874
7.243503451347351
7.2435466051101685
7.24358856678009
7.174403548240662
7.17446506023407
7.174514055252075
7.174566030502319
7.174612998962402
7.174657583236694
7.174701571464539
7.174746513366699
7.288194537162781
7.288251042366028
7.288304090499878
7.2883570194244385
7.288404583930969
7.288450479507446
7.288496017456055
7.2885414361953735
7.4539430141448975
7.454000949859619
7.4540534019470215
7.45410943031311
7.454160928726196
7.454209923744202
7.454258918762207
7.4543070793151855
7.383168935775757
7.383226990699768
7.3832786083221436
7.383334994316101
7.383386015892029
7.383434057235718
7.383481502532959
7.3835285902023315
7.1381014585494995
7.1381590366363525
7.138208985328674
7.138264060020447
7.138312458992004
7.138359546661377
7.138405442237854
7.13845157623291
7.155036568641663
7.155091047286987
7.155138611793518
7.155189156532288
7.155262112617493
7.155310153961182
7.155355095863342
7.155399680137634
7.072216510772705
7.072276592254639
7.072323560714722
7.072372913360596
7.072421550750732
7.072479963302612
7.072535037994385
7.072579979896545
7.4655879735946655
7.465639591217041
7.465696573257446
7.46574854850769
7.465794086456299
7.46587598323822
7.465922474861145
7.465965986251831
7.2265965938568115
7.226648569107056
7.226693511009216
7.2267550230026245
7.226799964904785
7.226842045783997
7.2268840074539185
7.226929068565369
7.415622591972351
7.415674090385437
7.415719509124756
7.415773987770081
7.415819406509399
7.415862560272217
7.415904521942139
7.415946006774902
7.3258384466171265
7.325889468193054
7.325933456420898
7.325981497764587
7.3260239362716675
7.326064944267273
7.326106905937195
7.326147437095642
7.192701935768127
7.192752957344055
7.192798495292664
7.192847847938538
7.192891478538513
7.1929343938827515
7.192997932434082
7.19304633140564
7.475456476211548
7.47550892829895
7.475556015968323
7.475606560707092
7.475651979446411
7.475696444511414
7.4757399559021
7.475783348083496
7.321127533912659
7.321179986000061
7.321227550506592
7.321277976036072
7.321323990821838
7.321367502212524
7.321411967277527
7.321455955505371
7.635902523994446
7.635959506034851
7.636010408401489
7.636067509651184
7.636136531829834
7.6361916065216064
7.63624107837677
7.636289000511169
7.57433807849884
7.574393630027771
7.574443101882935
7.574496030807495
7.574543118476868
7.5745896100997925
7.574635028839111
7.574680685997009
7.336976051330566
7.337031602859497
7.337080001831055
7.337133049964905
7.33717954158783
7.337225079536438
7.33726954460144
7.337313532829285
7.150775074958801
7.150828003883362
7.150874614715576
7.15092658996582
7.150972127914429
7.151015520095825
7.151058554649353
7.151101589202881
7.071496486663818
7.0715473890304565
7.071593880653381
7.071643948554993
7.0716893672943115
7.071732997894287
7.071775913238525
7.071818947792053
7.343167066574097
7.343220591545105
7.343266129493713
7.343318581581116
7.343362927436829
7.343409061431885
7.343451023101807
7.343493461608887
8.094707608222961
8.094764113426208
8.094812989234924
8.094863653182983
8.094911098480225
8.094956517219543
8.09500253200531
8.09504747390747
8.047342538833618
8.047398090362549
8.047446966171265
8.047497034072876
8.0475435256958
8.04758894443512
8.047633409500122
8.047678470611572
8.140690565109253
8.140749096870422
8.140804052352905
8.140857100486755
8.14090609550476
8.140955090522766
8.14100205898285
8.14104962348938
8.142340540885925
8.142397999763489
8.142449021339417
8.142499566078186
8.142547488212585
8.1425940990448
8.142640471458435
8.142686486244202
7.885803461074829
7.8858559131622314
7.8859028816223145
7.885959982872009
7.886004328727722
7.886047959327698
7.886090874671936
7.886134386062622
7.854414939880371
7.854467988014221
7.85451602935791
7.854565501213074
7.85461151599884
7.854655861854553
7.854700446128845
7.85482394695282
7.871908068656921
7.871960997581482
7.872007966041565
7.872055411338806
7.87209951877594
7.872143030166626
7.872185468673706
7.872231483459473
7.782558560371399
7.782609462738037
7.782655477523804
7.782702445983887
7.782750964164734
7.78279447555542
7.782836437225342
7.782878875732422
7.808421611785889
7.808476090431213
7.8085246086120605
7.808573603630066
7.8086196184158325
7.808664560317993
7.808709025382996
7.808753490447998
7.709681868553162
7.709738373756409
7.709787368774414
7.709837913513184
7.709884881973267
7.709929823875427
7.709975361824036
7.710020303726196
7.654798984527588
7.65485692024231
7.654947519302368
7.655002951622009
7.6550575494766235
7.655136466026306
7.655204892158508
7.655255436897278
7.914299488067627
7.914355993270874
7.9144065380096436
7.9144591093063354
7.914507508277893
7.914554953575134
7.914602518081665
7.914649486541748
7.793461561203003
7.793516159057617
7.793576598167419
7.793626070022583
7.793671607971191
7.793780565261841
7.793843150138855
7.793915033340454
7.750197410583496
7.750248551368713
7.75029444694519
7.750364065170288
7.7504119873046875
7.750455975532532
7.75049901008606
7.750542521476746
7.9202494621276855
7.920300483703613
7.92034649848938
7.9203925132751465
7.9204360246658325
7.920478463172913
7.92052149772644
7.920562982559204
7.835863947868347
7.835914969444275
7.835960865020752
7.836007475852966
7.8360514640808105
7.836123943328857
7.83617103099823
7.8362144231796265
7.890823483467102
7.890879392623901
7.890929460525513
7.890979528427124
7.891026496887207
7.891072034835815
7.891116976737976
7.8911625146865845
7.810734987258911
7.8107908964157104
7.810840487480164
7.810890436172485
7.810937404632568
7.810983896255493
7.811029434204102
7.81107497215271
7.900171399116516
7.900228977203369
7.9002803564071655
7.900333404541016
7.900382876396179
7.900430917739868
7.900478482246399
7.900525331497192
7.835054516792297
7.835110902786255
7.835160493850708
7.835210561752319
7.835257053375244
7.835303068161011
7.835348963737488
7.835394024848938
7.6765865087509155
7.67663848400116
7.6766849756240845
7.676732897758484
7.676777482032776
7.67682147026062
7.676864981651306
7.676908373832703
8.050152063369751
8.050204038619995
8.050254464149475
8.050301551818848
8.05034601688385
8.050389409065247
8.05043351650238
8.050476551055908
7.865215063095093
7.865267515182495
7.865313529968262
7.865360498428345
7.865403532981873
7.8654465675354
7.8654890060424805
7.865531086921692
8.004967451095581
8.005025506019592
8.005077481269836
8.005125880241394
8.00517201423645
8.00521695613861
8.005260467529297
8.0053049325943
7.744475960731506
7.744531512260437
7.744580984115601
7.744630455970764
7.744676947593689
7.744722366333008
7.744768023490906
7.744843006134033
8.009819507598877
8.009877920150757
8.009929895401001
8.009981870651245
8.010031938552856
8.010080456733704
8.010128498077393
8.01017689704895
7.6318910121917725
7.6319485902786255
7.631999611854553
7.632050633430481
7.632099151611328
7.632146000862122
7.632192611694336
7.632239580154419
7.604822039604187
7.6048970222473145
7.60495662689209
7.605008125305176
7.605075120925903
7.605128049850464
7.605188488960266
7.605236530303955
7.865403532981873
7.865457057952881
7.865530490875244
7.865580439567566
7.8656309843063354
7.865675449371338
7.865719437599182
7.865762948989868
8.303627014160156
8.303713917732239
8.303762912750244
8.303839921951294
8.303906440734863
8.30397653579712
8.304025888442993
8.30413544178009
8.066920042037964
8.06697142124176
8.067048907279968
8.067131996154785
8.067179918289185
8.067227959632874
8.067271947860718
8.067314982414246
8.069045424461365
8.069117903709412
8.069189429283142
8.069239854812622
8.069295406341553
8.069340825080872
8.069395422935486
8.069452404975891
8.014464497566223
8.014524579048157
8.014577031135559
8.014630556106567
8.014680027961731
8.014728546142578
8.014777421951294
8.014839053153992
8.08190143108368
8.081966996192932
8.08201801776886
8.082091450691223
8.082143902778625
8.082204937934875
8.082263827323914
8.082312941551208
8.014328002929688
8.01438295841217
8.014432430267334
8.014482498168945
8.014529466629028
8.014575362205505
8.014620900154114
8.014666557312012
7.940674543380737
7.940728425979614
7.940793037414551
7.940855503082275
7.940903067588806
7.940947532653809
7.940994501113892
7.941038012504578
7.869483113288879
7.8695350885391235
7.869581580162048
7.869627475738525
7.869672060012817
7.8697144985198975
7.869756579399109
7.869798541069031
7.793808579444885
7.793859004974365
7.793904066085815
7.793949484825134
7.793992519378662
7.79403555393219
7.794076919555664
7.794118523597717
8.283708930015564
8.283759474754333
8.283805012702942
8.28387200832367
8.2839195728302
8.283962488174438
8.284005045890808
8.284046053886414
8.23044490814209
8.23050045967102
8.23054838180542
8.230610966682434
8.230673432350159
8.230725407600403
8.230772376060486
8.230817437171936
8.155737519264221
8.15579342842102
8.155842423439026
8.155894041061401
8.155941486358643
8.155987620353699
8.156033992767334
8.156078934669495
8.100260972976685
8.100319623947144
8.10037100315094
8.100423097610474
8.100472092628479
8.10051953792572
8.10056757926941
8.10061502456665
8.032934546470642
8.032989978790283
8.033038973808289
8.033092021942139
8.033138990402222
8.033185005187988
8.033230423927307
8.033275604248047
8.29117739200592
8.29123055934906
8.291276931762695
8.291325449943542
8.291371464729309
8.291415572166443
8.29145896434784
8.291502475738525
8.755770564079285
8.755824089050293
8.755874514579773
8.755922079086304
8.755966663360596
8.756010055541992
8.756053447723389
8.756097078323364
8.39938235282898
8.399433493614197
8.399479508399963
8.39952540397644
8.399569511413574
8.399611949920654
8.399654507637024
8.399697422981262
8.327041983604431
8.327093482017517
8.327139019966125
8.327207446098328
8.327255010604858
8.327298879623413
8.327340960502625
8.327383041381836
8.268523454666138
8.268580913543701
8.268629550933838
8.268680453300476
8.2687269449234
8.268773436546326
8.268817901611328
8.268862962722778
8.217147469520569
8.21720802783966
8.217260956764221
8.21731448173523
8.217365384101868
8.21741497516632
8.217463970184326
8.217512488365173
8.289536952972412
8.289595007896423
8.289647459983826
8.289699077606201
8.289751052856445
8.289798498153687
8.289844989776611
8.289891004562378
8.50253438949585
8.502590417861938
8.502642393112183
8.50269091129303
8.502736449241638
8.502781987190247
8.502826452255249
8.502870917320251
8.708917021751404
8.708971500396729
8.709020614624023
8.709067940711975
8.709112524986267
8.709156513214111
8.709200501441956
8.709243535995483
8.94085955619812
8.940911531448364
8.940966486930847
8.94101357460022
8.941058039665222
8.94110095500946
8.941144108772278
8.941187024116516
9.091705560684204
9.091755509376526
9.091801047325134
9.091846466064453
9.091889500617981
9.091931462287903
9.091973543167114
9.092018485069275
8.914971470832825
8.915022492408752
8.915066599845886
8.915112495422363
8.915155053138733
8.915195941925049
8.915241479873657
8.915282487869263
8.839203000068665
8.839254975318909
8.839300990104675
8.8393474817276
8.839391469955444
8.839434027671814
8.839475989341736
8.839517951011658
8.828507542610168
8.828559041023254
8.828604578971863
8.828650951385498
8.828694581985474
8.828736543655396
8.828778505325317
8.828819990158081
8.769538521766663
8.76958954334259
8.769634485244751
8.769680500030518
8.769723534584045
8.769765496253967
8.76980745792389
8.769848942756653
8.72787356376648
8.727928519248962
8.727977991104126
8.728028535842896
8.728075981140137
8.728121995925903
8.728167533874512
8.72821307182312
8.699236989021301
8.699294447898865
8.699346542358398
8.699399471282959
8.69947350025177
8.69952654838562
8.699576020240784
8.699624061584473
8.647011041641235
8.647065043449402
8.647114038467407
8.647164940834045
8.647212982177734
8.647260069847107
8.647306561470032
8.647352933883667
8.895593523979187
8.89564847946167
8.895700454711914
8.895763397216797
8.895809888839722
8.895854949951172
8.895899415016174
8.895943522453308
8.916679382324219
8.916744351387024
8.916792392730713
8.916842937469482
8.916887998580933
8.916931867599487
8.916975378990173
8.917018413543701
8.772456049919128
8.772508025169373
8.77255403995514
8.77260148525238
8.772646069526672
8.772688508033752
8.77273154258728
8.772775053977966
8.749183535575867
8.749234080314636
8.749279499053955
8.749328017234802
8.749371528625488
8.749413967132568
8.74945604801178
8.749500036239624
8.965159058570862
8.965209603309631
8.965258598327637
8.965304613113403
8.965347528457642
8.965389609336853
8.965430498123169
8.965472102165222
8.86221194267273
8.862261533737183
8.862305998802185
8.862351536750793
8.862394452095032
8.862435936927795
8.862476468086243
8.862517952919006
8.765394449234009
8.765442967414856
8.765487909317017
8.765534043312073
8.765576958656311
8.765619039535522
8.765661001205444
8.765702962875366
9.009661436080933
9.009712100028992
9.00975751876831
9.009804606437683
9.00984799861908
9.00989055633545
9.009931921958923
9.009974002838135
8.89175546169281
8.89181911945343
8.891894578933716
8.891948580741882
8.891996026039124
8.89204204082489
8.892088055610657
8.892132997512817
8.759433507919312
8.759490966796875
8.75954294204712
8.759596467018127
8.759650945663452
8.759699583053589
8.759747982025146
8.759795546531677
9.392161965370178
9.392227411270142
9.392277479171753
9.392327904701233
9.392375349998474
9.392421841621399
9.392468452453613
9.392513990402222
9.196645021438599
9.19670045375824
9.196749448776245
9.19679856300354
9.196844935417175
9.196890950202942
9.196935892105103
9.196982026100159
8.964931964874268
8.964984059333801
8.965030550956726
8.965077996253967
8.965122938156128
8.965166926383972
8.9652099609375
8.965253472328186
8.912559032440186
8.912610530853271
8.912656545639038
8.912703514099121
8.912748098373413
8.912790536880493
8.912833452224731
8.912876605987549
8.84609305858612
8.846145033836365
8.846190452575684
8.846238493919373
8.846300482749939
8.846354484558105
8.846404075622559
8.846448063850403
8.782709002494812
8.782764911651611
8.782814383506775
8.78286600112915
8.782912492752075
8.782960414886475
8.783006072044373
8.783051490783691
8.704996943473816
8.705050468444824
8.705098032951355
8.705147862434387
8.705193996429443
8.705239415168762
8.70528495311737
8.705329895019531
8.647866010665894
8.647923588752747
8.64798092842102
8.648035526275635
8.64808452129364
8.648131966590881
8.648179054260254
8.648226499557495
8.881266474723816
8.881321907043457
8.88137149810791
8.881422519683838
8.881469964981079
8.881516933441162
8.881562948226929
8.881608963012695
9.37960147857666
9.379656553268433
9.379706025123596
9.379755020141602
9.379800915718079
9.379846572875977
9.379892110824585
9.379936575889587
9.288720488548279
9.28877305984497
9.288819551467896
9.288867592811584
9.288912177085876
9.288956046104431
9.28899896144867
9.289041638374329
9.008012056350708
9.008064985275269
9.0081125497818
9.00816011428833
9.008204579353333
9.008249044418335
9.008303046226501
9.00834608078003
9.11400043964386
9.114052057266235
9.114097595214844
9.114144563674927
9.114188551902771
9.11423110961914
9.114273071289062
9.1143159866333
9.093389511108398
9.093445539474487
9.093493938446045
9.093543529510498
9.093589901924133
9.093635559082031
9.093680024147034
9.09372889995575
9.091619491577148
9.091674566268921
9.091723918914795
9.091776967048645
9.091824889183044
9.091873526573181
9.091920495033264
9.091965913772583
9.02914834022522
9.029213905334473
9.029268860816956
9.029349446296692
9.029412388801575
9.029459953308105
9.029507398605347
9.029553413391113
8.97290849685669
8.97297203540802
8.97302258014679
8.973074913024902
8.973122954368591
8.973168969154358
8.973215460777283
8.973260998725891
9.49230945110321
9.492371439933777
9.492424488067627
9.492471098899841
9.49251651763916
9.492561101913452
9.492611527442932
9.492655515670776
9.441851615905762
9.441932559013367
9.441983580589294
9.442052602767944
9.442139029502869
9.442253589630127
9.442398190498352
9.442447066307068
9.375867486000061
9.375921487808228
9.37596845626831
9.376013398170471
9.376058459281921
9.376105904579163
9.376149892807007
9.376192927360535
9.35289216041565
9.352945566177368
9.352993130683899
9.353064060211182
9.353118658065796
9.35316550731659
9.35321056842804
9.353254675865173
9.6214998960495
9.621577024459839
9.621631503105164
9.621680498123169
9.62175989151001
9.621863961219788
9.62191355228424
9.621959924697876
9.557860493659973
9.557918548583984
9.557971000671387
9.558020949363708
9.5580815076828
9.558132529258728
9.558180570602417
9.558228492736816
9.52858054637909
9.528638482093811
9.528689980506897
9.528738975524902
9.52878749370575
9.52883493900299
9.528882384300232
9.528929471969604
9.48458456993103
9.484641551971436
9.484690546989441
9.484737634658813
9.484784007072449
9.484829545021057
9.484875559806824
9.484921097755432
9.54922640323639
9.549282312393188
9.549330472946167
9.549376487731934
9.54942238330841
9.549466490745544
9.549514889717102
9.549559950828552
9.462453007698059
9.462522029876709
9.462570548057556
9.462616562843323
9.462661623954773
9.462705492973328
9.462749600410461
9.462792992591858
9.473916053771973
9.473968982696533
9.474015474319458
9.474061012268066
9.474104642868042
9.474148511886597
9.474192023277283
9.47423505783081
9.37140941619873
9.37146246433258
9.371508955955505
9.371554493904114
9.371599435806274
9.371646881103516
9.371691465377808
9.371734857559204
9.39082956314087
9.390885949134827
9.390934467315674
9.390981554985046
9.391028046607971
9.391072988510132
9.391118049621582
9.3911634683609
9.661133408546448
9.661189913749695
9.661239385604858
9.661287426948547
9.661334872245789
9.661381006240845
9.66142737865448
9.661473393440247
9.73183810710907
9.731896042823792
9.731947660446167
9.731997013092041
9.73204505443573
9.732092022895813
9.732138514518738
9.732210040092468
9.64142096042633
9.64147698879242
9.641528487205505
9.641577005386353
9.641624450683594
9.641671538352966
9.641718864440918
9.641770005226135
9.650269031524658
9.650322556495667
9.650371432304382
9.650417447090149
9.650463461875916
9.650509119033813
9.650553464889526
9.65059745311737
9.511472463607788
9.511525988578796
9.511574029922485
9.511620044708252
9.511664986610413
9.511709928512573
9.511754035949707
9.511798024177551
9.506551504135132
9.506605625152588
9.506652593612671
9.506697654724121
9.506741523742676
9.506784677505493
9.50682806968689
9.506871581077576
9.446871995925903
9.446929454803467
9.446981430053711
9.447027444839478
9.447073101997375
9.447117447853088
9.447161555290222
9.447205543518066
9.687126994132996
9.687184572219849
9.687236070632935
9.687284588813782
9.687331438064575
9.687378525733948
9.687424540519714
9.68747103214264
9.854184031486511
9.854240536689758
9.854290962219238
9.854340553283691
9.854387521743774
9.8544340133667
9.854480504989624
9.854525923728943
9.66549801826477
9.665556907653809
9.665607929229736
9.665656924247742
9.665704488754272
9.66575288772583
9.66580045223236
9.665847420692444
9.594965100288391
9.595020532608032
9.595069646835327
9.595115542411804
9.595179080963135
9.59523355960846
9.59528112411499
9.595327019691467
9.530267477035522
9.53032100200653
9.53036892414093
9.530447959899902
9.530524969100952
9.530575394630432
9.530622005462646
9.530666947364807
9.454174518585205
9.454226970672607
9.454301476478577
9.45434844493866
9.45439350605011
9.45443844795227
9.454482436180115
9.454526424407959
9.615245580673218
9.6153005361557
9.615349531173706
9.61539602279663
9.615440607070923
9.615488529205322
9.615533590316772
9.61557650566101
9.548105955123901
9.548162937164307
9.548213958740234
9.548262000083923
9.548308849334717
9.548355460166931
9.548401951789856
9.548449397087097
9.903307557106018
9.903387546539307
9.903439044952393
9.903486967086792
9.903533935546875
9.90358054637909
9.903629064559937
9.903675079345703
9.730237007141113
9.730295538902283
9.730346083641052
9.730396032333374
9.730445981025696
9.730493903160095
9.73054552078247
9.730592966079712
9.662314891815186
9.662372469902039
9.662423491477966
9.662538886070251
9.662587404251099
9.66263496875763
9.662681460380554
9.662728071212769
9.595296502113342
9.59535539150238
9.595406413078308
9.595453977584839
9.595500946044922
9.595546960830688
9.595592498779297
9.595638036727905
9.522540926933289
9.522592902183533
9.522640466690063
9.52268636226654
9.522730946540833
9.522774934768677
9.522818922996521
9.522862434387207
10.023361444473267
10.0234135389328
10.023460984230042
10.02350652217865
10.02355146408081
10.023596048355103
10.023640513420105
10.02368450164795
9.807488560676575
9.807542085647583
9.807589530944824
9.80763554573059
9.807680606842041
9.807725071907043
9.807772994041443
9.807818055152893
10.026775598526001
10.026832461357117
10.02688205242157
10.026929020881653
10.026975154876709
10.027021050453186
10.027071118354797
10.027117013931274
10.07224702835083
10.072300553321838
10.07234799861908
10.072394013404846
10.072438478469849
10.072482943534851
10.072527527809143
10.072571516036987
9.92468011379242
9.924746990203857
9.924798011779785
9.924845933914185
9.924893498420715
9.924940586090088
9.924987077713013
9.92503297328949
9.854290962219238
9.854347467422485
9.854397058486938
9.85444450378418
9.854490995407104
9.854536414146423
9.854581952095032
9.85462749004364
9.775790929794312
9.77584445476532
9.775892972946167
9.775939464569092
9.7759850025177
9.776031017303467
9.776076436042786
9.776121497154236
9.712701082229614
9.712755560874939
9.712807059288025
9.71285355091095
9.712898015975952
9.712942481040955
9.712990522384644
9.713034510612488
9.95517897605896
9.95523202419281
9.95527958869934
9.955324530601501
9.955369591712952
9.955414056777954
9.955458045005798
9.955502033233643
10.077247977256775
10.077301979064941
10.077349424362183
10.077394962310791
10.077440023422241
10.077484369277954
10.077528476715088
10.07757294178009
10.024393081665039
10.02444851398468
10.02449905872345
10.024548053741455
10.024595618247986
10.024642586708069
10.024689078330994
10.024735569953918
9.95133101940155
9.951390027999878
9.951461553573608
9.95151400566101
9.951563477516174
9.951610565185547
9.951658487319946
9.951705574989319
10.249715924263
10.249773502349854
10.249824523925781
10.249879956245422
10.249932527542114
10.249980449676514
10.250038981437683
10.250118494033813
10.192735075950623
10.192811608314514
10.1928631067276
10.192912101745605
10.192960023880005
10.193008065223694
10.193055629730225
10.193104028701782
9.987254977226257
9.987310528755188
9.987359642982483
9.987407088279724
9.98745310306549
9.987498998641968
9.987544536590576
9.987590074539185
10.331081986427307
10.331135988235474
10.331186532974243
10.331233024597168
10.331279516220093
10.33132553100586
10.331371068954468
10.331417083740234
9.918287873268127
9.918351888656616
9.918413877487183
9.918465375900269
9.9185129404068
9.918558955192566
9.918606400489807
9.918651938438416
9.888795971870422
9.888851046562195
9.888900518417358
9.888947010040283
9.888993501663208
9.889039039611816
9.88908851146698
9.889169096946716
10.355910539627075
10.35597050189972
10.356021046638489
10.356068968772888
10.356115579605103
10.356173515319824
10.356219053268433
10.35626494884491
10.306805491447449
10.306862473487854
10.30691397190094
10.306962490081787
10.307010531425476
10.307057499885559
10.3071049451828
10.307152509689331
10.2284574508667
10.228514909744263
10.228564977645874
10.228612899780273
10.228659987449646
10.22870647907257
10.228752970695496
10.22879946231842
10.158276915550232
10.158334374427795
10.158385396003723
10.158432841300964
10.158479452133179
10.158525466918945
10.158571362495422
10.158617377281189
10.084256529808044
10.084313035011292
10.084362626075745
10.084409594535828
10.084456086158752
10.084501147270203
10.084546566009521
10.08459198474884
10.254178881645203
10.254239916801453
10.25429391860962
10.254341959953308
10.254388332366943
10.254433870315552
10.25447940826416
10.254575371742249
10.451738357543945
10.451793432235718
10.45184338092804
10.451891422271729
10.451937913894653
10.45198392868042
10.452030897140503
10.452076435089111
10.256221532821655
10.25627851486206
10.256330966949463
10.25637948513031
10.256425976753235
10.25647258758545
10.256518602371216
10.256607413291931
10.367460489273071
10.367516040802002
10.367566466331482
10.367613554000854
10.367659568786621
10.367705583572388
10.367751479148865
10.367796421051025
10.288112044334412
10.288167595863342
10.288216471672058
10.288263440132141
10.288309454917908
10.288355469703674
10.288401007652283
10.288446068763733
10.231305480003357
10.231364011764526
10.231420040130615
10.231469988822937
10.231518507003784
10.231566429138184
10.231672406196594
10.231727004051208
10.166337013244629
10.16639494895935
10.166446447372437
10.166495442390442
10.16654348373413
10.166590452194214
10.16667902469635
10.166741490364075
10.461387395858765
10.461445927619934
10.461498498916626
10.461548924446106
10.461596965789795
10.461645603179932
10.461693525314331
10.461740970611572
10.705212473869324
10.705270528793335
10.705321550369263
10.70537006855011
10.705417513847351
10.705467939376831
10.705594062805176
10.705644607543945
10.727384448051453
10.727445483207703
10.727496981620789
10.727545499801636
10.727592945098877
10.72763991355896
10.727687001228333
10.727733969688416
10.337904453277588
10.337960004806519
10.338009476661682
10.338056445121765
10.338106513023376
10.338153004646301
10.33819854259491
10.338243961334229
10.543566465377808
10.543620944023132
10.543669939041138
10.543716430664062
10.543762445449829
10.54380750656128
10.543852925300598
10.543897986412048
10.46027147769928
10.460326552391052
10.46037495136261
10.46042251586914
10.460468530654907
10.460514068603516
10.460559010505676
10.460608005523682
10.39491856098175
10.394974112510681
10.395022630691528
10.39507007598877
10.395116090774536
10.395161628723145
10.395206570625305
10.395252108573914
10.308794856071472
10.30884850025177
10.308897376060486
10.308943510055542
10.308989405632019
10.309034943580627
10.30907940864563
10.30912446975708
10.63176691532135
10.631823897361755
10.631873488426208
10.631920456886292
10.631966471672058
10.632012963294983
10.632062911987305
10.6321120262146
10.50266683101654
10.50272250175476
10.50277292728424
10.502820491790771
10.502866864204407
10.502912402153015
10.502957940101624
10.50300395488739
10.719038128852844
10.719097137451172
10.719147562980652
10.719220042228699
10.719271540641785
10.719320058822632
10.719366550445557
10.719435095787048
10.643154621124268
10.643211603164673
10.643261551856995
10.643309116363525
10.64335560798645
10.643401622772217
10.643446564674377
10.643492579460144
10.581414461135864
10.581480503082275
10.581533551216125
10.581585049629211
10.58163297176361
10.5816810131073
10.58172857761383
10.581775903701782
10.535318970680237
10.535377979278564
10.535429954528809
10.535479426383972
10.535528421401978
10.535576462745667
10.535624504089355
10.53571355342865
10.460309028625488
10.460368514060974
10.460419535636902
10.460468530654907
10.460516571998596
10.460564017295837
10.460611581802368
10.46065902709961
10.385796070098877
10.38585352897644
10.38590395450592
10.385951519012451
10.38599956035614
10.386045575141907
10.386091589927673
10.386137008666992
10.641686916351318
10.641741871833801
10.641791462898254
10.641838908195496
10.641885995864868
10.641931414604187
10.641977429389954
10.642022490501404
10.973063468933105
10.973137974739075
10.9731924533844
10.973240375518799
10.973287463188171
10.973365426063538
10.973415970802307
10.973463416099548
10.854782581329346
10.854849576950073
10.855020999908447
10.855075597763062
10.855125069618225
10.855211615562439
10.855260133743286
10.855306148529053
10.781628489494324
10.781684041023254
10.781737565994263
10.781785607337952
10.781832098960876
10.781878113746643
10.781980633735657
10.782033443450928
10.710731029510498
10.710787415504456
10.710848450660706
10.710907936096191
10.710958003997803
10.711006045341492
10.711053013801575
10.711100459098816
10.634364008903503
10.634419083595276
10.634467959403992
10.634514927864075
10.63456106185913
10.63460659980774
10.634654998779297
10.634700059890747
10.561764001846313
10.561819553375244
10.561869025230408
10.56191599369049
10.56196403503418
10.562010049819946
10.562056064605713
10.562103033065796
10.763586521148682
10.763640999794006
10.76369047164917
10.7637380361557
10.763784050941467
10.763829469680786
10.763874888420105
10.763920426368713
10.686915516853333
10.68697202205658
10.687023043632507
10.687070608139038
10.687121033668518
10.687167048454285
10.687213063240051
10.687259078025818
10.858871102333069
10.858930587768555
10.85898208618164
10.859031081199646
10.859078526496887
10.85912561416626
10.859172582626343
10.859218955039978
10.782436966896057
10.78249454498291
10.78254497051239
10.782593607902527
10.782640933990479
10.782687544822693
10.782734036445618
10.7827810049057
10.730572819709778
10.730629444122314
10.7306809425354
10.7307288646698
10.730778932571411
10.73082685470581
10.730874419212341
10.730957388877869
10.98178243637085
10.98184084892273
10.981891870498657
10.981940031051636
10.981986999511719
10.98203444480896
10.982080936431885
10.98212742805481
11.189624547958374
11.189679145812988
11.189727544784546
11.189774513244629
11.189820051193237
11.189865589141846
11.189914464950562
11.18996000289917
10.860481023788452
10.8605375289917
10.860586404800415
10.860633850097656
10.860679984092712
10.860725998878479
10.86077094078064
10.8608158826828
10.782204866409302
10.782261371612549
10.782330870628357
10.78238594532013
10.782459497451782
10.782511472702026
10.782559990882874
10.782606363296509
10.808013439178467
10.808074951171875
10.808141946792603
10.808204889297485
10.808252930641174
10.808302998542786
10.808348536491394
10.808394074440002
11.068594932556152
11.068648934364319
11.068697929382324
11.068744897842407
11.068792462348938
11.068837881088257
11.068883419036865
11.068928360939026
10.947168350219727
10.947225332260132
10.947274923324585
10.94732141494751
10.947367906570435
10.947413444519043
10.947458863258362
10.94750440120697
10.868468880653381
10.868525505065918
10.868576407432556
10.868624925613403
10.868671417236328
10.868718981742859
10.868765950202942
10.86881148815155
11.204883933067322
11.204940915107727
11.204991936683655
11.20503842830658
11.205084443092346
11.205130457878113
11.205175995826721
11.205224514007568
11.065508484840393
11.065565943717957
11.065616011619568
11.065663456916809
11.065709471702576
11.065755486488342
11.065800905227661
11.065846920013428
11.001728057861328
11.001784086227417
11.001835107803345
11.001883625984192
11.001931548118591
11.002014636993408
11.00206708908081
11.00211751461029
10.937207579612732
10.93726646900177
10.937318086624146
10.93736708164215
10.93741500377655
10.937463521957397
10.937511086463928
10.937558054924011
10.86134946346283
10.861405968666077
10.861461520195007
10.861509919166565
10.861557483673096
10.861604928970337
10.861650943756104
10.861697435379028
11.19942855834961
11.199486494064331
11.199537515640259
11.199620962142944
11.19968295097351
11.19973349571228
11.19978153705597
11.199828505516052
11.28362500667572
11.283679008483887
11.283727526664734
11.283774495124817
11.283820509910583
11.283866047859192
11.283910989761353
11.283955931663513
11.216952562332153
11.217007398605347
11.2170569896698
11.217103481292725
11.21714997291565
11.217195987701416
11.217241048812866
11.217285990715027
11.133450984954834
11.133506536483765
11.133555889129639
11.133603572845459
11.133650064468384
11.133699417114258
11.13375449180603
11.133800506591797
11.100993990898132
11.101260900497437
11.10132646560669
11.101382493972778
11.101435899734497
11.101484417915344
11.101532459259033
11.101579904556274
11.033627033233643
11.033697009086609
11.033753037452698
11.033801555633545
11.033848524093628
11.033895015716553
11.033941388130188
11.033986926078796
11.215479016304016
11.215540051460266
11.215592980384827
11.215643525123596
11.215693593025208
11.215742468833923
11.215791583061218
11.215840935707092
11.461695551872253
11.461752533912659
11.461803078651428
11.461851596832275
11.4618980884552
11.461945056915283
11.461990594863892
11.462036967277527
11.169981122016907
11.170040607452393
11.170092105865479
11.170141100883484
11.170188546180725
11.170235633850098
11.170283198356628
11.170330047607422
11.418705344200134
11.418761372566223
11.418810963630676
11.41885793209076
11.418903946876526
11.418949961662292
11.418999314308167
11.419045329093933
11.481988072395325
11.48204255104065
11.482091546058655
11.48213803768158
11.482184052467346
11.482230067253113
11.482275605201721
11.482320427894592
11.41022503376007
11.410277605056763
11.410325527191162
11.410372018814087
11.410417556762695
11.410463094711304
11.410507559776306
11.410553097724915
11.336626529693604
11.336680889129639
11.336731433868408
11.33677852153778
11.336825489997864
11.336871027946472
11.336920976638794
11.336982011795044
11.2622150182724
11.262279391288757
11.262331008911133
11.262379050254822
11.262426018714905
11.262472987174988
11.262518525123596
11.262564897537231
11.462668061256409
11.462730526924133
11.462782621383667
11.462831497192383
11.462881565093994
11.462932109832764
11.463006615638733
11.46305501461029
11.464629411697388
11.46468698978424
11.464738368988037
11.464786887168884
11.464834451675415
11.46488094329834
11.464927434921265
11.464974403381348
11.673969507217407
11.674028396606445
11.674081563949585
11.674131512641907
11.674180507659912
11.67422902584076
11.674277544021606
11.674324989318848
11.553861379623413
11.55391800403595
11.553969979286194
11.554019570350647
11.554068446159363
11.554116487503052
11.554164409637451
11.554211974143982
11.503019571304321
11.503078937530518
11.503131628036499
11.50318193435669
11.503230571746826
11.503279566764832
11.503327488899231
11.50337553024292
11.420345544815063
11.420404076576233
11.420455574989319
11.420504093170166
11.420551538467407
11.420599102973938
11.420646071434021
11.420693039894104
11.346224427223206
11.346282482147217
11.346337914466858
11.34638798236847
11.34643542766571
11.346484541893005
11.346532464027405
11.346579551696777
11.280403017997742
11.280459523200989
11.280510544776917
11.280557990074158
11.28060495853424
11.280652046203613
11.280698537826538
11.280744552612305
11.49849545955658
11.498551487922668
11.498602032661438
11.498650431632996
11.498697996139526
11.498745441436768
11.49879240989685
11.498839974403381
11.758117079734802
11.758174061775208
11.758224487304688
11.758272528648376
11.75833249092102
11.758381485939026
11.758428573608398
11.758475542068481
11.680310130119324
11.680368065834045
11.680419087409973
11.68046748638153
11.68051564693451
11.68056309223175
11.680610060691833
11.680661082267761
11.610479593276978
11.610536098480225
11.610586524009705
11.610635042190552
11.610686540603638
11.610734105110168
11.610781073570251
11.610827565193176
11.545297980308533
11.545382857322693
11.545446395874023
11.545498847961426
11.545548915863037
11.5455983877182
11.545646905899048
11.545694947242737
11.466192483901978
11.466250538825989
11.466301441192627
11.466350078582764
11.466398000717163
11.466446042060852
11.466493010520935
11.466539978981018
11.61476755142212
11.614826560020447
11.614879488945007
11.61493706703186
11.614985585212708
11.615033507347107
11.615081429481506
11.615129113197327
11.938015460968018
11.938072919845581
11.938124895095825
11.938173055648804
11.938220024108887
11.938266515731812
11.938313961029053
11.93835997581482
11.611064910888672
11.61112093925476
11.611199378967285
11.611255049705505
11.611304998397827
11.611353397369385
11.611405968666077
11.611453533172607
11.769951939582825
11.770009875297546
11.770060420036316
11.770108938217163
11.770156979560852
11.770203948020935
11.770250916481018
11.770297050476074
11.901847958564758
11.901906132698059
11.901958107948303
11.90200650691986
11.90205442905426
11.902101635932922
11.902148127555847
11.902194619178772
11.804475903511047
11.804530382156372
11.804579854011536
11.804628491401672
11.804675459861755
11.804722905158997
11.80476987361908
11.804816961288452
11.987119436264038
11.98717486858368
11.98722493648529
11.987274408340454
11.987322330474854
11.987370014190674
11.987417459487915
11.987464427947998
11.702988505363464
11.703045010566711
11.70309591293335
11.703145027160645
11.703192472457886
11.703240394592285
11.703287482261658
11.70333445072174
11.627601027488708
11.627683520317078
11.627739429473877
11.627790570259094
11.627838969230652
11.627886891365051
11.627938508987427
11.627987027168274
11.860506415367126
11.860560894012451
11.860610961914062
11.86065936088562
11.860706448554993
11.860753417015076
11.860800981521606
11.860847473144531
11.791832089424133
11.79188859462738
11.791939496994019
11.79198956489563
11.79203748703003
11.79208493232727
11.792136430740356
11.792184114456177
11.953251481056213
11.953308463096619
11.953359961509705
11.953409552574158
11.953456997871399
11.953504920005798
11.953552484512329
11.95359992980957
11.877025842666626
11.877084970474243
11.877135992050171
11.877184867858887
11.877232909202576
11.877280473709106
11.87732744216919
11.877374410629272
11.809844970703125
11.809903383255005
11.80995786190033
11.810006976127625
11.810054898262024
11.810102343559265
11.810149550437927
11.810196995735168
11.731475949287415
11.73153305053711
11.731584072113037
11.731633424758911
11.7316814661026
11.731728553771973
11.731775522232056
11.731822967529297
11.975949048995972
11.976005554199219
11.976057529449463
11.97610604763031
11.97615361213684
11.976201057434082
11.976247549057007
11.976294040679932
11.893755912780762
11.893813490867615
11.893863916397095
11.893911957740784
11.893959879875183
11.89401090145111
11.894057869911194
11.894106388092041
11.949065923690796
11.949121952056885
11.949172973632812
11.949221968650818
11.949269890785217
11.949340581893921
11.949396967887878
11.949447989463806
11.880236029624939
11.880294561386108
11.880346655845642
11.880396008491516
11.880449533462524
11.880497574806213
11.880545616149902
11.880593538284302
11.821872472763062
11.821931958198547
11.821983456611633
11.822039484977722
11.822088479995728
11.822136878967285
11.822184920310974
11.822232961654663
11.846683382987976
11.846789956092834
11.846843481063843
11.846893429756165
11.846941828727722
11.8469899892807
11.847037315368652
11.847084403038025
12.069244384765625
12.0693039894104
12.069355487823486
12.069404482841492
12.069452404975891
12.069499969482422
12.069547533988953
12.069594979286194
12.294361472129822
12.294418096542358
12.294469594955444
12.294517993927002
12.294566035270691
12.294613480567932
12.294660568237305
12.294707536697388
12.22571861743927
12.225775480270386
12.225831031799316
12.225880026817322
12.225927591323853
12.225974559783936
12.226025938987732
12.226073026657104
12.15519642829895
12.155262470245361
12.155315399169922
12.155364990234375
12.155412912368774
12.155459880828857
12.155507445335388
12.155553936958313
12.095370054244995
12.095427632331848
12.095479011535645
12.095527648925781
12.095576047897339
12.095624566078186
12.095672011375427
12.0957190990448
12.01895546913147
12.019013404846191
12.019064903259277
12.019114017486572
12.01916253566742
12.019209504127502
12.019256472587585
12.019303917884827
11.968078374862671
11.96813702583313
11.968188524246216
11.968238472938538
11.968286991119385
11.968334913253784
11.968383073806763
11.968430876731873
12.402761578559875
12.402818083763123
12.40286910533905
12.40291702747345
12.40296494960785
12.40301263332367
12.403059601783752
12.403106570243835
12.332469940185547
12.332550883293152
12.33260691165924
12.332656979560852
12.332705974578857
12.33275294303894
12.332799911499023
12.332846403121948
12.261454463005066
12.261512994766235
12.261564373970032
12.261613965034485
12.261661887168884
12.261709451675415
12.261757373809814
12.261804461479187
12.20022201538086
12.200279951095581
12.200330972671509
12.200379848480225
12.200427412986755
12.200474858283997
12.200522422790527
12.200569987297058
12.128936886787415
12.1289963722229
12.12904942035675
12.129098892211914
12.129147410392761
12.129194855690002
12.129242897033691
12.12929093837738
12.287077069282532
12.287135481834412
12.287211060523987
12.287262916564941
12.287312030792236
12.287359476089478
12.28740644454956
12.287453055381775
12.214498043060303
12.214558482170105
12.214615941047668
12.214666843414307
12.214715480804443
12.214762449264526
12.214808940887451
12.214855432510376
12.457591533660889
12.457677006721497
12.457730531692505
12.457780480384827
12.457828402519226
12.457875967025757
12.457923412322998
12.457970976829529
12.392443180084229
12.392501592636108
12.392553091049194
12.392602682113647
12.392650604248047
12.392698645591736
12.392746567726135
12.392794609069824
12.423788905143738
12.42384946346283
12.423902034759521
12.423951506614685
12.424000024795532
12.42404842376709
12.42409598827362
12.424143433570862
12.366821885108948
12.3668794631958
12.366930961608887
12.366979837417603
12.367028951644897
12.367076396942139
12.36712396144867
12.36717140674591
12.298794031143188
12.298853993415833
12.29890751838684
12.298958539962769
12.299011468887329
12.299059987068176
12.299107909202576
12.299156546592712
12.215476036071777
12.21553361415863
12.215585112571716
12.215633630752563
12.215681076049805
12.215728640556335
12.215775609016418
12.215822100639343
12.473628997802734
12.473695039749146
12.473745584487915
12.473793506622314
12.473841547966003
12.473889112472534
12.473935604095459
12.473982572555542
12.701680183410645
12.701736092567444
12.70178759098053
12.701836585998535
12.701884627342224
12.701931595802307
12.70197856426239
12.702027201652527
12.629831552505493
12.629891157150269
12.629942536354065
12.629991173744202
12.630039095878601
12.630086064338684
12.630133509635925
12.630180597305298
12.567115902900696
12.567176461219788
12.567228436470032
12.567277908325195
12.567329049110413
12.56737744808197
12.567429542541504
12.567476987838745
12.501731395721436
12.501790404319763
12.501842975616455
12.50192105770111
12.501973986625671
12.502023935317993
12.502073526382446
12.502121448516846
12.450746417045593
12.450813055038452
12.450866460800171
12.450929999351501
12.45098102092743
12.451029539108276
12.451077938079834
12.451125502586365
12.44409692287445
12.444165349006653
12.444218397140503
12.444268941879272
12.444332480430603
12.444427371025085
12.444491505622864
12.444544315338135
12.369512677192688
12.36959719657898
12.369652152061462
12.36974310874939
12.369795680046082
12.369901657104492
12.369996190071106
12.37006151676178
12.795132994651794
12.795239448547363
12.795302987098694
12.795403003692627
12.795456409454346
12.795506000518799
12.795552968978882
12.795625448226929
12.724357008934021
12.724446892738342
12.724623441696167
12.724733591079712
12.724800944328308
12.724876999855042
12.724930047988892
12.724978923797607
12.656960010528564
12.65705692768097
12.657114028930664
12.65718936920166
12.657284498214722
12.657346487045288
12.657395005226135
12.657442927360535
12.60547947883606
12.605538368225098
12.605590462684631
12.605639934539795
12.605688452720642
12.60573697090149
12.605785012245178
12.605832934379578
12.528595924377441
12.528653979301453
12.528705954551697
12.52875554561615
12.528999924659729
12.52905547618866
12.529105544090271
12.529155015945435
12.539541006088257
12.539599537849426
12.539651989936829
12.539703488349915
12.53975248336792
12.539802074432373
12.539850950241089
12.539899468421936
12.576792120933533
12.576850533485413
12.576903581619263
12.576953530311584
12.577002048492432
12.577051043510437
12.577099084854126
12.577147126197815
12.77901041507721
12.77906847000122
12.779119849205017
12.77916944026947
12.779217958450317
12.779265999794006
12.779313445091248
12.779361009597778
12.762014508247375
12.76207160949707
12.76212203502655
12.762170553207397
12.762218594551086
12.762266039848328
12.76231300830841
12.762359976768494
12.688080072402954
12.68813705444336
12.688188076019287
12.688236951828003
12.688284635543823
12.688333511352539
12.688380479812622
12.688426494598389
12.910503029823303
12.910561561584473
12.910614013671875
12.910663604736328
12.910712003707886
12.910760521888733
12.910808444023132
12.910857081413269
12.830645442008972
12.83070456981659
12.83075749874115
12.830807566642761
12.830856442451477
12.830905079841614
12.830955028533936
12.831002473831177
12.846327662467957
12.846386075019836
12.846442103385925
12.846493601799011
12.846542596817017
12.846591591835022
12.84664011001587
12.846689105033875
12.775166034698486
12.775224924087524
12.775277495384216
12.775327920913696
12.77537751197815
12.775426983833313
12.77547550201416
12.775524020195007
13.016162514686584
13.016222476959229
13.016275525093079
13.016336441040039
13.01638650894165
13.016435027122498
13.016483902931213
13.016533017158508
12.959991097450256
12.960049033164978
12.960103034973145
12.960154056549072
12.960202932357788
12.960252046585083
12.96030044555664
12.960349559783936
13.16712200641632
13.167181968688965
13.167234420776367
13.167292952537537
13.16734254360199
13.167392015457153
13.167441487312317
13.167502999305725
13.11186945438385
13.11192762851715
13.111979603767395
13.112029552459717
13.112078547477722
13.112126469612122
13.1121746301651
13.1122225522995
13.043947100639343
13.044040560722351
13.044102668762207
13.04415500164032
13.044204592704773
13.044253587722778
13.044302582740784
13.044350504875183
12.961796998977661
12.961856603622437
12.961909055709839
12.961959600448608
12.962008476257324
12.96205759048462
12.962105512619019
12.962154984474182
12.898740887641907
12.898800492286682
12.898852467536926
12.898902893066406
12.898951411247253
12.8989999294281
12.89904797077179
12.899097442626953
13.110304117202759
13.110363960266113
13.110417127609253
13.110467076301575
13.11051607131958
13.110565066337585
13.110613465309143
13.110662460327148
13.351549506187439
13.351609587669373
13.351662039756775
13.351714015007019
13.351763606071472
13.351812481880188
13.351861596107483
13.35190999507904
13.27559506893158
13.27565312385559
13.275705575942993
13.275755524635315
13.275805115699768
13.275853991508484
13.27590262889862
13.275951027870178
13.202184557914734
13.202243566513062
13.202296018600464
13.202346086502075
13.20239543914795
13.202444553375244
13.202492952346802
13.20254099369049
13.129297971725464
13.129355907440186
13.12940800189972
13.129458546638489
13.129508972167969
13.12955904006958
13.129607558250427
13.129655957221985
13.073301434516907
13.073360323905945
13.073412895202637
13.0734623670578
13.073511958122253
13.073559880256653
13.0736083984375
13.073656439781189
13.251378893852234
13.25143849849701
13.251490950584412
13.251541376113892
13.251590967178345
13.25163996219635
13.251688480377197
13.251736879348755
13.198326587677002
13.198387026786804
13.198440074920654
13.198490023612976
13.198539018630981
13.198587536811829
13.198636174201965
13.198684096336365
13.257389545440674
13.257450103759766
13.257503151893616
13.257554054260254
13.257603526115417
13.25765311717987
13.25774359703064
13.257802128791809
13.17560350894928
13.175664067268372
13.175717115402222
13.17576813697815
13.175817489624023
13.175868034362793
13.17591655254364
13.175965070724487
13.107441663742065
13.107502579689026
13.107555031776428
13.10760509967804
13.107653975486755
13.10770308971405
13.107751488685608
13.107800126075745
13.34047555923462
13.340531945228577
13.34058392047882
13.340634942054749
13.340684056282043
13.340787529945374
13.340837478637695
13.340886950492859
13.278868556022644
13.278926134109497
13.278979063034058
13.279031038284302
13.279081106185913
13.279129981994629
13.279178619384766
13.279227614402771
13.501132369041443
13.501190423965454
13.501242876052856
13.50129246711731
13.501341462135315
13.501389980316162
13.501438975334167
13.501487016677856
13.456704020500183
13.456763625144958
13.456816673278809
13.456866979598999
13.45691704750061
13.456966161727905
13.457015037536621
13.457063674926758
13.3843594789505
13.384418964385986
13.384471535682678
13.384520888328552
13.384569525718689
13.384618043899536
13.384666442871094
13.384714484214783
13.320379614830017
13.320443511009216
13.320497155189514
13.320548057556152
13.320597529411316
13.32064664363861
13.320695519447327
13.320744633674622
13.242228984832764
13.242288589477539
13.24234163761139
13.24239194393158
13.242442011833191
13.242491006851196
13.242540001869202
13.24258804321289
13.220458507537842
13.22051751613617
13.220569968223572
13.220622539520264
13.220672011375427
13.22072148323059
13.220771074295044
13.220819473266602
