-1.0
-1.0
-1.0
-1.0
-1.0
2598.5
-1.0
-1.0
-1.0
-1.0
-1.0
-1.0
-1.0
2578.0
-1.0
-1.0
-1.0
-1.0
-1.0
-1.0
-1.0
2848.5
-1.0
-1.0
-1.0
-1.0
-1.0
-1.0
-1.0
2843.0
-1.0
-1.0
-1.0
-1.0
-1.0
-1.0
-1.0
3258.5
-1.0
-1.0
-1.0
-1.0
-1.0
-1.0
-1.0
3504.0
-1.0
-1.0
-1.0
-1.0
-1.0
-1.0
-1.0
3996.5
-1.0
-1.0
-1.0
-1.0
-1.0
-1.0
-1.0
4515.5
-1.0
-1.0
-1.0
-1.0
-1.0
-1.0
-1.0
4426.5
-1.0
-1.0
-1.0
-1.0
-1.0
-1.0
-1.0
4676.5
-1.0
-1.0
-1.0
-1.0
-1.0
-1.0
-1.0
4580.0
-1.0
-1.0
-1.0
-1.0
-1.0
-1.0
-1.0
4480.0
-1.0
-1.0
-1.0
-1.0
-1.0
-1.0
-1.0
4699.0
-1.0
-1.0
-1.0
-1.0
-1.0
-1.0
-1.0
4599.0
-1.0
-1.0
-1.0
-1.0
-1.0
-1.0
-1.0
4499.0
-1.0
-1.0
-1.0
-1.0
-1.0
-1.0
-1.0
4399.0
-1.0
-1.0
-1.0
-1.0
-1.0
-1.0
-1.0
4299.0
-1.0
-1.0
-1.0
-1.0
-1.0
-1.0
-1.0
4199.0
-1.0
-1.0
-1.0
-1.0
3101.0
-1.0
-1.0
4130.0
-1.0
3114.0
-1.0
-1.0
3051.0
-1.0
-1.0
4130.0
-1.0
3064.0
-1.0
-1.0
3001.0
-1.0
-1.0
4130.0
-1.0
3014.0
-1.0
-1.0
2951.0
-1.0
-1.0
4130.0
-1.0
2964.0
-1.0
-1.0
2901.0
-1.0
-1.0
4130.0
-1.0
2914.0
-1.0
-1.0
2851.0
-1.0
-1.0
4130.0
-1.0
2864.0
-1.0
-1.0
2801.0
-1.0
-1.0
4130.0
-1.0
2814.0
-1.0
-1.0
2751.0
-1.0
-1.0
4130.0
-1.0
2764.0
-1.0
-1.0
2701.0
-1.0
-1.0
4130.0
-1.0
2714.0
-1.0
-1.0
2651.0
-1.0
-1.0
4130.0
-1.0
2664.0
-1.0
-1.0
2601.0
-1.0
-1.0
4130.0
-1.0
2614.0
-1.0
-1.0
2551.0
-1.0
-1.0
4130.0
-1.0
2564.0
-1.0
-1.0
2501.0
-1.0
-1.0
4130.0
-1.0
2514.0
-1.0
-1.0
2451.0
-1.0
-1.0
4130.0
-1.0
2464.0
-1.0
-1.0
2401.0
-1.0
-1.0
4130.0
-1.0
2414.0
-1.0
-1.0
2351.0
-1.0
-1.0
4130.0
-1.0
2364.0
-1.0
-1.0
2301.0
-1.0
-1.0
4130.0
3123.5
2330.0
-1.0
-1.0
2251.0
-1.0
-1.0
4130.0
3073.5
2330.0
-1.0
-1.0
2201.0
-1.0
-1.0
4130.0
3023.5
2330.0
-1.0
-1.0
2197.0
-1.0
-1.0
4084.0
2973.5
2330.0
-1.0
-1.0
2157.0
-1.0
-1.0
4074.0
2923.5
2330.0
-1.0
-1.0
2157.0
-1.0
-1.0
4041.5
2873.5
5419.5
-1.0
-1.0
2157.0
-1.0
-1.0
4041.5
2823.5
5369.5
-1.0
-1.0
2157.0
-1.0
-1.0
4041.5
2773.5
5319.5
-1.0
-1.0
2157.0
-1.0
-1.0
4041.5
2723.5
5269.5
-1.0
-1.0
2157.0
-1.0
-1.0
4041.5
2673.5
5219.5
-1.0
-1.0
2157.0
-1.0
-1.0
4041.5
2623.5
5169.5
-1.0
-1.0
2157.0
-1.0
-1.0
4041.5
2573.5
5119.5
-1.0
-1.0
2157.0
-1.0
-1.0
4041.5
2523.5
5069.5
-1.0
-1.0
2157.0
-1.0
-1.0
4041.5
2473.5
5019.5
-1.0
-1.0
2157.0
-1.0
-1.0
4041.5
2423.5
4969.5
-1.0
-1.0
2157.0
-1.0
-1.0
4041.5
2373.5
4919.5
-1.0
-1.0
2157.0
-1.0
-1.0
4041.5
2323.5
4869.5
-1.0
-1.0
2157.0
-1.0
-1.0
4041.5
2273.5
4819.5
-1.0
-1.0
2157.0
-1.0
-1.0
4041.5
2223.5
4769.5
-1.0
-1.0
2157.0
-1.0
-1.0
4041.5
2173.5
4719.5
-1.0
-1.0
2157.0
-1.0
-1.0
4041.5
2123.5
4669.5
-1.0
-1.0
2157.0
-1.0
-1.0
4041.5
2073.5
4619.5
-1.0
-1.0
2157.0
-1.0
-1.0
4041.5
2023.5
4569.5
-1.0
-1.0
2157.0
-1.0
-1.0
4041.5
1973.5
4519.5
-1.0
-1.0
2157.0
-1.0
-1.0
4041.5
1923.5
4469.5
-1.0
-1.0
2157.0
-1.0
-1.0
4041.5
1873.5
4419.5
-1.0
-1.0
2157.0
-1.0
-1.0
4041.5
1823.5
4369.5
-1.0
-1.0
2157.0
-1.0
-1.0
4041.5
1773.5
4319.5
-1.0
-1.0
2157.0
-1.0
-1.0
4041.5
1723.5
4269.5
-1.0
-1.0
2157.0
-1.0
-1.0
4008.0
1707.0
4219.5
-1.0
-1.0
2157.0
-1.0
-1.0
3958.0
1707.0
4169.5
-1.0
-1.0
2157.0
-1.0
-1.0
3908.0
1707.0
4119.5
-1.0
-1.0
2157.0
-1.0
-1.0
3858.0
1707.0
4069.5
-1.0
-1.0
2157.0
-1.0
-1.0
3808.0
1707.0
4019.5
-1.0
-1.0
5284.5
-1.0
-1.0
3773.0
1707.0
3969.5
-1.0
-1.0
5215.5
-1.0
-1.0
3754.5
1707.0
3957.0
-1.0
-1.0
5146.0
-1.0
-1.0
3724.0
1707.0
3957.0
-1.0
-1.0
5046.0
-1.0
-1.0
3724.0
1707.0
3957.0
-1.0
-1.0
4946.0
-1.0
-1.0
3724.0
1707.0
3957.0
-1.0
-1.0
4846.0
-1.0
-1.0
3724.0
1707.0
3957.0
-1.0
-1.0
4746.0
-1.0
-1.0
3724.0
1707.0
3957.0
-1.0
-1.0
4646.0
-1.0
-1.0
3724.0
1707.0
3957.0
-1.0
-1.0
4546.0
-1.0
-1.0
3724.0
1707.0
3957.0
-1.0
-1.0
4446.0
-1.0
-1.0
3724.0
1707.0
3957.0
-1.0
-1.0
4346.0
-1.0
-1.0
3724.0
1707.0
3957.0
-1.0
-1.0
4246.0
-1.0
-1.0
3724.0
1707.0
3957.0
-1.0
-1.0
4146.0
-1.0
-1.0
3724.0
1707.0
3957.0
-1.0
-1.0
4046.0
-1.0
-1.0
3724.0
1707.0
3957.0
-1.0
-1.0
3946.5
-1.0
-1.0
3723.5
1707.0
3957.0
-1.0
-1.0
3896.5
-1.0
-1.0
3673.5
1707.0
3957.0
-1.0
-1.0
3846.5
-1.0
-1.0
3623.5
1707.0
3957.0
-1.0
-1.0
3796.5
-1.0
-1.0
3573.5
1707.0
3957.0
-1.0
-1.0
3746.5
-1.0
-1.0
3523.5
1707.0
3957.0
-1.0
-1.0
3696.5
-1.0
-1.0
3473.5
1707.0
3957.0
-1.0
-1.0
3646.5
-1.0
-1.0
3423.5
1707.0
3957.0
-1.0
-1.0
3596.5
-1.0
-1.0
3373.5
1707.0
3957.0
-1.0
-1.0
3546.5
-1.0
-1.0
3323.5
1707.0
3957.0
-1.0
-1.0
3496.5
-1.0
-1.0
3323.5
4765.0
3957.0
-1.0
-1.0
3446.5
-1.0
-1.0
3323.5
4715.0
3957.0
-1.0
-1.0
3396.5
-1.0
-1.0
3323.5
4665.0
3957.0
-1.0
-1.0
3346.5
-1.0
-1.0
3323.5
4615.0
3957.0
-1.0
-1.0
3296.5
-1.0
-1.0
3323.5
4565.0
3957.0
-1.0
-1.0
3246.5
-1.0
-1.0
3323.5
4515.0
3957.0
-1.0
-1.0
3196.5
-1.0
-1.0
3323.5
4465.0
3957.0
-1.0
-1.0
3146.5
-1.0
-1.0
3323.5
4415.0
3957.0
-1.0
-1.0
3096.5
-1.0
-1.0
3323.5
4365.0
3957.0
-1.0
-1.0
3046.5
-1.0
-1.0
3323.5
4315.0
3957.0
-1.0
-1.0
2999.0
-1.0
-1.0
3321.0
4265.0
3957.0
-1.0
-1.0
2999.0
-1.0
-1.0
3271.0
4215.0
3957.0
-1.0
-1.0
2999.0
-1.0
-1.0
3221.0
4165.0
3957.0
-1.0
-1.0
2999.0
-1.0
-1.0
3171.0
4115.0
3957.0
-1.0
-1.0
2999.0
-1.0
-1.0
3121.0
4065.0
3957.0
-1.0
-1.0
2999.0
-1.0
-1.0
3071.0
4015.0
3957.0
-1.0
-1.0
2999.0
-1.0
-1.0
3021.0
3965.0
3957.0
-1.0
-1.0
2999.0
-1.0
-1.0
3020.5
3915.0
3907.5
-1.0
-1.0
2999.0
-1.0
-1.0
3020.5
3865.0
3857.5
-1.0
-1.0
2999.0
-1.0
-1.0
3020.5
3815.0
3807.5
-1.0
3096.5
2999.0
-1.0
-1.0
3020.5
3765.0
3801.5
-1.0
6147.0
2999.0
-1.0
-1.0
3020.5
3735.5
3787.5
-1.0
6047.0
2999.0
-1.0
-1.0
3020.5
3735.5
3787.5
-1.0
5947.0
2999.0
-1.0
-1.0
3020.5
3735.5
3787.5
-1.0
5847.0
2999.0
-1.0
-1.0
3020.5
3735.5
3787.5
-1.0
5747.0
2999.0
-1.0
-1.0
3020.5
3735.5
3787.5
-1.0
5647.0
2999.0
-1.0
-1.0
3020.5
3735.5
3787.5
-1.0
5547.0
2999.0
-1.0
-1.0
3020.5
3735.5
3787.5
-1.0
5447.0
2999.0
-1.0
-1.0
3020.5
3735.5
3787.5
-1.0
5347.0
2999.0
-1.0
-1.0
3020.5
3735.5
3787.5
-1.0
5247.0
2999.0
-1.0
-1.0
3020.5
3735.5
3787.5
-1.0
5147.0
2999.0
-1.0
-1.0
3020.5
3735.5
3787.5
-1.0
5047.0
2999.0
-1.0
-1.0
3020.5
3735.5
3787.5
-1.0
4947.0
2999.0
-1.0
-1.0
3020.5
3735.5
3787.5
-1.0
4847.0
2999.0
-1.0
-1.0
3020.5
3735.5
3787.5
-1.0
4747.0
2999.0
-1.0
-1.0
3020.5
3735.5
3787.5
-1.0
4647.0
2999.0
-1.0
-1.0
3020.5
3735.5
3787.5
-1.0
4547.0
2999.0
-1.0
-1.0
3020.5
3735.5
3787.5
-1.0
4447.0
2999.0
-1.0
-1.0
3020.5
3735.5
3787.5
-1.0
4347.0
2999.0
-1.0
-1.0
3020.5
3735.5
3787.5
-1.0
4247.0
2999.0
-1.0
-1.0
3020.5
3735.5
3787.5
-1.0
4147.0
2999.0
-1.0
-1.0
3020.5
3735.5
3787.5
-1.0
4047.0
2999.0
-1.0
-1.0
3020.5
3735.5
3787.5
-1.0
3947.0
2999.0
-1.0
-1.0
3020.5
3735.5
3787.5
-1.0
3847.0
2999.0
-1.0
-1.0
3020.5
3735.5
3787.5
-1.0
3797.0
2999.0
-1.0
3091.5
3020.5
3735.5
3787.5
-1.0
3747.0
2999.0
-1.0
3041.5
3020.5
3735.5
3787.5
-1.0
3697.0
2999.0
-1.0
2991.5
3020.5
3735.5
3787.5
-1.0
3647.0
2999.0
-1.0
2941.5
3020.5
3735.5
3787.5
-1.0
3597.0
2999.0
-1.0
2891.5
3020.5
3735.5
3787.5
-1.0
3547.0
2999.0
-1.0
2841.5
3020.5
3735.5
3787.5
-1.0
3497.0
2999.0
-1.0
2791.5
3020.5
3735.5
3787.5
-1.0
3447.0
2999.0
-1.0
2741.5
3020.5
3735.5
3787.5
-1.0
3397.0
2999.0
-1.0
2691.5
3020.5
3735.5
3787.5
-1.0
3347.0
2999.0
-1.0
2641.5
3020.5
3735.5
3787.5
-1.0
3335.5
2999.0
-1.0
5659.5
3020.5
3735.5
3787.5
-1.0
3335.5
2999.0
-1.0
5559.5
3020.5
3735.5
3787.5
-1.0
3335.5
2999.0
-1.0
5459.5
3020.5
3735.5
3787.5
-1.0
3335.5
2999.0
-1.0
5359.5
3020.5
3735.5
3787.5
-1.0
3335.5
2999.0
-1.0
5259.5
3020.5
3735.5
3787.5
-1.0
3335.5
2999.0
-1.0
5159.5
3020.5
3735.5
3787.5
-1.0
3335.5
2999.0
-1.0
5059.5
3020.5
3735.5
3787.5
-1.0
3335.5
2999.0
-1.0
4959.5
3020.5
3735.5
3787.5
-1.0
3335.5
2999.0
-1.0
4859.5
3020.5
3735.5
3787.5
-1.0
3335.5
2999.0
-1.0
4759.5
3020.5
3735.5
3787.5
-1.0
3335.5
2994.0
-1.0
4687.0
2998.0
3735.5
3787.5
-1.0
3304.0
2975.5
-1.0
4637.0
2998.0
3735.5
3787.5
-1.0
3283.0
2975.5
-1.0
4558.0
2998.0
3735.5
3787.5
-1.0
3283.0
2975.5
-1.0
4482.5
2998.0
3735.5
3763.0
-1.0
3283.0
2975.5
-1.0
4432.5
2998.0
3726.0
3722.5
3091.0
3283.0
2975.5
-1.0
4382.5
2998.0
3724.5
3722.5
3041.0
3283.0
2975.5
-1.0
4332.5
2998.0
3724.5
3722.5
2991.0
3283.0
2975.5
-1.0
4282.5
2998.0
3724.5
3722.5
2941.0
3283.0
2975.5
-1.0
4232.5
2998.0
3724.5
3722.5
2891.0
3283.0
2975.5
-1.0
4182.5
2998.0
3724.5
3722.5
2841.0
3283.0
2975.5
-1.0
4132.5
2998.0
3724.5
3722.5
2791.0
3283.0
2975.5
-1.0
4082.5
2998.0
3724.5
3722.5
2741.0
3283.0
2975.5
-1.0
4032.5
2998.0
3724.5
3722.5
2691.0
3283.0
2975.5
-1.0
3982.5
2998.0
3724.5
3722.5
2641.0
3283.0
2975.5
-1.0
3932.5
2998.0
3724.5
3722.5
2591.0
3283.0
2975.5
-1.0
3882.5
2998.0
3724.5
3722.5
2541.0
3283.0
2975.5
-1.0
3832.5
2998.0
3724.5
3722.5
2491.0
3283.0
2975.5
-1.0
3782.5
2998.0
3724.5
3722.5
2441.0
3283.0
2975.5
-1.0
3732.5
2998.0
3724.5
3722.5
2391.0
3283.0
2975.5
-1.0
3682.5
2998.0
3724.5
3722.5
2341.0
3283.0
2975.5
-1.0
3632.5
2998.0
3724.5
3722.5
2291.0
3283.0
2975.5
-1.0
3582.5
2998.0
3724.5
3722.5
2241.0
3283.0
2975.5
-1.0
3532.5
2998.0
3724.5
3722.5
2191.0
3283.0
2952.5
-1.0
3505.5
2998.0
3724.5
3722.5
2141.0
3255.5
2930.0
-1.0
3505.5
2998.0
3724.5
3722.5
2091.0
3205.5
2930.0
-1.0
3505.5
2998.0
3724.5
3722.5
2041.0
3168.5
2930.0
-1.0
3492.5
2998.0
3724.5
3722.5
1991.0
3168.5
2930.0
-1.0
3442.5
2998.0
3724.5
3722.5
1941.0
3168.5
2930.0
-1.0
3392.5
2998.0
3724.5
3722.5
1891.0
3168.5
2930.0
-1.0
3385.0
2998.0
3724.5
3680.0
1841.0
3168.5
2930.0
-1.0
3385.0
2998.0
3724.5
3630.0
1791.0
3168.5
2930.0
-1.0
3385.0
2998.0
3724.5
3580.0
1772.5
3168.5
2930.0
3110.0
3385.0
2998.0
3724.5
3530.0
1772.5
3168.5
2930.0
3060.0
3385.0
2998.0
3724.5
3480.0
1772.5
3168.5
2923.0
3010.0
3385.0
2998.0
3724.5
3437.0
1772.5
3168.5
2873.0
2960.0
3385.0
2998.0
3724.5
3437.0
1772.5
3168.5
2837.5
2910.0
3382.5
2986.0
3724.5
3437.0
1772.5
3168.5
2837.5
2860.0
3382.5
2936.0
3724.5
3437.0
1772.5
3168.5
2837.5
2810.0
3382.5
2886.0
3724.5
3437.0
1772.5
3168.5
2837.5
2760.0
3382.5
2836.0
3724.5
3437.0
1772.5
3168.5
2837.5
2710.0
3382.5
2786.0
3724.5
3437.0
1772.5
3168.5
2837.5
2660.0
3382.5
2736.0
3724.5
3437.0
1772.5
3168.5
2837.5
2610.0
3382.5
2686.0
3724.5
3437.0
1772.5
3152.0
2837.5
2560.0
3382.5
2673.0
3724.5
3416.5
1772.5
3143.5
2837.5
2510.0
3341.0
2673.0
3724.5
3416.5
1772.5
3143.5
2837.5
2460.0
3291.0
2673.0
3724.5
3416.5
1772.5
3141.0
2808.0
2410.0
3282.0
2664.0
3724.5
3416.5
1772.5
3141.0
2758.0
2360.0
3282.0
2664.0
3724.5
3416.5
1772.5
3141.0
2708.0
2310.0
3282.0
2664.0
3724.5
3416.5
1772.5
3141.0
2658.0
2260.0
3282.0
2664.0
3724.5
3416.5
1772.5
3141.0
2608.0
2210.0
3282.0
2664.0
3724.5
3416.5
1772.5
3141.0
2558.0
2160.0
3282.0
2664.0
3724.5
3416.5
1772.5
3141.0
2508.0
2110.0
3282.0
2664.0
3724.5
3416.5
1772.5
3138.5
2479.5
2060.0
3272.0
2664.0
3724.5
3407.5
1772.5
3128.0
2479.5
2010.0
3265.0
2638.0
3724.5
3401.0
1772.5
3128.0
2479.5
1960.0
3265.0
2588.0
3724.5
3401.0
1772.5
3128.0
2479.5
1910.0
3265.0
2538.0
3724.5
3401.0
1772.5
3128.0
2479.5
1860.0
3265.0
2488.0
3724.5
3401.0
1772.5
3128.0
2479.5
1810.0
3265.0
2438.0
3724.5
3401.0
1772.5
3128.0
2474.0
1765.5
3265.0
2388.0
3724.5
3401.0
1772.5
3119.0
2466.0
1765.5
3253.5
2327.5
3724.5
3390.0
1772.5
3100.0
2456.5
1761.5
3234.0
2293.0
3724.5
3376.5
1738.0
3059.5
2443.0
1761.5
3234.0
2291.0
3724.5
3367.0
1695.5
3009.5
2443.0
1761.5
3226.5
2291.0
3724.5
3367.0
1695.5
2959.5
2443.0
1761.5
3176.5
2291.0
3724.5
3367.0
1695.5
2925.5
2443.0
1761.5
3126.5
2275.0
3724.5
3367.0
1695.5
2925.5
2443.0
1761.5
3076.5
2225.0
3724.5
3367.0
1695.5
2925.5
2443.0
1761.5
3026.5
2175.0
3724.5
3367.0
1695.5
2925.5
2443.0
1761.5
2976.5
2125.0
3724.5
3367.0
1695.5
2925.5
2443.0
1761.5
2926.5
2075.0
3724.5
3367.0
1695.5
2925.5
2439.5
1719.0
2922.5
2052.5
3697.0
3367.0
1695.5
2925.5
2439.5
1669.0
2922.5
2052.5
3647.0
3367.0
1695.5
2925.5
2439.5
1619.0
2922.5
2052.5
3597.0
3367.0
1695.5
2925.5
2439.5
1569.0
2922.5
2052.5
3547.0
3367.0
1695.5
2925.5
2439.5
1519.0
2922.5
2052.5
3497.0
3367.0
1695.5
2925.5
2439.5
1469.0
2922.5
2052.5
3447.0
3367.0
1695.5
2925.5
2439.5
1464.0
2922.5
2052.5
3397.0
3322.0
1695.5
2925.5
2439.5
1464.0
2922.5
2052.5
3347.0
3272.0
1695.5
2925.5
2439.5
1464.0
2922.5
2052.5
3297.0
3222.0
1695.5
2925.5
2439.5
1464.0
2922.5
2052.5
3247.0
3172.0
1695.5
2925.5
2439.5
1464.0
2922.5
2052.5
3197.0
3122.0
1695.5
2925.5
2439.5
1464.0
2922.5
2021.5
3147.0
3103.0
1695.5
2925.5
2439.5
1464.0
2922.5
1971.5
3097.0
3103.0
1695.5
2925.5
2439.5
1464.0
2922.5
1921.5
3047.0
3103.0
4787.0
2925.5
2439.0
1464.0
2922.5
1872.0
3013.5
3103.0
4725.0
2925.5
2426.0
1451.5
2922.5
1872.0
3001.0
3103.0
4667.0
2925.5
2426.0
1451.5
2922.5
1866.0
3001.0
3067.0
4617.0
2925.5
2426.0
1451.5
2922.5
1866.0
3001.0
3017.0
4567.0
2925.5
2426.0
1451.5
2922.5
1866.0
3001.0
2967.0
4517.0
2925.5
2426.0
1451.5
2922.5
1866.0
3001.0
2917.0
4467.0
2925.5
2426.0
1451.5
2922.5
1866.0
3001.0
2867.0
4417.0
2925.5
2426.0
1451.5
2922.5
1866.0
3001.0
2817.0
4367.0
2925.5
2426.0
1451.5
2922.5
1866.0
3001.0
2767.0
4281.5
2925.5
2426.0
1451.5
2922.5
1866.0
2994.5
2759.0
4181.5
2925.5
2426.0
1451.5
2922.5
1866.0
2994.5
2759.0
4081.5
2925.5
2426.0
1451.5
2922.5
1866.0
2994.5
2759.0
3981.5
2925.5
2426.0
1451.5
2922.5
1866.0
2994.5
2759.0
3881.5
2925.5
2426.0
1451.5
2922.5
1866.0
2994.5
2759.0
3781.5
2925.5
2426.0
1451.5
2922.5
1866.0
2994.5
2759.0
3681.5
2925.5
2426.0
1451.5
2922.5
1866.0
2994.5
2759.0
3616.0
2925.5
2426.0
1417.0
2922.5
1866.0
2994.5
2759.0
3566.0
2925.5
2426.0
1367.0
2922.5
1866.0
2994.5
2759.0
3516.0
2878.5
2426.0
1364.0
2922.5
1866.0
2994.5
2759.0
3466.0
2850.5
2412.0
1364.0
2919.5
1866.0
2994.5
2754.0
3416.0
2850.5
2362.0
1364.0
2919.5
1866.0
2994.5
2754.0
3366.0
2823.5
2342.0
1361.0
2919.5
1866.0
2994.5
2754.0
3316.0
2773.5
2342.0
1361.0
2919.5
1866.0
2994.5
2754.0
3266.0
2723.5
2342.0
1361.0
2919.5
1866.0
2994.5
2754.0
3216.0
2673.5
2342.0
1361.0
2919.5
1866.0
2994.5
2754.0
3166.0
2623.5
2342.0
1361.0
2919.5
1866.0
2994.5
2754.0
3116.0
2573.5
2342.0
1361.0
2919.5
1866.0
2994.5
2754.0
3066.0
2541.5
2324.0
1361.0
2919.5
1866.0
2994.5
2754.0
3016.0
2541.5
2274.0
1361.0
2919.5
1866.0
2994.5
2754.0
2966.0
2541.5
2224.0
1361.0
2919.5
1866.0
2994.5
2754.0
2916.0
2541.5
2174.0
1361.0
2919.5
1866.0
2994.5
2754.0
2866.0
2541.5
2138.0
1347.5
2919.5
1865.5
2994.5
2754.0
2799.5
2541.5
2138.0
1336.5
2919.5
1865.5
2972.0
2754.0
2748.0
2541.5
2128.5
1336.5
2915.5
1859.5
2943.0
2754.0
2698.0
2541.5
2128.5
1336.5
2915.5
1859.5
2893.0
2754.0
2648.0
2541.5
2128.5
1336.5
2915.5
1859.5
2843.0
2754.0
2622.0
2541.5
2128.5
4420.0
2915.5
1859.5
2793.0
2754.0
2622.0
2541.5
2128.5
4370.0
2915.5
1859.5
2743.0
2754.0
2622.0
2541.5
2128.5
4320.0
2915.5
1859.5
2693.0
2754.0
2622.0
2541.5
2128.5
4270.0
2915.5
1859.5
2643.0
2754.0
2622.0
2530.5
2128.5
4219.0
2908.5
1859.5
2631.5
2734.5
2622.0
2530.5
2128.5
4169.0
2908.5
1859.5
2631.5
2684.5
2622.0
2530.5
2128.5
4119.0
2908.5
1859.5
2631.5
2634.5
2622.0
2530.5
2128.5
4069.0
2908.5
1859.5
2631.5
2584.5
2622.0
2530.5
2128.5
4019.0
2908.5
1859.5
2631.5
2534.5
2622.0
2530.5
2128.5
3969.0
2908.5
1859.5
2631.5
2484.5
2622.0
2530.5
2128.5
3919.0
2908.5
1859.5
2631.5
2434.5
2622.0
2530.5
2128.5
3869.0
2908.5
1859.5
2631.5
2384.5
2622.0
2530.5
2128.5
3819.0
2908.5
1859.5
2631.5
2334.5
2614.0
2530.5
2117.5
3769.0
2908.5
1846.5
2631.5
2316.5
2564.0
2530.5
2117.5
3719.0
2908.5
1846.5
2631.5
2316.5
2514.0
2530.5
2117.5
3669.0
2908.5
1846.5
2631.5
2316.5
2464.0
2530.5
2117.5
3619.0
2908.5
1846.5
2631.5
2316.5
2414.0
2530.5
2117.5
3569.0
2908.5
1846.5
2631.5
2316.5
2364.0
2530.5
2117.5
3519.0
2908.5
1846.5
2631.5
2316.5
2314.0
2530.5
2117.5
3469.0
2908.5
1846.5
2631.5
2316.5
2302.0
2530.5
2117.5
3394.5
2908.5
1843.5
2621.0
2316.5
2292.0
2526.0
2112.0
3344.0
2905.0
1835.0
2617.5
2302.5
2292.0
2476.0
2112.0
3294.0
2905.0
1835.0
2617.5
2302.5
2292.0
2426.0
2112.0
3244.0
2905.0
1835.0
2617.5
2302.5
2292.0
2376.0
2112.0
3194.0
2905.0
1835.0
2617.5
2302.5
2292.0
2326.0
2112.0
3144.0
2905.0
1835.0
2617.5
2302.5
2292.0
2276.0
2112.0
3094.0
2905.0
1835.0
2617.5
2302.5
2292.0
2226.0
2112.0
3044.0
2905.0
1835.0
2617.5
2302.5
2289.0
2209.5
2099.0
2994.0
2896.5
1826.0
2617.5
2302.5
2279.5
2209.5
2085.0
2933.0
2896.5
1821.5
2606.5
2302.5
2279.5
2209.5
2085.0
2883.0
2896.5
1818.5
2606.5
2255.5
2279.5
2209.5
2085.0
2833.0
2896.5
1818.5
2606.5
2205.5
2279.5
2209.5
2085.0
2783.0
2896.5
1818.5
2606.5
2155.5
2279.5
2209.5
2085.0
2733.0
2896.5
1818.5
2606.5
2105.5
2279.5
2209.5
2085.0
2683.0
2896.5
1818.5
2606.5
2055.5
2276.5
2209.5
2085.0
2633.0
2874.5
1818.5
2606.5
2030.5
2276.5
2206.5
2069.0
2618.5
2817.5
1809.0
2606.5
2030.5
2276.5
2206.5
2069.0
2618.5
2763.5
1809.0
2606.5
1984.5
2276.5
2206.5
2069.0
2618.5
2713.5
1809.0
2606.5
1934.5
2276.5
2206.5
2069.0
2618.5
2663.5
1809.0
2606.5
1884.5
2276.5
2206.5
2069.0
2618.5
2613.5
1809.0
2606.5
1834.5
2276.5
2204.0
2069.0
2611.0
2579.0
1806.5
2604.5
1783.5
2241.5
2192.5
2069.0
2561.0
2579.0
1806.5
2604.5
1780.0
2191.5
2192.5
2069.0
2511.0
2579.0
1806.5
2604.5
1780.0
2141.5
2192.5
2069.0
2461.0
2579.0
1806.5
2604.5
1780.0
2091.5
2192.5
2069.0
2411.0
2579.0
1806.5
2604.5
1780.0
2041.5
2192.5
2069.0
2361.0
2579.0
1806.5
2604.5
1780.0
2038.0
2192.5
2069.0
2264.5
2579.0
1806.5
2604.5
1780.0
2038.0
2181.5
2069.0
2185.0
2578.0
1806.5
2604.5
1771.5
2015.0
2181.5
2059.5
2135.0
2570.0
1797.0
2604.5
1771.5
1995.0
2181.5
2059.5
2055.0
2570.0
1797.0
2604.5
1771.5
1995.0
2181.5
2059.5
1986.0
2570.0
1797.0
2573.5
1771.5
1995.0
2181.5
2059.5
1936.0
2570.0
1797.0
2523.5
1771.5
1995.0
2181.5
2059.5
1886.0
2570.0
1797.0
2473.5
1771.5
1995.0
2181.5
2059.5
1836.0
2570.0
1797.0
2423.5
1771.5
1995.0
2181.5
2059.5
1786.0
2570.0
1797.0
2373.5
1771.5
1995.0
2181.5
2059.5
1738.5
2570.0
1797.0
2321.0
1771.5
1995.0
2176.5
2059.5
1738.5
2570.0
1797.0
2226.0
1771.5
1995.0
2124.0
2059.5
1711.0
2570.0
1795.5
2211.0
1768.0
1995.0
2074.0
2059.5
1697.0
2570.0
1795.5
2175.0
1768.0
1995.0
2024.0
2059.5
1697.0
2570.0
1795.5
2125.0
1768.0
1995.0
1974.0
2059.5
1697.0
2570.0
1795.5
2075.0
1768.0
1995.0
1924.0
2059.5
1697.0
2570.0
1795.5
2025.0
1768.0
1991.5
1874.0
2046.0
1697.0
2570.0
1787.0
2000.5
1768.0
1991.5
1813.0
2046.0
1697.0
2555.0
1781.0
1998.5
1752.0
1980.0
1803.0
2012.0
1691.0
2543.5
1780.5
1991.5
1732.5
1980.0
1799.0
1948.5
1691.0
2543.5
1768.5
1971.0
1732.5
1980.0
1799.0
1898.5
1691.0
2505.5
1768.5
1959.0
1732.5
1980.0
1799.0
1848.5
1691.0
2455.5
1768.5
1959.0
1732.5
1980.0
1799.0
1798.5
1691.0
2405.5
1768.5
1959.0
1732.5
1980.0
1799.0
1748.5
1691.0
2355.5
1768.5
1959.0
1732.5
1977.5
1793.5
1727.0
1682.0
2300.5
1768.5
1956.0
1729.0
1970.5
1793.5
1704.0
1680.0
2250.5
1757.5
1949.0
1729.0
1970.5
1793.5
1654.0
1680.0
2221.0
1737.0
1949.0
1729.0
1970.5
1793.5
1604.0
1680.0
2221.0
1687.0
1949.0
1729.0
1970.5
1793.5
1554.0
1680.0
2221.0
1637.0
1949.0
1729.0
1970.5
1793.5
1504.0
1680.0
2221.0
1587.0
1949.0
1729.0
1970.5
1793.5
1454.0
1680.0
2221.0
1537.0
1949.0
1729.0
1970.5
1793.5
1404.0
1680.0
2221.0
1487.0
1949.0
1729.0
1966.0
1786.5
1402.5
1676.0
2215.5
1437.0
1943.0
1707.5
1954.0
1786.5
1402.5
1666.5
2215.5
1413.5
1938.0
1657.5
1954.0
1786.5
1399.5
1666.5
2180.0
1409.5
1930.5
1607.5
1954.0
1786.5
1399.5
1666.5
2130.0
1409.5
1930.5
1557.5
1954.0
1786.5
1399.5
1666.5
2080.0
1409.5
1930.5
1507.5
1954.0
1786.5
1399.5
1666.5
2030.0
1409.5
1930.5
1457.5
1954.0
1786.5
1399.5
1666.5
1980.0
1409.5
1930.5
1407.5
1954.0
1786.5
1399.5
1666.5
1930.0
1385.0
1930.5
1382.0
1954.0
1786.5
1399.5
1666.5
1880.0
1335.0
1930.5
1382.0
1919.0
1786.5
1399.5
1663.0
1872.0
1285.0
1927.0
1382.0
1869.0
1786.5
1399.5
1663.0
1872.0
1235.0
1927.0
1382.0
1819.0
1786.5
1399.5
1663.0
1872.0
1185.0
1927.0
1382.0
1790.0
1786.5
1389.5
1663.0
1870.5
1127.0
1925.5
1382.0
1785.0
1786.5
1389.5
1659.0
1820.5
1089.5
1922.0
1382.0
1785.0
1786.5
1373.0
1638.5
1770.5
1076.5
1922.0
1382.0
1785.0
1786.5
1373.0
1588.5
1720.5
1076.5
1922.0
1382.0
1785.0
1786.5
1373.0
1565.5
1670.5
1076.5
1895.0
1382.0
1783.5
1786.5
1373.0
1565.5
1620.5
1076.5
1846.5
1382.0
1733.5
1786.5
1373.0
1565.5
1570.5
1076.5
1846.5
1382.0
1683.5
1786.5
1373.0
1565.5
1520.5
1076.5
1846.5
1382.0
1633.5
1766.5
1369.0
1565.5
1515.0
1069.5
1846.5
1368.5
1573.5
1766.5
1369.0
1557.0
1515.0
1069.0
1815.5
1368.5
1523.5
1766.5
1369.0
1557.0
1515.0
1069.0
1765.5
1368.5
1473.5
1766.5
1369.0
1557.0
1515.0
1069.0
1715.5
1368.5
1423.5
1766.5
1369.0
1557.0
1515.0
1069.0
1665.5
1368.5
1421.0
1761.5
1351.5
1557.0
1515.0
1044.0
1615.5
1368.5
1421.0
1711.5
1351.5
1525.0
1512.5
1044.0
1600.0
1368.5
1421.0
1661.5
1351.5
1475.0
1512.5
1044.0
1600.0
1368.5
1421.0
1611.5
1351.5
1425.0
1512.5
1044.0
1600.0
1368.5
1415.0
1561.5
1351.5
1385.0
1512.5
1040.0
1600.0
1368.5
1415.0
1511.5
1351.5
1385.0
1512.5
990.0
1600.0
1368.5
1415.0
1461.5
1339.5
1385.0
1512.5
952.0
1600.0
1368.5
1415.0
1423.5
1289.5
1385.0
1512.5
952.0
1588.0
1368.5
1367.0
1423.5
1239.5
1385.0
1512.5
952.0
1586.0
1368.5
1317.0
1423.5
1189.5
1385.0
1512.5
952.0
1586.0
1368.5
1304.0
1400.5
1139.5
1371.0
1512.5
952.0
1586.0
1368.5
1304.0
1350.5
1089.5
1371.0
1512.5
952.0
1586.0
1368.5
1304.0
1300.5
1039.5
1371.0
1512.5
952.0
1586.0
1368.5
1304.0
1250.5
989.5
1371.0
1512.5
952.0
1586.0
1368.5
1304.0
1187.5
952.5
1371.0
1512.5
952.0
1586.0
1368.5
1304.0
1134.5
941.5
1371.0
1495.0
950.5
1586.0
1351.5
1304.0
1087.5
938.5
1371.0
1495.0
939.0
1586.0
1313.0
1256.5
1087.5
936.0
1371.0
1495.0
939.0
1586.0
1263.0
1206.5
1087.5
936.0
1371.0
1495.0
939.0
1586.0
1213.0
1156.5
1087.5
936.0
1371.0
1495.0
939.0
1586.0
1163.0
1108.0
1087.5
936.0
1369.5
1495.0
939.0
1586.0
1113.0
1108.0
1087.5
936.0
1319.5
1495.0
939.0
1586.0
1063.0
1108.0
1087.5
933.5
1311.5
1495.0
935.5
1550.0
1013.0
1108.0
1087.5
926.0
1285.5
1495.0
933.0
1500.0
999.0
1108.0
1087.5
926.0
1235.5
1495.0
933.0
1450.0
999.0
1108.0
1087.5
926.0
1185.5
1495.0
933.0
1400.0
999.0
1108.0
1087.5
926.0
1135.5
1495.0
933.0
1350.0
999.0
1108.0
1087.5
926.0
1085.5
1495.0
933.0
1300.0
999.0
1108.0
1087.5
926.0
1056.0
1495.0
933.0
1250.0
978.5
1108.0
1075.0
876.0
1056.0
1470.5
933.0
1241.5
974.0
1108.0
1075.0
776.0
1056.0
1470.5
933.0
1241.5
974.0
1108.0
1075.0
719.0
1056.0
1470.5
923.0
1208.5
974.0
1108.0
1075.0
680.0
1056.0
1470.5
923.0
1158.5
963.0
1108.0
1075.0
680.0
1056.0
1470.5
923.0
1108.5
913.0
1108.0
1074.0
680.0
1056.0
1470.5
923.0
1059.5
863.0
1084.0
1059.0
678.0
1056.0
1467.5
921.5
1059.5
808.5
1034.0
1059.0
678.0
1056.0
1467.5
921.5
1059.5
758.5
1034.0
1009.0
678.0
1056.0
1467.5
921.5
1059.5
708.5
1034.0
959.0
678.0
1056.0
1467.5
921.5
1059.5
658.5
1034.0
909.0
678.0
1033.5
1467.5
921.5
1059.5
631.0
1034.0
859.0
678.0
983.5
1467.5
921.5
1059.5
631.0
1034.0
809.0
678.0
933.5
1467.5
921.5
1059.5
631.0
1034.0
759.0
678.0
883.5
1467.5
921.5
1059.5
631.0
1034.0
715.5
678.0
833.5
1467.5
921.5
1053.0
631.0
1034.0
715.5
678.0
783.5
1467.5
921.5
1003.0
631.0
1034.0
715.5
645.5
733.5
1467.5
921.5
985.5
631.0
1034.0
715.5
595.5
683.5
1467.5
921.5
985.5
631.0
1034.0
715.5
545.5
633.5
1467.5
921.5
985.5
631.0
1034.0
714.0
536.5
544.0
1467.5
921.5
985.5
631.0
1034.0
664.0
536.5
503.0
1467.5
921.5
985.5
622.0
1034.0
653.0
536.5
503.0
1428.5
921.5
985.5
572.0
1034.0
653.0
536.5
503.0
1378.5
921.5
985.5
522.0
1034.0
653.0
536.5
503.0
1328.5
921.5
985.5
472.0
1034.0
653.0
536.5
503.0
1278.5
921.5
985.5
422.0
1034.0
653.0
536.5
503.0
1228.5
921.5
985.5
372.0
1034.0
653.0
536.5
503.0
1178.5
921.5
985.5
322.0
1034.0
653.0
536.5
458.5
1128.5
921.5
985.5
316.5
1034.0
653.0
536.5
408.5
1078.5
921.5
985.5
316.5
1034.0
653.0
536.5
358.5
1028.5
921.5
985.5
316.5
1034.0
653.0
536.5
308.5
978.5
921.5
985.5
316.5
1034.0
653.0
536.5
258.5
928.5
921.5
985.5
316.5
1034.0
653.0
534.5
210.5
902.5
921.5
961.5
316.5
1034.0
653.0
484.5
210.5
902.5
921.5
911.5
316.5
995.0
653.0
473.5
210.5
902.5
921.5
861.5
316.5
945.0
653.0
473.5
210.5
902.5
921.5
811.5
316.5
895.0
653.0
473.5
210.5
874.0
921.5
790.0
316.5
845.0
653.0
473.5
210.5
824.0
921.5
790.0
316.5
795.0
653.0
473.5
210.5
774.0
921.5
790.0
316.5
745.0
653.0
473.5
210.5
724.0
921.5
790.0
316.5
695.0
653.0
473.5
210.5
674.0
921.5
790.0
316.5
685.0
653.0
473.5
210.5
624.0
881.5
790.0
316.5
685.0
653.0
473.5
210.5
574.0
831.5
790.0
316.5
685.0
653.0
473.5
210.5
524.0
781.5
790.0
316.5
685.0
653.0
473.5
210.5
474.0
731.5
790.0
316.5
685.0
653.0
473.5
210.5
424.0
681.5
790.0
316.5
685.0
653.0
473.5
210.5
375.0
631.5
789.0
316.5
685.0
653.0
473.5
210.5
375.0
581.5
739.0
316.5
685.0
653.0
473.5
210.5
331.5
575.0
732.5
273.0
685.0
653.0
473.5
210.5
281.5
575.0
732.5
223.0
685.0
653.0
473.5
210.5
231.5
575.0
732.5
173.0
685.0
653.0
473.5
210.5
181.5
575.0
732.5
123.0
685.0
653.0
473.5
210.5
131.5
575.0
732.5
73.0
685.0
653.0
473.5
210.5
81.5
575.0
732.5
23.0
685.0
653.0
473.5
210.5
32.0
575.0
707.0
-2.0
669.0
653.0
473.5
210.5
-2.0
559.0
673.0
-2.0
630.5
653.0
473.5
199.0
-2.0
509.0
673.0
-2.0
630.5
653.0
473.5
149.0
-2.0
459.0
673.0
-2.0
630.5
653.0
473.5
148.5
-2.0
409.0
623.5
-2.0
630.5
653.0
473.5
148.5
-2.0
359.0
573.5
-2.0
630.5
653.0
473.5
140.5
-2.0
317.0
523.5
-2.0
630.5
653.0
473.5
90.5
-2.0
317.0
473.5
-2.0
630.5
653.0
473.5
57.0
-2.0
317.0
407.0
-2.0
630.5
653.0
473.5
57.0
-2.0
317.0
307.0
-2.0
630.5
653.0
473.5
57.0
-2.0
292.0
232.0
-2.0
630.5
653.0
473.5
57.0
-2.0
242.0
182.0
-2.0
630.5
653.0
473.5
57.0
-2.0
192.0
132.0
-2.0
630.5
653.0
473.5
57.0
-2.0
142.0
82.0
-2.0
630.5
653.0
473.5
57.0
-2.0
92.0
32.0
-2.0
630.5
637.0
473.5
57.0
-2.0
42.0
-2.0
-2.0
630.5
581.0
473.5
57.0
-2.0
-2.0
-2.0
-2.0
630.5
481.0
473.5
57.0
-2.0
-2.0
-2.0
-2.0
630.5
381.0
473.5
57.0
-2.0
-2.0
-2.0
-2.0
630.5
281.0
473.5
57.0
-2.0
-2.0
-2.0
-2.0
630.5
181.0
473.5
57.0
-2.0
-2.0
-2.0
-2.0
630.0
81.5
473.5
57.0
-2.0
-2.0
-2.0
-2.0
580.0
31.5
473.5
57.0
-2.0
-2.0
-2.0
-2.0
530.0
-2.0
457.0
57.0
-2.0
-2.0
-2.0
-2.0
480.0
-2.0
407.0
57.0
-2.0
-2.0
-2.0
-2.0
430.0
-2.0
357.0
57.0
-2.0
-2.0
-2.0
-2.0
351.5
-2.0
335.5
57.0
-2.0
-2.0
-2.0
-2.0
251.5
-2.0
335.5
57.0
-2.0
-2.0
-2.0
-2.0
201.0
-2.0
286.0
57.0
-2.0
-2.0
-2.0
-2.0
151.0
-2.0
236.0
57.0
-2.0
-2.0
-2.0
-2.0
101.0
-2.0
186.0
57.0
-2.0
-2.0
-2.0
-2.0
51.0
-2.0
136.0
57.0
-2.0
-2.0
-2.0
-2.0
1.0
-2.0
86.0
57.0
-2.0
-2.0
-2.0
-2.0
-2.0
-2.0
36.0
10.0
-2.0
-2.0
-2.0
-2.0
