2036.0
397.5
1902.5
472.1666666666667
2185.5
375.5
2305.1666666666665
377.0
2263.6666666666665
405.5
2231.8333333333335
342.1666666666667
2210.3333333333335
343.6666666666667
2131.0
338.8333333333333
2097.8333333333335
309.6666666666667
3072.3333333333335
316.3333333333333
1997.8333333333333
1299.5
1972.5
276.3333333333333
2904.3333333333335
284.3333333333333
1864.5
1232.8333333333333
1839.1666666666667
246.66666666666666
3781.5
251.0
1751.5
2177.6666666666665
1721.5
246.66666666666666
3549.1666666666665
250.0
1651.5
2044.3333333333333
1621.5
246.66666666666666
3315.8333333333335
250.0
1551.5
1911.0
1521.5
1287.0
3093.0
246.0
2475.1666666666665
1804.8333333333333
1417.5
1253.6666666666667
2893.0
246.0
2341.8333333333335
1704.8333333333333
1317.5
2252.5
2707.6666666666665
246.0
3224.0
1636.1666666666667
1217.5
2185.8333333333335
2541.0
246.0
3057.3333333333335
1569.5
1117.5
2119.1666666666665
2374.3333333333335
246.0
2890.6666666666665
1502.8333333333333
1017.5
2052.5
2207.6666666666665
246.0
2724.0
1436.1666666666667
917.5
1985.8333333333333
2041.0
246.0
2557.3333333333335
1369.5
817.5
1919.1666666666667
1874.3333333333333
246.0
2390.6666666666665
1302.8333333333333
721.5
2884.1666666666665
1728.3333333333333
1261.0
2261.3333333333335
2234.5
671.5
2767.5
1611.6666666666667
1211.0
2144.6666666666665
2117.8333333333335
621.5
2650.8333333333335
1495.0
1161.0
2028.0
2001.1666666666667
571.5
2534.1666666666665
1392.6666666666667
2132.5
1942.3333333333333
2889.3333333333335
569.1666666666666
3405.6666666666665
1326.0
2032.5
1875.6666666666667
2722.6666666666665
569.1666666666666
3239.0
1259.3333333333333
1932.5
1809.0
2556.0
569.1666666666666
3072.3333333333335
1192.6666666666667
1832.5
1742.3333333333333
2389.3333333333335
569.1666666666666
2905.6666666666665
1126.0
1732.5
1675.6666666666667
2222.6666666666665
569.1666666666666
2739.0
1059.3333333333333
1632.5
1609.0
2056.0
569.1666666666666
2572.3333333333335
992.6666666666666
1532.5
1542.3333333333333
1889.3333333333333
569.1666666666666
2405.6666666666665
926.0
1432.5
1475.6666666666667
1722.6666666666667
569.1666666666666
2239.0
859.6666666666666
1332.1666666666667
1409.0
1560.5
564.6666666666666
2072.3333333333335
797.1666666666666
1228.0
1342.3333333333333
1393.8333333333333
564.6666666666666
1905.8333333333333
730.5
1127.8333333333333
1292.5
1227.1666666666667
547.8333333333334
1772.5
663.8333333333334
994.5
1259.1666666666667
1060.5
514.5
1639.1666666666667
597.1666666666666
861.1666666666666
1215.6666666666667
900.0
480.8333333333333
1483.3333333333333
523.6666666666666
761.5
1111.3333333333333
779.0
422.8333333333333
1366.6666666666667
407.0
711.5
1000.5
656.5
395.3333333333333
1227.5
329.5
622.3333333333334
920.5
503.1666666666667
394.1666666666667
1032.0
275.0
540.1666666666666
786.0
404.3333333333333
344.1666666666667
882.0
191.66666666666666
490.1666666666667
640.6666666666666
316.3333333333333
308.8333333333333
719.1666666666666
153.16666666666666
393.5
535.8333333333334
219.83333333333334
276.8333333333333
519.1666666666666
153.16666666666666
260.1666666666667
435.8333333333333
119.83333333333333
243.5
309.0
153.16666666666666
137.0
323.5
19.833333333333332
210.83333333333334
118.5
108.33333333333333
50.666666666666664
145.33333333333334
-2.0
77.66666666666667
28.0
8.333333333333334
7.666666666666667
