5.946980834007263
5.94724702835083
6.065190474192302
6.065256953239441
6.153833786646525
6.247347354888916
6.2904344002405805
6.290495872497559
6.2523731390635175
6.252812306086223
6.333153446515401
6.275059461593628
6.299605131149292
6.299660682678223
6.423876841862996
6.423943440119426
6.485662817955017
6.7541459401448565
6.7700501680374146
6.770113984743754
6.842132051785787
6.842224717140198
6.878355065981547
6.823382536570231
6.789824644724528
6.7898826996485395
6.816261092821757
6.816319386164348
6.79883352915446
6.964140335718791
6.9537891546885175
6.953941345214844
7.110801498095195
7.110894799232483
7.120411396026611
7.047087391217549
7.279243230819702
7.279298702875773
7.115330656369527
7.115396181742351
7.128140131632487
7.103730479876201
7.098241527875264
7.098297675450643
7.121721665064494
7.121789654095967
7.1855515241622925
7.309727629025777
7.28066611289978
7.280719002087911
7.2442954778671265
7.244352300961812
7.364373326301575
7.376780192057292
7.312919974327087
7.312978148460388
7.305117766062419
7.30517852306366
7.404999812444051
7.58474596341451
7.591402133305867
7.5914614995320635
7.554913679758708
7.5549705028533936
7.427261074384053
7.478307723999023
7.512836654980977
7.512905637423198
7.7207067012786865
7.72077480951945
7.644639889399211
7.556916316350301
7.526265740394592
7.5263179540634155
7.532025218009949
7.532087405522664
7.716427683830261
7.716315468152364
7.67500897248586
7.675066749254863
7.677227179209392
7.677287340164185
7.577951033910115
7.67563001314799
7.892110784848531
7.892166574796041
7.764437675476074
7.768203020095825
7.762077450752258
7.869177182515462
7.844912528991699
7.844964504241943
7.917429327964783
7.91750431060791
8.06324831644694
7.86331582069397
7.849677483240764
7.84973684946696
7.975719094276428
7.975795269012451
7.969023426373799
7.8478721380233765
7.927471359570821
7.927521824836731
8.028510053952536
8.028566122055054
7.979466875394185
8.067391792933146
8.059692660967508
8.05974300702413
8.15811296304067
8.158176700274149
8.01918649673462
7.933137019475301
8.181948939959208
8.182002782821655
8.104480862617493
8.104536851247152
8.07898199558258
8.223896821339926
8.242371638615927
8.2424236536026
8.256162524223328
8.256221810976664
8.273486137390137
8.274850169817606
8.253682692845663
8.253744522730509
8.159414013226828
8.159475445747375
8.127218127250671
8.185094793637594
8.207638025283813
8.207690318425497
8.22714594999949
8.227203289667765
8.398804426193237
8.418780008951822
8.230390071868896
8.230451504389444
8.35323417186737
8.353286782900492
8.351604302724203
8.284988959630331
8.328833023707071
8.328884402910868
8.434784372647604
8.434840480486551
8.360209862391153
8.260933677355448
8.375615159670511
8.375665664672852
8.281078656514486
8.281136989593506
8.418035189310709
8.466404676437378
8.407241980234781
8.40729546546936
8.281423052151998
8.281492074330648
8.57868226369222
8.765424887339273
8.552957574526468
8.553015033404032
8.615260680516561
8.6153191725413
8.723785003026327
8.761727015177408
8.6810595591863
8.681108315785727
8.604704141616821
8.604758342107138
8.477840185165405
8.633294622103373
8.907159050305685
8.907209197680155
8.860755880673727
8.860813021659851
8.82392438252767
8.806237697601318
8.79728372891744
8.797338326772055
8.676041841506958
8.67609997590383
8.617791970570883
8.565473318099976
8.635162870089212
8.635212540626526
8.793731451034546
8.79379133383433
8.91344952583313
8.873537500699362
8.79599666595459
8.796048005421957
8.978317817052206
8.978370825449625
8.874916315078735
8.827183286348978
8.837879538536072
8.837931831677755
8.881993532180786
8.882049560546875
8.947523872057596
8.950446287790934
8.970850030581156
8.970914999643961
9.01966416835785
9.019728541374207
9.086865663528442
9.026064793268839
9.099440495173136
9.099502046902975
9.01912240187327
9.019191781679789
8.988556941350302
9.033737341562906
9.004405299822489
9.004477540651957
9.127710183461508
9.127771457036337
9.204787810643515
9.329545259475708
9.301609555880228
9.301663517951965
9.201005816459656
9.20106315612793
9.168037215868631
9.102373282114664
9.157134970029196
9.157184958457947
9.25903614362081
9.259090304374695
9.245401859283447
9.382484555244446
9.364579717318216
9.364633321762085
9.370489994684855
9.370545744895935
9.444038192431131
9.384049971898397
9.438204169273376
9.438260157903036
9.343786319096884
9.343851725260416
9.310972491900126
9.268692890803019
9.236346999804178
9.23639969031016
