12707.0
-1.0
12607.0
-1.0
12507.0
-1.0
12407.0
-1.0
12307.0
-1.0
12207.0
-1.0
16444.0
-1.0
16344.0
-1.0
18075.5
-1.0
17975.5
-1.0
18443.5
-1.0
18470.5
-1.0
18370.5
-1.0
19017.5
-1.0
18917.5
-1.0
19324.5
-1.0
19367.5
-1.0
19267.5
-1.0
19295.0
-1.0
20043.5
-1.0
20018.5
-1.0
20019.0
-1.0
20447.0
-1.0
20459.5
-1.0
20548.0
-1.0
20691.5
-1.0
20751.0
-1.0
20701.5
-1.0
20631.5
-1.0
20655.0
-1.0
21409.0
-1.0
21726.5
-1.0
21626.5
-1.0
21759.0
-1.0
21972.0
-1.0
21988.0
-1.0
21976.5
-1.0
22343.5
-1.0
23503.5
-1.0
23604.0
-1.0
23504.0
-1.0
24069.0
-1.0
24161.0
-1.0
24241.0
-1.0
24141.0
-1.0
24090.0
-1.0
24216.0
-1.0
24311.0
-1.0
24211.0
-1.0
24111.0
-1.0
24375.5
-1.0
24379.5
-1.0
24352.5
-1.0
24612.0
-1.0
24512.0
-1.0
24412.0
-1.0
24464.5
-1.0
24505.0
-1.0
24484.0
-1.0
24384.0
-1.0
24597.0
-1.0
24577.0
-1.0
24477.0
-1.0
24465.5
-1.0
24626.0
-1.0
24582.0
-1.0
24560.5
-1.0
24574.5
-1.0
24596.0
-1.0
24557.0
-1.0
24457.0
-1.0
24693.0
-1.0
24725.0
-1.0
24625.0
-1.0
24758.0
-1.0
24837.5
-1.0
24761.0
-1.0
24718.0
-1.0
24946.0
-1.0
24846.0
-1.0
24762.0
-1.0
25177.0
-1.0
25187.5
-1.0
25087.5
-1.0
24987.5
-1.0
25239.5
-1.0
25249.0
-1.0
25149.0
-1.0
25458.0
-1.0
25454.0
-1.0
25354.0
-1.0
25287.0
-1.0
25544.0
-1.0
25509.5
-1.0
25480.0
-1.0
25510.5
-1.0
25410.5
-1.0
25907.0
-1.0
25807.0
-1.0
25846.0
-1.0
26226.5
-1.0
26157.0
-1.0
26153.5
18211.0
26130.0
18161.0
26170.0
18200.5
26320.0
18287.0
26407.5
18306.5
26433.5
18402.5
26703.5
18458.5
26728.0
18408.5
26732.5
18358.5
26902.5
18443.5
27027.0
18474.0
26977.0
18424.0
27326.5
18616.5
27503.5
18716.5
27557.5
18765.0
27507.5
18715.0
27777.5
18744.0
27883.5
18694.0
27927.5
18644.0
27957.5
18675.5
28036.0
18671.5
27986.0
18621.5
28192.5
18750.0
28208.5
18761.0
28241.5
18759.0
28277.0
18709.0
28419.0
18687.5
28634.5
18864.5
28720.5
18814.5
28779.0
18904.5
28838.5
18936.0
28988.0
18972.5
29073.0
18922.5
29171.5
18918.5
29201.0
18868.5
29178.0
18845.5
29185.0
18795.5
29159.0
18770.0
29203.0
18778.0
29490.5
19059.0
29488.5
19057.5
29884.5
19007.5
29882.0
19016.5
29907.5
18966.5
30137.0
19134.5
30199.5
19226.0
30298.5
19281.5
30347.5
19318.5
30455.5
19268.5
30600.0
19218.5
30694.5
19235.0
30713.5
40942.5
30808.5
40922.5
30957.0
40998.0
31199.5
41060.0
31214.5
40974.0
31214.5
41011.0
31479.0
41041.0
31852.5
41300.0
31933.0
41403.0
32098.5
41462.0
32182.0
41362.0
32182.0
41262.0
33362.0
42342.5
33605.0
42399.0
33670.5
42563.0
33748.5
42463.0
33748.5
42363.0
33820.0
42409.5
33972.5
42392.5
34260.5
42583.0
34398.0
42699.0
34471.0
42599.0
34634.0
42564.5
34634.0
42551.5
34634.0
42451.5
34989.0
42710.5
35099.5
42696.5
35216.0
42716.0
35216.0
42616.0
35439.0
42750.5
35489.0
42650.5
35602.5
42730.5
35752.0
42780.0
35752.0
42680.0
35851.5
42679.5
36045.5
42776.0
36298.0
42918.5
36386.0
42933.5
36531.0
42968.5
36824.5
43203.0
37092.5
43387.5
37185.0
43311.0
37185.0
43211.0
37185.0
43111.0
37185.0
43011.0
37185.0
42911.0
37185.0
42811.0
37185.0
42711.0
37185.0
42611.0
37185.0
42511.0
37185.0
42411.0
37185.0
42311.0
37185.0
42211.0
37185.0
42111.0
37185.0
42011.0
37185.0
41911.0
37185.0
41811.0
37185.0
41711.0
37185.0
41611.0
37185.0
41511.0
37185.0
41411.0
37185.0
41311.0
37185.0
41211.0
37185.0
41111.0
37185.0
41011.0
37185.0
40911.0
37185.0
40811.0
37185.0
40711.0
37185.0
40611.0
37185.0
40511.0
37185.0
40411.0
37185.0
40311.0
37185.0
40211.0
37185.0
40111.0
37185.0
40011.0
37185.0
39911.0
37185.0
39811.0
37185.0
39711.0
37185.0
39611.0
37185.0
39511.0
37185.0
39411.0
37185.0
39311.0
37185.0
39211.0
37185.0
39111.0
37185.0
39011.0
37185.0
38911.0
37185.0
38811.0
37185.0
38711.0
37185.0
38611.0
37185.0
38511.0
37185.0
38411.0
37185.0
38311.0
37185.0
38211.0
37185.0
38111.0
37185.0
38011.0
37185.0
37911.0
37185.0
37811.0
37185.0
37711.0
37185.0
37611.0
37185.0
37511.0
37185.0
37411.0
37185.0
37311.0
37185.0
37211.0
37185.0
37111.0
37185.0
37011.0
37185.0
36911.0
37185.0
36811.0
37158.5
36737.5
37108.5
36687.5
37058.5
36637.5
37008.5
36587.5
36958.5
36537.5
36908.5
36487.5
36858.5
36437.5
36808.5
36387.5
36758.5
36337.5
36708.5
36287.5
36658.5
36237.5
36608.5
36187.5
36558.5
36137.5
36508.5
36087.5
36458.5
36037.5
36408.5
35987.5
36358.5
35937.5
36308.5
35887.5
36258.5
35837.5
36208.5
35787.5
36158.5
35737.5
36108.5
35687.5
36058.5
35637.5
36008.5
35587.5
35958.5
35537.5
35908.5
35487.5
35858.5
35437.5
35808.5
35387.5
35758.5
35337.5
35708.5
35287.5
35658.5
35237.5
35608.5
35187.5
35558.5
35137.5
35508.5
35087.5
35458.5
35037.5
35408.5
34987.5
35358.5
34937.5
35308.5
34887.5
35258.5
34837.5
35208.5
34787.5
35158.5
34737.5
35108.5
34687.5
35058.5
34637.5
35008.5
34587.5
34958.5
34537.5
34908.5
34487.5
34858.5
34437.5
34808.5
34387.5
34758.5
34337.5
34708.5
34287.5
34658.5
34237.5
34608.5
34187.5
34558.5
34137.5
34508.5
34087.5
34458.5
34037.5
34375.0
34021.0
34325.0
33971.0
34275.0
33921.0
34225.0
33871.0
34175.0
33821.0
34125.0
33771.0
34075.0
33721.0
34025.0
33671.0
33975.0
33621.0
33925.0
33571.0
33875.0
33521.0
33825.0
33471.0
33775.0
33421.0
33725.0
33371.0
33675.0
33321.0
33625.0
33271.0
33575.0
33221.0
33525.0
33171.0
33475.0
33121.0
33425.0
33071.0
33375.0
33021.0
33325.0
32971.0
33275.0
32921.0
33225.0
32871.0
33175.0
32821.0
33125.0
32771.0
33075.0
32721.0
33025.0
32671.0
32975.0
32621.0
32925.0
32571.0
32875.0
32521.0
32825.0
32471.0
32775.0
32421.0
32725.0
32371.0
32675.0
32321.0
32594.0
32302.0
32494.0
32302.0
32394.0
32302.0
32294.0
32302.0
32194.0
32302.0
32094.0
32302.0
31994.0
32302.0
31894.0
32302.0
31843.0
32253.0
31793.0
32203.0
31743.0
32153.0
31693.0
32103.0
31643.0
32053.0
31593.0
32003.0
31579.0
31917.0
31538.5
31857.5
31488.5
31807.5
31438.5
31757.5
31393.0
31703.0
31393.0
31603.0
31393.0
31503.0
31393.0
31403.0
31393.0
31303.0
31393.0
31203.0
31343.0
31153.0
31293.0
31103.0
31231.0
31065.0
31131.0
31065.0
31031.0
31065.0
30966.0
31030.0
30916.0
30980.0
30866.0
30930.0
30816.0
30880.0
30756.0
30840.0
30656.0
30840.0
30598.0
30798.0
30598.0
30698.0
30598.0
30598.0
30598.0
30498.0
30598.0
30398.0
30563.5
30332.5
30513.5
30282.5
30463.5
30232.5
30413.5
30182.5
30363.5
30132.5
30273.0
30123.0
30173.0
30123.0
30101.0
30095.0
30051.0
30045.0
30001.0
29995.0
29951.0
29945.0
29905.5
29890.5
29905.5
29790.5
29904.0
29692.0
29854.0
29642.0
29804.0
29592.0
29736.5
29559.5
29659.5
29536.5
29609.5
29486.5
29559.5
29436.5
29509.5
29386.5
29459.5
29336.5
29431.5
29264.5
29431.5
29164.5
29431.5
29064.5
29426.5
28969.5
29376.5
28919.5
29321.0
28875.0
29221.0
28875.0
29121.0
28875.0
29021.0
28875.0
28921.0
28875.0
28821.0
28875.0
28721.0
28875.0
28621.0
28875.0
28521.0
28875.0
28508.0
28788.0
28508.0
28688.0
28495.0
28601.0
28398.5
28597.5
28328.0
28568.0
28278.0
28518.0
28228.0
28468.0
28178.0
28418.0
28128.0
28368.0
28078.0
28318.0
28024.5
28271.5
27924.5
28271.5
27824.5
28271.5
27741.5
28254.5
27691.5
28204.5
27641.5
28154.5
27591.5
28104.5
27541.5
28054.5
27515.5
27980.5
27515.5
27880.5
27493.0
27803.0
27443.0
27753.0
27440.5
27655.5
27404.0
27592.0
27372.0
27524.0
27372.0
27424.0
27329.0
27367.0
27279.0
27317.0
27199.0
27297.0
27149.0
27247.0
27099.0
27197.0
27049.0
27147.0
26999.0
27097.0
26949.0
27047.0
26899.0
26997.0
26858.5
26937.5
26758.5
26937.5
26658.5
26937.5
26640.0
26856.0
26590.0
26806.0
26503.5
26792.5
26403.5
26792.5
26319.0
26777.0
26289.5
26706.5
26289.5
26606.5
26268.0
26528.0
26198.0
26498.0
26101.5
26494.5
26098.0
26398.0
26098.0
26298.0
26053.0
26243.0
26003.0
26193.0
25957.5
26138.5
25907.5
26088.5
25857.5
26038.5
25772.0
26024.0
25672.0
26024.0
25591.0
26005.0
25541.0
25955.0
25449.5
25946.5
25349.5
25946.5
25275.0
25921.0
25225.0
25871.0
25161.5
25834.5
25061.5
25834.5
24961.5
25834.5
24878.5
25817.5
24855.5
25740.5
24855.5
25640.5
24803.0
25593.0
24703.0
25593.0
24646.0
25550.0
24596.0
25500.0
24498.5
25497.5
24446.0
25450.0
24396.0
25400.0
24317.0
25379.0
24217.5
25378.5
24186.0
25310.0
24177.5
25218.5
24127.5
25168.5
24084.0
25112.0
24084.0
25012.0
24084.0
24912.0
24050.0
24846.0
24031.5
24764.5
23991.5
24704.5
23991.5
24604.5
23972.5
24523.5
23922.5
24473.5
23887.5
24408.5
23887.5
24308.5
23887.5
24208.5
23842.5
24153.5
23799.0
24097.0
23799.0
23997.0
23799.0
23897.0
23797.5
23798.5
23749.0
23747.0
23749.0
23647.0
23705.0
23591.0
23683.0
23513.0
23683.0
23413.0
23667.0
23329.0
23569.5
23326.5
23523.0
23273.0
23523.0
23173.0
23520.0
23076.0
23470.0
23026.0
23431.0
22965.0
23431.0
22865.0
23431.0
22765.0
23388.5
22707.5
23388.5
22607.5
23388.5
22507.5
23388.5
22407.5
23374.0
22322.0
23284.0
22312.0
23184.0
22312.0
23106.0
22290.0
23056.0
22240.0
22993.5
22202.5
22893.5
22202.5
22807.5
22188.5
22757.5
22138.5
22689.5
22106.5
22589.5
22106.5
22489.5
22106.5
22416.0
22080.0
22327.0
22069.0
22270.5
22025.5
22220.5
21975.5
22170.5
21925.5
22120.5
21875.5
22042.5
21853.5
21942.5
21853.5
21851.0
21845.0
21851.0
21745.0
21814.0
21682.0
21730.0
21666.0
21649.0
21647.0
21599.0
21597.0
21550.5
21545.5
21506.0
21490.0
21446.0
21450.0
21398.5
21397.5
21345.5
21350.5
21271.5
21324.5
21171.5
21324.5
21152.0
21244.0
21141.5
21154.5
21044.0
21152.0
21036.0
21060.0
20983.0
21013.0
20883.0
21013.0
20825.5
20970.5
20825.5
20870.5
20788.0
20808.0
20688.0
20808.0
20614.5
20781.5
20614.5
20681.5
20608.0
20588.0
20558.0
20538.0
20497.5
20498.5
20448.0
20448.0
20398.0
20398.0
20345.0
20351.0
20266.5
20329.5
20203.5
20292.5
20196.5
20199.5
20146.5
20149.5
20099.5
20096.5
20049.5
20046.5
19999.5
19996.5
19945.5
19950.5
19895.5
19900.5
19845.5
19850.5
19797.0
19799.0
19767.5
19728.5
19767.5
19628.5
19700.5
19595.5
19600.5
19595.5
19594.0
19502.0
19550.5
19445.5
19450.5
19445.5
19428.0
19368.0
19363.0
19333.0
19268.5
19327.5
19213.0
19283.0
19203.5
19192.5
19153.5
19142.5
19104.5
19091.5
19048.0
19048.0
19022.5
18973.5
19005.0
18891.0
18905.0
18891.0
18855.5
18840.5
18853.0
18743.0
18789.5
18706.5
18703.0
18693.0
18685.0
18611.0
18596.5
18599.5
18581.5
18514.5
18581.5
18414.5
18518.5
18377.5
18418.5
18377.5
18334.0
18362.0
18295.5
18300.5
18248.0
18248.0
18198.0
18198.0
18139.0
18157.0
18089.0
18107.0
18053.5
18042.5
17999.5
17996.5
17901.0
17995.0
17861.5
17934.5
17848.0
17848.0
17762.5
17833.5
17662.5
17833.5
17646.5
17749.5
17646.5
17649.5
17596.5
17599.5
17547.5
17548.5
17464.5
17531.5
17445.5
17450.5
17395.5
17400.5
17350.5
17345.5
17300.5
17295.5
17257.5
17238.5
17207.5
17188.5
17142.0
17154.0
17092.0
17104.0
17057.5
17038.5
17013.5
16982.5
16963.5
16932.5
16901.0
16895.0
16851.0
16845.0
16783.5
16812.5
16683.5
16812.5
16593.0
16803.0
16593.0
16703.0
16593.0
16603.0
16528.5
16567.5
16435.0
16561.0
16414.0
16482.0
16391.0
16405.0
16291.0
16405.0
16202.0
16394.0
16194.0
16302.0
16194.0
16202.0
16152.5
16143.5
16061.5
16134.5
15997.0
16099.0
15981.5
16014.5
15943.5
15952.5
15900.5
15895.5
15850.5
15845.5
15781.5
15814.5
15727.5
15768.5
15677.5
15718.5
15641.5
15654.5
15591.5
15604.5
15543.0
15553.0
15494.5
15501.5
15444.5
15451.5
15394.5
15401.5
15350.5
15345.5
15300.5
15295.5
15244.5
15251.5
15186.0
15210.0
15129.0
15167.0
15121.0
15075.0
15062.0
15034.0
14995.0
15001.0
14922.5
14973.5
14898.5
14897.5
14854.5
14841.5
14757.5
14838.5
14662.5
14833.5
14629.0
14767.0
14629.0
14667.0
14599.0
14597.0
14499.0
14597.0
14491.0
14505.0
14441.5
14454.5
14341.5
14454.5
14275.0
14421.0
14275.0
14321.0
14275.0
14221.0
14239.0
14157.0
14189.0
14107.0
14121.5
14074.5
14071.5
14024.5
14021.5
13974.5
13984.0
13912.0
13934.0
13862.0
13884.0
13812.0
13820.5
13775.5
13770.5
13725.5
13722.5
13673.5
13628.5
13667.5
13591.5
13604.5
13491.5
13604.5
13486.0
13510.0
13422.5
13473.5
13394.0
13402.0
13349.5
13346.5
13284.5
13311.5
13230.5
13265.5
13180.5
13215.5
13147.0
13149.0
13097.0
13099.0
13047.0
13049.0
12953.5
13042.5
12904.5
12991.5
12892.0
12904.0
12795.5
12900.5
12782.0
12814.0
12782.0
12714.0
12776.5
12619.5
12686.0
12610.0
12603.5
12592.5
12553.5
12542.5
12495.0
12501.0
12445.0
12451.0
12394.0
12402.0
12294.0
12402.0
12206.5
12389.5
12206.5
12289.5
12199.0
12197.0
12134.0
12162.0
12063.5
12132.5
11983.0
12113.0
11983.0
12013.0
11948.0
11948.0
11893.0
11903.0
11843.0
11853.0
11747.5
11848.5
11724.0
11772.0
11698.5
11697.5
11648.5
11647.5
11598.0
11598.0
11546.0
11550.0
11496.0
11500.0
11417.0
11479.0
11317.0
11479.0
11217.0
11479.0
11177.0
11419.0
11177.0
11319.0
11177.0
11219.0
11109.0
11187.0
11009.0
11187.0
10979.0
11117.0
10979.0
11017.0
10944.5
10951.5
10897.5
10898.5
10847.5
10848.5
10798.0
10798.0
10747.0
10749.0
10697.0
10699.0
10650.5
10645.5
10594.0
10602.0
10548.0
10548.0
10496.5
10499.5
10446.5
10449.5
10413.0
10383.0
10413.0
10283.0
10385.0
10211.0
10285.0
10211.0
10191.0
10205.0
10141.0
10155.0
10093.0
10103.0
10008.5
10087.5
9998.0
9998.0
9951.0
9945.0
9941.0
9855.0
9941.0
9755.0
9861.0
9735.0
9761.0
9735.0
9661.0
9735.0
9561.0
9735.0
9488.0
9708.0
9488.0
9608.0
9488.0
9508.0
9406.0
9490.0
9306.0
9490.0
9217.0
9479.0
9217.0
9379.0
9217.0
9279.0
9183.5
9212.5
9083.5
9212.5
9050.0
9146.0
9049.5
9046.5
8960.0
9036.0
8896.5
8999.5
8896.5
8899.5
8817.0
8879.0
8773.0
8823.0
8720.5
8775.5
8673.5
8722.5
8648.0
8648.0
8592.5
8603.5
8542.5
8553.5
8447.5
8548.5
8347.5
8548.5
8283.0
8513.0
8283.0
8413.0
8283.0
8313.0
8247.0
8249.0
8197.0
8199.0
8149.0
8147.0
8104.5
8091.5
8054.5
8041.5
7999.5
7996.5
7904.5
7991.5
7893.5
7902.5
7808.0
7888.0
7794.5
7801.5
7695.5
7800.5
7694.0
7702.0
7620.0
7676.0
7539.0
7657.0
7539.0
7557.0
7483.5
7512.5
7383.5
7512.5
7322.5
7473.5
7322.5
7373.5
7322.5
7273.5
7294.0
7202.0
7239.5
7156.5
7161.0
7135.0
7111.0
7085.0
7061.0
7035.0
7027.5
6968.5
6977.5
6918.5
6911.0
6885.0
6861.0
6835.0
6825.0
6771.0
6754.5
6741.5
6697.0
6699.0
6679.5
6616.5
6624.5
6571.5
6543.5
6552.5
6529.0
6467.0
6462.0
6434.0
6413.0
6383.0
6347.5
6348.5
6343.0
6253.0
6316.5
6179.5
6251.0
6145.0
6151.0
6145.0
6095.5
6100.5
6049.0
6047.0
5999.0
5997.0
5949.0
5947.0
5899.0
5897.0
5849.0
5847.0
5814.0
5782.0
5786.5
5709.5
5736.5
5659.5
5649.0
5647.0
5599.0
5597.0
5580.0
5516.0
5555.0
5441.0
5487.0
5409.0
5393.0
5403.0
5343.0
5353.0
5330.5
5265.5
5284.5
5211.5
5199.0
5197.0
5163.0
5133.0
5135.0
5061.0
5049.0
5047.0
5001.0
4995.0
5001.0
4895.0
4981.5
4814.5
4909.0
4787.0
4809.0
4787.0
4709.0
4787.0
4660.5
4735.5
4647.0
4649.0
4576.5
4619.5
4548.0
4548.0
4453.0
4543.0
4394.5
4501.5
4352.5
4443.5
4352.0
4344.0
4302.0
4294.0
4252.0
4244.0
4171.5
4224.5
4105.5
4190.5
4055.5
4140.5
4047.5
4048.5
3997.5
3998.5
3929.5
3966.5
3868.5
3927.5
3821.0
3875.0
3782.0
3814.0
3732.0
3764.0
3684.0
3712.0
3638.0
3658.0
3588.0
3608.0
3578.0
3518.0
3550.0
3446.0
3450.0
3446.0
3389.0
3407.0
3347.5
3348.5
3296.5
3299.5
3222.0
3274.0
3198.0
3198.0
3142.5
3153.5
3085.0
3111.0
3040.5
3055.5
2990.5
3005.5
2940.5
2955.5
2882.5
2913.5
2832.5
2863.5
2785.0
2811.0
2750.0
2746.0
2698.0
2698.0
2651.5
2644.5
2581.0
2615.0
2549.0
2547.0
2506.5
2489.5
2456.5
2439.5
2375.0
2421.0
2325.0
2371.0
2275.0
2321.0
2244.5
2251.5
2194.5
2201.5
2147.0
2149.0
2083.5
2112.5
2020.0
2076.0
1970.0
2026.0
1950.0
1946.0
1900.0
1896.0
1836.0
1860.0
1786.0
1810.0
1744.0
1752.0
1695.5
1700.5
1650.0
1646.0
1600.0
1596.0
1548.0
1548.0
1498.0
1498.0
1448.0
1448.0
1400.0
1396.0
1350.0
1346.0
1298.0
1298.0
1251.5
1244.5
1201.5
1194.5
1151.5
1144.5
1099.0
1097.0
1049.0
1047.0
999.0
997.0
949.0
947.0
894.0
902.0
846.5
849.5
797.0
799.0
771.0
725.0
721.0
675.0
655.5
640.5
586.5
609.5
536.5
559.5
519.0
477.0
469.0
427.0
419.0
377.0
369.0
327.0
283.5
312.5
233.5
262.5
186.0
210.0
150.0
146.0
84.0
112.0
27.0
69.0
-2.0
-2.0
