2.3694005012512207
2.3694651126861572
2.347023129463196
2.3471111059188843
2.332584023475647
2.3326826095581055
2.379138469696045
2.37920343875885
2.397446870803833
2.3975160121917725
2.5015125274658203
2.501577615737915
2.4887888431549072
2.4888545274734497
2.482241988182068
2.482308506965637
2.5260009765625
2.5260629653930664
2.511486053466797
2.511554002761841
2.5116240978240967
2.5116835832595825
2.772563934326172
2.772623062133789
2.746182441711426
2.7462469339370728
2.7721225023269653
2.7722015380859375
2.7482450008392334
2.748350501060486
2.7287120819091797
2.728778123855591
2.8165640830993652
2.8166210651397705
2.8113389015197754
2.8114213943481445
2.9217100143432617
2.921774983406067
2.915419101715088
2.91549551486969
2.892110586166382
2.8921940326690674
2.851765513420105
2.8518455028533936
2.891129970550537
2.8912105560302734
2.8830859661102295
2.8831746578216553
2.8920459747314453
2.8921079635620117
2.923007011413574
2.923068046569824
2.9597541093826294
2.9598331451416016
2.9426374435424805
2.9426969289779663
2.949468970298767
2.949528455734253
3.0184404850006104
3.018625497817993
3.0577986240386963
3.0578850507736206
3.069685459136963
3.069756507873535
3.0700745582580566
3.070133090019226
3.081143617630005
3.0812231302261353
3.1682820320129395
3.1683443784713745
3.1790199279785156
3.1790828704833984
3.217766046524048
3.21805202960968
3.259892463684082
3.259957432746887
3.369766592979431
3.3698370456695557
3.3624950647354126
3.362556576728821
3.3763145208358765
3.3763768672943115
3.454535484313965
3.454604983329773
3.588824987411499
3.588889956474304
3.5217205286026
3.5218284130096436
3.55006206035614
3.5501246452331543
3.6264644861221313
3.6265259981155396
3.623687505722046
3.623793601989746
3.657754063606262
3.6578190326690674
3.611770510673523
3.6118298768997192
3.6938010454177856
3.693860411643982
3.7773090600967407
3.7773669958114624
3.757237434387207
3.7572929859161377
3.743893027305603
3.743951439857483
3.9587219953536987
3.9587994813919067
3.954386591911316
3.9544440507888794
3.9290164709091187
3.9291255474090576
3.896485924720764
3.8965463638305664
3.9147835969924927
3.914846420288086
3.971073031425476
3.9711328744888306
3.891818046569824
3.89187753200531
4.057884454727173
4.057965397834778
3.9910085201263428
3.991068482398987
4.360054016113281
4.3601155281066895
4.147897481918335
4.1480090618133545
4.233644485473633
4.233702063560486
4.221671462059021
4.221726417541504
4.221371531486511
4.221454501152039
4.228411078453064
4.228468060493469
4.4288740158081055
4.4289311170578
4.205954432487488
4.206017971038818
4.245426416397095
4.245482444763184
4.49176549911499
4.491824507713318
4.378547549247742
4.378630518913269
4.445745587348938
4.445808529853821
4.477905035018921
4.4881861209869385
4.496629118919373
4.496701598167419
4.577329516410828
4.577393054962158
4.535014986991882
4.535070538520813
4.5479735136032104
4.5480300188064575
4.58585262298584
4.585908532142639
4.577551007270813
4.5776050090789795
4.811436653137207
4.811487674713135
4.6628159284591675
4.66288697719574
4.6665180921554565
4.666568994522095
4.650038480758667
4.650092959403992
4.6842944622039795
4.684345960617065
4.671529412269592
4.671581506729126
4.662904500961304
4.66295850276947
4.976498484611511
4.976613998413086
4.844191908836365
4.844285488128662
4.860195994377136
4.860255479812622
4.836459994316101
4.836518406867981
4.882212400436401
4.88232946395874
4.88746452331543
4.8875274658203125
4.835680603981018
4.8357425928115845
4.823235869407654
4.823307514190674
4.985316634178162
4.985387086868286
5.082433581352234
5.082498073577881
5.095086574554443
5.095149517059326
5.035970449447632
5.036033391952515
5.0971444845199585
5.0972089767456055
5.185011029243469
5.185078501701355
5.71467399597168
5.7147369384765625
5.770704388618469
5.770808935165405
5.730618476867676
5.730679512023926
5.7384480237960815
5.7385125160217285
5.755751013755798
5.755946516990662
5.762508988380432
5.762596964836121
5.941232442855835
5.941298961639404
6.044528961181641
6.04462194442749
6.042930483818054
6.0430155992507935
6.007307052612305
6.007410049438477
6.0052701234817505
6.005347013473511
5.996965408325195
5.997020483016968
6.064614534378052
6.064674973487854
6.066641926765442
6.066752910614014
6.216397404670715
6.216454386711121
6.202498912811279
6.202555894851685
6.234703540802002
6.234765410423279
6.236249923706055
6.2363104820251465
6.324900984764099
6.324962496757507
6.30911648273468
6.309179902076721
6.25487744808197
6.254942536354065
6.260061621665955
6.260124087333679
6.275943994522095
6.276005983352661
6.304568529129028
6.304638028144836
6.494473576545715
6.494534015655518
6.497740387916565
6.49780797958374
6.5209609270095825
6.521048545837402
6.645041108131409
6.645101547241211
6.634243488311768
6.6343079805374146
6.558867573738098
6.558942556381226
6.579262018203735
6.57934308052063
6.556169509887695
6.556233525276184
6.586199641227722
6.586289048194885
6.5910561084747314
6.591213583946228
6.603453516960144
6.603539943695068
6.730861663818359
6.730950117111206
6.730618000030518
6.730698585510254
6.733494520187378
6.733578562736511
6.657825469970703
6.657883882522583
6.7201420068740845
6.720219016075134
6.714166045188904
6.714246153831482
6.819575548171997
6.819733381271362
6.847390413284302
6.847469925880432
6.831450939178467
6.831511497497559
6.968806982040405
6.968865513801575
6.860365986824036
6.860423445701599
6.983755946159363
6.983819484710693
6.931174993515015
6.931285977363586
6.9574960470199585
6.957802653312683
6.960255980491638
6.960325360298157
6.97795557975769
6.9780274629592896
7.845094561576843
7.8451550006866455
7.8758909702301025
7.875977873802185
8.044262409210205
8.044320464134216
8.033203959465027
8.03328549861908
8.010149002075195
8.010202527046204
7.98724901676178
7.987325549125671
7.966929912567139
7.967001438140869
8.041669011116028
8.041722416877747
8.166850447654724
8.166916012763977
8.196527481079102
8.19657552242279
8.178789973258972
8.178845405578613
8.15533196926117
8.15537941455841
8.381365537643433
8.38144063949585
8.471301078796387
8.471362590789795
8.480443000793457
8.480502009391785
8.5062255859375
8.506284594535828
8.444263100624084
8.444319009780884
8.468790054321289
8.468878984451294
8.436281085014343
8.436335921287537
8.508352994918823
8.508447051048279
8.513443946838379
8.513503432273865
8.614697933197021
8.614762425422668
8.707882046699524
8.707934141159058
8.652232050895691
8.652297019958496
8.63206398487091
8.632131934165955
8.724667429924011
8.724725484848022
8.707005500793457
8.707068085670471
8.763663530349731
8.763710498809814
8.733725428581238
8.733774065971375
8.717885136604309
8.717934489250183
8.750542998313904
8.750593066215515
8.814599633216858
8.814648509025574
8.749496102333069
8.749542117118835
8.812945485115051
8.812994956970215
8.820031523704529
8.820083975791931
8.855655074119568
8.855708956718445
8.90517258644104
8.90522015094757
8.84942615032196
8.849475622177124
8.88122010231018
8.881278038024902
8.96984851360321
8.969905018806458
9.023595452308655
9.023667097091675
9.14894700050354
9.149009585380554
9.256214022636414
9.256274461746216
9.543092370033264
9.543153405189514
9.6139075756073
9.613969564437866
10.035645961761475
10.035705924034119
10.062729954719543
10.062790989875793
10.28959846496582
10.289671063423157
10.43686306476593
10.436977505683899
10.54837191104889
10.548432469367981
10.791191935539246
10.791250944137573
11.099223971366882
11.099300980567932
11.245232105255127
11.24532163143158
11.517648458480835
11.517760396003723
11.58639395236969
11.586501955986023
11.749865531921387
11.749924898147583
12.065773606300354
12.065834045410156
12.182374477386475
12.182443022727966
12.31705105304718
12.317122101783752
12.429190993309021
12.429273009300232
12.577125430107117
12.577196955680847
12.768617033958435
12.768681049346924
12.953981399536133
12.954047918319702
13.281875133514404
13.281937599182129
13.400700569152832
13.400768995285034
13.553446054458618
13.553508043289185
13.738462924957275
13.738539457321167
13.830973625183105
13.83104157447815
14.002174973487854
14.002250075340271
14.138368129730225
14.138427972793579
14.269685983657837
14.269746899604797
14.413126468658447
14.41320252418518
14.664753913879395
14.664832949638367
14.836466550827026
14.836535453796387
14.936777949333191
14.936860918998718
15.07889199256897
15.078991055488586
15.218111038208008
15.218176484107971
15.427459478378296
15.427531957626343
15.498855948448181
15.498924612998962
15.711815476417542
15.71187448501587
15.848296523094177
15.848356485366821
16.04435694217682
16.044426441192627
16.3544100522995
16.354477405548096
16.5465589761734
16.546631574630737
16.750882625579834
16.750962615013123
16.878999948501587
16.879060983657837
17.00124204158783
17.001302003860474
17.191633462905884
17.191694498062134
17.429988503456116
17.430049061775208
17.58822202682495
17.58829355239868
17.59252381324768
17.592583417892456
17.640135049819946
17.640194535255432
17.641461849212646
17.64152193069458
17.7120418548584
17.712101936340332
17.70003390312195
17.700093388557434
17.803631067276
17.80368995666504
17.808762550354004
17.808822512626648
17.801514506340027
17.8015775680542
17.889904499053955
17.889963030815125
17.88524901866913
17.88530993461609
17.867220520973206
17.86729109287262
17.852174043655396
17.852227568626404
17.869293451309204
17.869351983070374
17.91392159461975
17.913981437683105
17.90644598007202
17.906505584716797
17.91800606250763
17.918064951896667
17.90160858631134
17.901669025421143
17.688088059425354
17.68814766407013
17.66191339492798
17.66197943687439
17.642099976539612
17.64216148853302
17.632080554962158
17.632153511047363
17.711170434951782
17.71122932434082
17.631927847862244
17.63198697566986
17.72854208946228
17.728601455688477
17.696462631225586
17.696524143218994
17.83032202720642
17.830382585525513
17.833703994750977
17.83379054069519
17.877143025398254
17.877202033996582
17.876638889312744
17.876699924468994
17.850606560707092
17.850664019584656
17.931532979011536
17.93159246444702
17.89203941822052
17.892101407051086
17.88526451587677
17.885323882102966
17.94804549217224
17.94810461997986
17.92329740524292
17.92339849472046
17.93675708770752
17.936846494674683
17.94976043701172
17.949828386306763
17.936306476593018
17.936394453048706
17.953131437301636
17.95319151878357
17.94172501564026
17.94178342819214
18.010969042778015
18.011030077934265
18.006882667541504
18.006938576698303
18.104018568992615
18.10407292842865
18.051793575286865
18.051849484443665
18.121976017951965
18.122034430503845
18.054694890975952
18.054775953292847
18.126595973968506
18.126656532287598
18.0578875541687
18.05794656276703
18.08378565311432
18.083845615386963
18.09708607196808
18.097142457962036
18.159137964248657
18.1591979265213
18.116836547851562
18.116894483566284
18.23469603061676
18.23475158214569
18.22262394428253
18.22268044948578
18.180355429649353
18.18041455745697
18.23875856399536
18.238813996315002
18.176890969276428
18.1769460439682
18.262145519256592
18.262207627296448
18.235974550247192
18.23603391647339
18.261340022087097
18.26140296459198
18.217271089553833
18.217329502105713
18.31329846382141
18.31335437297821
18.251630425453186
18.251688480377197
18.35273551940918
18.3528254032135
18.302917957305908
18.30297589302063
18.305405974388123
18.305463433265686
18.34224784374237
18.34230387210846
18.337875962257385
18.337932467460632
18.31706404685974
18.317119002342224
18.376288533210754
18.37634551525116
18.279250502586365
18.279340028762817
18.36011493206024
18.360175013542175
19.433260440826416
19.433319449424744
19.420148015022278
19.420202493667603
19.699248909950256
19.699840903282166
19.675898551940918
19.6759535074234
19.671201586723328
19.671260118484497
19.645758509635925
19.645817041397095
19.62257444858551
19.62263298034668
19.59374439716339
19.593804478645325
19.573006987571716
19.573065996170044
19.55584752559662
19.55590856075287
19.52587890625
19.52597951889038
19.8133704662323
19.813429951667786
19.792003989219666
19.792062520980835
19.681572914123535
19.681631922721863
19.781098008155823
19.78115940093994
19.75792896747589
19.75798797607422
19.744160890579224
19.74423038959503
19.74348747730255
19.74354887008667
19.907206535339355
19.907264471054077
19.88552451133728
19.885599613189697
19.8254896402359
19.825549602508545
19.796046018600464
19.796132564544678
19.770259499549866
19.77032458782196
19.735764026641846
19.735820055007935
19.690890908241272
19.690948009490967
19.64784801006317
19.647903561592102
19.723084092140198
19.723140001296997
19.675430417060852
19.67548906803131
19.638686656951904
19.63874101638794
19.608466506004333
19.608522057533264
19.8548104763031
19.854869484901428
19.821776390075684
19.821832418441772
19.86859405040741
19.868677020072937
19.79115355014801
19.79121243953705
19.766665935516357
19.766724467277527
19.49932610988617
19.49938654899597
19.482845425605774
19.482908964157104
19.46819508075714
19.46825408935547
19.45379400253296
19.453853487968445
19.43811559677124
19.438174605369568
19.493604063987732
19.493661046028137
19.46781849861145
19.46787691116333
19.431501388549805
19.431560039520264
19.79147446155548
19.791534900665283
19.754547953605652
19.75460994243622
19.74983501434326
19.749894976615906
19.741227507591248
19.741285920143127
19.71871292591095
19.718770503997803
19.693004488945007
19.693060517311096
19.620822548866272
19.620882987976074
19.447089552879333
19.44714856147766
19.312015056610107
19.312074422836304
19.403931498527527
19.403988003730774
20.122747540473938
20.1228049993515
20.010851979255676
20.010922074317932
20.105208039283752
20.10526442527771
20.049441695213318
20.049498081207275
20.046855568885803
20.046915650367737
20.01986002922058
20.01992154121399
20.243732452392578
20.243807435035706
20.660394072532654
20.66047203540802
20.14397895336151
20.144055008888245
20.10639798641205
20.10646152496338
20.088412880897522
20.088475942611694
20.30206847190857
20.302122473716736
20.270339488983154
20.2703914642334
20.234325408935547
20.234378933906555
20.198599457740784
20.198652505874634
19.99825096130371
19.998311042785645
19.980697989463806
19.980756878852844
20.014522075653076
20.014596939086914
20.04178297519684
20.041841983795166
20.110369443893433
20.110429048538208
20.019978046417236
20.020036458969116
20.04719090461731
20.04724943637848
20.421534538269043
20.421592593193054
20.39450204372406
20.39456009864807
20.367957592010498
20.36801505088806
20.343018531799316
20.343080520629883
20.318575024604797
20.318635940551758
20.09512495994568
20.095202445983887
20.076388001441956
20.076446056365967
19.81218445301056
19.812246441841125
19.8466374874115
19.846697449684143
19.826512098312378
19.826570987701416
19.823761582374573
19.823819160461426
20.11203110218048
20.112086534500122
20.08408260345459
20.084136605262756
20.79528498649597
20.79533851146698
20.76836609840393
20.768419981002808
20.735870838165283
20.73592782020569
20.504838466644287
20.50491988658905
21.02825403213501
21.028331995010376
21.024840474128723
21.024898529052734
20.98935556411743
20.989410042762756
20.96192193031311
20.96197748184204
20.951101064682007
20.95115554332733
20.44318985939026
20.44328737258911
20.444336533546448
20.444398522377014
20.438273549079895
20.43835961818695
20.92572259902954
20.92578160762787
20.901012539863586
20.901073575019836
20.536904454231262
20.53696346282959
20.531934022903442
20.531995058059692
20.524333953857422
20.524394631385803
20.529680013656616
20.529741048812866
20.519971013069153
20.520028948783875
20.500144481658936
20.50020432472229
20.491928339004517
20.491984963417053
20.501822471618652
20.501882910728455
20.492403864860535
20.492467403411865
20.444926023483276
20.44499707221985
20.410208582878113
20.41026759147644
20.23132050037384
20.231379628181458
20.581034898757935
20.581092476844788
20.712013006210327
20.71209692955017
20.935112953186035
20.935181498527527
20.913835048675537
20.913894057273865
20.88588547706604
20.88594353199005
21.020274996757507
21.02033805847168
20.972947478294373
20.973012924194336
20.715675592422485
20.715729594230652
20.702515363693237
20.702574849128723
20.68363606929779
20.683692574501038
21.15587306022644
21.155930876731873
21.118481993675232
21.11854100227356
21.074557542800903
21.07461404800415
21.025152564048767
21.02520501613617
21.039305925369263
21.039363026618958
20.824642181396484
20.824698567390442
20.804431438446045
20.804487943649292
20.94248855113983
20.942545652389526
20.87376308441162
20.873825550079346
20.709903478622437
20.709960103034973
20.779216527938843
20.779272079467773
20.65975046157837
20.659806966781616
20.655704021453857
20.65575897693634
20.795029044151306
20.795122981071472
20.81259250640869
20.812650084495544
20.758381962776184
20.75844430923462
20.785821557044983
20.785905122756958
21.20907497406006
21.20915448665619
21.15387451648712
21.15393304824829
21.085859537124634
21.085915565490723
20.99162757396698
20.99168300628662
20.797553420066833
20.79760992527008
20.72173011302948
20.721787571907043
20.703348517417908
20.703484892845154
20.73134410381317
20.731426000595093
20.737805008888245
20.737863421440125
21.04893457889557
21.048992037773132
20.864909052848816
20.864965558052063
20.843284368515015
20.843339920043945
20.86939251422882
20.869487047195435
20.86956548690796
20.869620442390442
20.746153473854065
20.746213555336
20.751779556274414
20.751839518547058
20.9110449552536
20.911103010177612
20.82586097717285
20.825918555259705
20.785014986991882
20.78506910800934
20.777591466903687
20.77764892578125
20.798770666122437
20.798829674720764
20.7869074344635
20.786975979804993
20.994037866592407
20.99409592151642
20.967358946800232
20.967419505119324
21.586018443107605
21.58607792854309
21.58481800556183
21.584876537322998
21.57038152217865
21.570440530776978
21.56782901287079
21.56788742542267
21.56644344329834
21.56649947166443
21.564133524894714
21.564204931259155
21.553286910057068
21.553348541259766
21.55714190006256
21.557202458381653
21.542773962020874
21.542837977409363
21.538527965545654
21.538585424423218
21.528337359428406
21.52839493751526
21.015839457511902
21.01589798927307
21.075862526893616
21.07592511177063
21.003159523010254
21.003252625465393
20.985695481300354
20.98576843738556
21.075175523757935
21.07527494430542
21.065625548362732
21.065683603286743
21.069663047790527
21.0697740316391
21.049347519874573
21.049407601356506
21.062458515167236
21.06251895427704
21.08450698852539
21.084575414657593
21.087777495384216
21.087856888771057
21.096150040626526
21.096216917037964
21.117808938026428
21.117869019508362
21.136770486831665
21.136828064918518
22.21545398235321
22.215510964393616
22.19265902042389
22.192717909812927
22.194005608558655
22.19405961036682
22.193270087242126
22.19333064556122
22.1730375289917
22.173097491264343
22.18724799156189
22.187328457832336
22.142058849334717
22.14212942123413
22.14748501777649
22.147583603858948
22.142789006233215
22.142846941947937
22.128995060920715
22.129053950309753
22.15992796421051
22.159995913505554
22.171743988990784
22.171881914138794
22.158386945724487
22.15844690799713
22.15093493461609
22.151009917259216
22.132577538490295
22.132639408111572
22.171690464019775
22.17174804210663
22.176717042922974
22.176774978637695
22.16663897037506
22.166743516921997
22.160399913787842
22.160457491874695
22.17657494544983
22.176637411117554
22.136022567749023
22.13609552383423
22.109732627868652
22.10978901386261
22.07160198688507
22.071660041809082
21.577577471733093
21.577634930610657
21.59549105167389
21.59555149078369
21.60667097568512
21.60673689842224
21.633162021636963
21.633216977119446
22.139079570770264
22.13913643360138
22.100027084350586
22.100091576576233
22.06935203075409
22.06940996646881
22.062262058258057
22.062320590019226
22.027377009391785
22.027434945106506
21.98019254207611
21.98025143146515
21.97245752811432
21.97251546382904
21.947144031524658
21.947200536727905
21.90329599380493
21.903353452682495
21.84160602092743
21.841659545898438
22.580724954605103
22.580782055854797
22.589492559432983
22.58957314491272
22.59882140159607
22.598877429962158
22.577157616615295
22.5772145986557
22.543474912643433
22.543530464172363
22.50813901424408
22.50819742679596
22.47956883907318
22.479625463485718
22.455483555793762
22.455540537834167
22.428373098373413
22.428482055664062
22.420446634292603
22.420503616333008
22.382113456726074
22.38217055797577
22.33564054965973
22.335698008537292
22.315130472183228
22.315188884735107
22.326339960098267
22.3264000415802
22.286194562911987
22.28625249862671
22.364264965057373
22.36432194709778
22.2150319814682
22.215091586112976
22.186487436294556
22.186550498008728
22.286370515823364
22.28643047809601
22.25811195373535
22.258177995681763
22.194255471229553
22.1943119764328
22.249935507774353
22.25000250339508
22.32752013206482
22.327605605125427
22.24898648262024
22.24906635284424
22.308411955833435
22.308473467826843
22.26841950416565
22.268494606018066
22.277087450027466
22.277181386947632
22.252537488937378
22.252598881721497
22.276890993118286
22.276954412460327
22.24886441230774
22.248934030532837
22.261539459228516
22.261618971824646
22.249842524528503
22.24989950656891
22.247814059257507
22.247872948646545
22.28036391735077
22.280423998832703
22.27567219734192
22.27573311328888
22.283294081687927
22.283352494239807
22.291186451911926
22.291253447532654
22.22156000137329
22.221617102622986
22.22259545326233
22.222652435302734
22.253658533096313
22.25371551513672
22.256677508354187
22.25673794746399
22.276508569717407
22.276567578315735
22.27737307548523
22.277427554130554
22.312989473342896
22.313060522079468
22.313746452331543
22.31381058692932
22.30698013305664
22.307045102119446
22.328465580940247
22.328524947166443
22.360791563987732
22.360857009887695
22.31591260433197
22.31597101688385
22.313138484954834
22.31319558620453
22.342150449752808
22.342207551002502
22.31793189048767
22.317988991737366
22.342345476150513
22.342400431632996
22.350852489471436
22.350908041000366
22.35013699531555
22.350192427635193
22.377485036849976
22.377540946006775
22.360166430473328
22.36022400856018
22.34221601486206
22.342273592948914
22.377169013023376
22.377227425575256
22.362016916275024
22.362078547477722
22.354709148406982
22.354767084121704
22.39167356491089
22.391729593276978
22.377189993858337
22.377246379852295
22.36880350112915
22.368860602378845
22.396191000938416
22.39624547958374
22.388506412506104
22.388556838035583
22.403746485710144
22.40392804145813
22.428648591041565
22.428749442100525
22.419155955314636
22.419285535812378
22.416118025779724
22.41616940498352
22.38239812850952
22.382445096969604
22.377583503723145
22.377642035484314
22.37835657596588
22.378413558006287
22.41015350818634
22.41020953655243
22.402398467063904
22.402456521987915
22.416900396347046
22.4169579744339
22.385193586349487
22.385260462760925
22.38969600200653
22.389756560325623
22.41083800792694
22.41089701652527
22.40139102935791
22.401447415351868
22.408405542373657
22.408473014831543
22.420644640922546
22.420703053474426
22.429448008537292
22.429506063461304
22.410109996795654
22.410165905952454
22.430615425109863
22.43067753314972
22.428314447402954
22.42837393283844
22.426615118980408
22.42671811580658
22.42766296863556
22.427719950675964
22.46126401424408
22.461320877075195
22.485071539878845
22.485134959220886
22.486014366149902
22.486095905303955
22.510509610176086
22.51057004928589
22.487163543701172
22.4872225522995
22.484556078910828
22.484612107276917
22.53326451778412
22.533323884010315
22.539361476898193
22.53945302963257
22.52931261062622
22.5293710231781
22.53405201435089
22.53411042690277
22.534587025642395
22.534645557403564
22.563762068748474
22.563820600509644
22.559720516204834
22.559778451919556
22.563876032829285
22.56393301486969
22.57392394542694
22.57400143146515
22.610668659210205
22.610727548599243
22.60641050338745
22.606468558311462
22.609524488449097
22.609583020210266
22.62490749359131
22.624964118003845
22.60102605819702
22.601086020469666
22.56586194038391
22.565943956375122
22.546494483947754
22.54655349254608
22.572296380996704
22.572353959083557
22.56049156188965
22.560553431510925
22.546820998191833
22.546903014183044
22.551778078079224
22.551848530769348
22.58523952960968
22.58529806137085
22.597735047340393
22.5977920293808
22.59702455997467
22.597084045410156
22.602262496948242
22.602335929870605
22.59961760044098
22.599674582481384
22.6332665681839
22.633326530456543
22.64734709262848
22.64740002155304
22.645240426063538
22.64531445503235
22.644216895103455
22.64430546760559
22.683588981628418
22.683644890785217
22.698405981063843
22.69846284389496
22.701791524887085
22.701844930648804
22.707365036010742
22.707428097724915
22.717382073402405
22.71743953227997
22.751985549926758
22.752044439315796
22.745502471923828
22.74556052684784
22.74266493320465
22.74272394180298
22.75432312488556
22.754380702972412
22.771992087364197
22.77204966545105
22.783457040786743
22.783514499664307
22.785663604736328
22.78571856021881
22.800694465637207
22.800750494003296
22.81167197227478
22.811728954315186
22.82174587249756
22.821800470352173
22.840720057487488
22.840778470039368
22.83403444290161
22.83409345149994
22.829370975494385
22.829427480697632
22.845282554626465
22.845340609550476
22.8561110496521
22.856167554855347
22.863487362861633
22.863542318344116
22.874939560890198
22.87499499320984
22.865416526794434
22.865471482276917
22.879927039146423
22.879979968070984
22.89696502685547
22.89702296257019
22.895233035087585
22.895288467407227
22.89732551574707
22.897382497787476
22.923900961875916
22.923954963684082
22.926591634750366
22.92664361000061
22.951598048210144
22.951654076576233
22.961228489875793
22.961283445358276
22.924737572669983
22.92479157447815
22.897212028503418
22.897276639938354
22.90646755695343
22.90652108192444
22.907480478286743
22.90753448009491
22.878674507141113
22.878729939460754
22.879749059677124
22.879802465438843
22.895367980003357
22.895426511764526
22.90879797935486
22.90885853767395
22.929216861724854
22.929272413253784
22.9407719373703
22.9408278465271
22.95909357070923
22.959152579307556
22.968411445617676
22.968467950820923
22.945833563804626
22.945892572402954
22.96258246898651
22.962639927864075
22.9590185880661
22.959072470664978
22.958850502967834
22.958906531333923
22.98788595199585
22.98794198036194
22.986080050468445
22.98613953590393
22.982555985450745
22.982612013816833
22.98647654056549
22.986531019210815
22.987380504608154
22.9874370098114
23.02312457561493
23.023179531097412
23.020280957221985
23.020333409309387
23.046826481819153
23.04688048362732
23.056443572044373
23.05649995803833
23.055134057998657
23.055199027061462
23.05426549911499
23.054322004318237
23.118807911872864
23.118866443634033
23.121407628059387
23.121463179588318
23.132190465927124
23.132248044013977
23.076911091804504
23.076966047286987
23.0769784450531
23.077035903930664
23.049272418022156
23.049337029457092
23.077065467834473
23.077122569084167
23.09003746509552
23.09009301662445
23.047288060188293
23.047346472740173
23.07546854019165
23.075529098510742
23.055906534194946
23.055965542793274
23.076233983039856
23.076292514801025
23.08476412296295
23.08482313156128
23.123459577560425
23.12353253364563
23.124006509780884
23.124069452285767
23.12682843208313
23.12688636779785
23.1149924993515
23.115047574043274
23.14122200012207
23.141276955604553
23.11786651611328
23.117920517921448
23.11378049850464
23.113834977149963
23.118248105049133
23.11830508708954
23.097265481948853
23.0973219871521
23.116934537887573
23.116992950439453
23.152242422103882
23.152302026748657
23.14850401878357
23.148571968078613
23.143178939819336
23.14323604106903
23.191842555999756
23.191902995109558
23.20597994327545
23.206039428710938
23.206727981567383
23.20678699016571
23.198137521743774
23.198195457458496
23.236405968666077
23.236465573310852
23.229737997055054
23.229795932769775
23.22957742214203
23.229634881019592
23.241116046905518
23.241173028945923
23.203734397888184
23.203792452812195
23.223292469978333
23.223351001739502
23.23891794681549
23.23897397518158
23.211732506752014
23.211796522140503
23.23189604282379
23.23195505142212
23.234915137290955
23.234971046447754
23.238550066947937
23.238606452941895
23.2623450756073
23.262401580810547
23.256016612052917
23.25607144832611
23.26249134540558
23.26256489753723
23.284552454948425
23.28460991382599
23.299668550491333
23.299727082252502
23.300094485282898
23.300156950950623
23.30822193622589
23.30828106403351
23.312015533447266
23.312090516090393
23.315617442131042
23.315675377845764
23.364903926849365
23.36496388912201
23.368748903274536
23.368825912475586
23.36608052253723
23.366153120994568
23.385351061820984
23.385448575019836
23.36753261089325
23.36759102344513
23.420127511024475
23.420188546180725
23.412117958068848
23.4121755361557
23.412521481513977
23.412579894065857
23.449798464775085
23.44985592365265
23.443358063697815
23.443477988243103
23.430031895637512
23.430089354515076
23.44307506084442
23.44313108921051
23.460649490356445
23.46073353290558
23.440165877342224
23.440232515335083
23.47424352169037
23.474300503730774
23.414003372192383
23.414060354232788
23.463176488876343
23.463232040405273
23.433209538459778
23.43326437473297
23.436081528663635
23.436137557029724
23.435747027397156
23.43580400943756
23.468947410583496
23.46900749206543
23.490936040878296
23.49099361896515
23.482942581176758
23.48300313949585
23.467015385627747
23.467071890830994
23.514758467674255
23.514819502830505
23.50946044921875
23.509518027305603
23.49058496952057
23.49064791202545
23.486506462097168
23.4865620136261
23.465469002723694
23.4655259847641
23.462646961212158
23.46270740032196
23.49465799331665
23.494714975357056
23.49664604663849
23.496713995933533
23.49726140499115
23.49731993675232
23.504847407341003
23.504908561706543
23.558739066123962
23.55879855155945
23.560127019882202
23.560200452804565
23.57056498527527
23.570625066757202
23.578174591064453
23.57823157310486
23.5791015625
23.579159021377563
23.621636033058167
23.62169349193573
23.62074589729309
23.620802998542786
23.620826601982117
23.620882034301758
23.618879079818726
23.61893403530121
23.60365402698517
23.603711009025574
23.641361474990845
23.641417026519775
23.6286358833313
23.6287100315094
23.620113492012024
23.620169520378113
23.64560294151306
23.64566159248352
23.630661010742188
23.63071608543396
23.62742292881012
23.627485990524292
23.64638102054596
23.64643704891205
23.62322497367859
23.62328004837036
23.597902059555054
23.597959995269775
23.582971453666687
23.583030462265015
23.6104394197464
23.61050045490265
23.62798535823822
23.62804341316223
23.62929356098175
23.629361033439636
23.63369107246399
23.633749961853027
23.670855045318604
23.67091155052185
23.67271852493286
23.67277455329895
23.669888973236084
23.66994595527649
23.666882038116455
23.66693902015686
23.661166071891785
23.661222100257874
23.690606594085693
23.69066309928894
23.73305654525757
23.73311495780945
23.73889994621277
23.739003896713257
23.740642428398132
23.740702986717224
23.772191047668457
23.772263526916504
23.748005628585815
23.748063445091248
23.758830428123474
23.758899927139282
23.74901509284973
23.749081015586853
23.7475928068161
23.7476464509964
23.75048041343689
23.750535488128662
23.751275062561035
23.75135338306427
23.77464747428894
23.774702429771423
23.76619255542755
23.76624858379364
23.781600952148438
23.781655430793762
23.779486894607544
23.779572367668152
23.81158149242401
23.81163990497589
23.819907546043396
23.819973587989807
23.8224995136261
23.82256245613098
23.823042035102844
23.823098063468933
23.845589518547058
23.845645427703857
23.857798099517822
23.857865571975708
23.854055404663086
23.854109048843384
23.85681438446045
23.8568754196167
23.867102026939392
23.86715865135193
23.893833994865417
23.893896102905273
23.917497992515564
23.917556405067444
23.916640996932983
23.91670000553131
23.950215578079224
23.95028054714203
23.954108476638794
23.954167008399963
23.94253695011139
23.94259750843048
23.964836478233337
23.9648939371109
23.961239099502563
23.961293935775757
23.954997420310974
23.955055952072144
23.95948052406311
23.959535002708435
23.95580506324768
23.95585858821869
23.954808950424194
23.954865336418152
23.89280903339386
23.892868041992188
23.86866593360901
23.868722558021545
23.8932443857193
23.893301010131836
23.91556203365326
23.915619492530823
23.914817929267883
23.91487991809845
23.923256397247314
23.923313975334167
23.930444955825806
23.93049943447113
23.928912043571472
23.928967475891113
23.928205490112305
23.928260445594788
23.964377999305725
23.96443498134613
23.96271061897278
23.96276605129242
23.966398000717163
23.966453433036804
23.97200047969818
23.97205638885498
23.97065246105194
23.97070801258087
24.01760506629944
24.017675518989563
24.02032458782196
24.020380973815918
24.032929062843323
24.03299045562744
24.049528002738953
24.049596428871155
24.064103603363037
24.06416153907776
24.070551991462708
24.070610404014587
24.06734299659729
24.06739890575409
24.070037603378296
24.070096015930176
24.0738126039505
24.07386815547943
24.090009570121765
24.090067505836487
24.07967245578766
24.079729437828064
24.088629961013794
24.08868443965912
24.091013073921204
24.091067910194397
24.087517380714417
24.087572932243347
24.093051552772522
24.093106150627136
24.10736107826233
24.10741400718689
24.124873995780945
24.12493896484375
24.12846052646637
24.128517389297485
24.141932129859924
24.141992449760437
24.16687047481537
24.166930079460144
24.194090485572815
24.194148540496826
24.190127968788147
24.19018805027008
24.20172691345215
24.201783418655396
24.17236340045929
24.17241942882538
24.180994510650635
24.18105947971344
24.20215654373169
24.20221209526062
24.216913104057312
24.216968655586243
24.218233466148376
24.21828854084015
24.22266936302185
24.222726941108704
24.245830535888672
24.24589455127716
24.268011927604675
24.26807689666748
24.28941261768341
24.289491057395935
24.31582260131836
24.31588101387024
24.314764976501465
24.314824104309082
24.318918466567993
24.31897747516632
24.327268362045288
24.327324509620667
24.34047555923462
24.340531945228577
24.344091415405273
24.344145894050598
24.344927072525024
24.344982504844666
24.362056136131287
24.362111568450928
24.37327539920807
24.37333047389984
24.373010993003845
24.373065948486328
24.366425037384033
24.36648452281952
24.391570568084717
24.391650080680847
24.384520530700684
24.384579062461853
24.392005920410156
24.392064929008484
24.424864053726196
24.424922108650208
24.423910975456238
24.424041986465454
24.41992700099945
24.42001497745514
24.453328013420105
24.453384041786194
24.42992353439331
24.429978489875793
24.422880053520203
24.422941088676453
24.447920560836792
24.447975635528564
24.44674241542816
24.446792006492615
24.45969581604004
24.459754943847656
24.487720012664795
24.48777949810028
24.486540913581848
24.4865984916687
24.499666929244995
24.499725461006165
24.51106309890747
24.511121153831482
24.458199977874756
24.458255529403687
24.434350967407227
24.434414386749268
24.439629435539246
24.439718008041382
24.456867575645447
24.456927180290222
24.47811245918274
24.47816753387451
24.471702456474304
24.471758008003235
24.50263750553131
24.50269091129303
24.49795651435852
24.49800944328308
24.486169934272766
24.486226439476013
24.51834201812744
24.51839542388916
24.493608474731445
24.493666529655457
24.493342518806458
24.493404507637024
24.506407976150513
24.506465435028076
24.52442455291748
24.524484992027283
24.523653984069824
24.523710012435913
24.527087926864624
24.527144074440002
24.528406023979187
24.52846348285675
24.55354940891266
24.55360746383667
24.557836532592773
24.557891964912415
24.583420991897583
24.583479046821594
24.587057948112488
24.587118983268738
24.601800560951233
24.601861000061035
24.604942560195923
24.605100989341736
24.627440452575684
24.627529501914978
24.62777352333069
24.627832531929016
24.627590537071228
24.627647519111633
24.650761485099792
24.650811553001404
24.639397978782654
24.639469504356384
24.644925475120544
24.644991040229797
24.65471053123474
24.6547794342041
24.654287457466125
24.654343485832214
24.66561245918274
24.665668487548828
24.711726546287537
24.711782097816467
24.710859537124634
24.710911989212036
24.721187472343445
24.721242904663086
24.706570863723755
24.706625938415527
24.722028493881226
24.72208595275879
24.700165510177612
24.700225949287415
24.71030104160309
24.710355520248413
24.727917432785034
24.727970004081726
24.72827899456024
24.728336930274963
24.73821747303009
24.738271594047546
24.758421421051025
24.75847887992859
24.775805950164795
24.77588200569153
24.797924518585205
24.798007011413574
24.798612594604492
24.798670053482056
24.790193676948547
24.79024910926819
24.787960529327393
24.788013458251953
24.825326919555664
24.82538139820099
24.820642471313477
24.82070004940033
24.823358297348022
24.823417901992798
24.832186579704285
24.83224606513977
24.83416450023651
24.834220051765442
24.85167109966278
24.85172963142395
24.843348503112793
24.84340810775757
