2.5226180255413055
2.522693246603012
2.5939069986343384
2.5939874351024628
2.5938303470611572
2.593902975320816
2.5690976083278656
2.5692369639873505
2.5965835750102997
2.596719592809677
2.622788816690445
2.622887074947357
2.6229626834392548
2.623246133327484
2.6227452158927917
2.6228449940681458
2.6435071229934692
2.643627494573593
2.708532005548477
2.7086068391799927
2.9787818789482117
2.97884401679039
3.0394704937934875
3.0395366549491882
3.291611433029175
3.291677415370941
3.295931786298752
3.296009749174118
3.368776112794876
3.368901699781418
3.528027981519699
3.52808940410614
3.6592659950256348
3.6593421697616577
3.6918549835681915
3.691921830177307
3.7068570852279663
3.7069368064403534
3.7343616485595703
3.7344457507133484
3.7620300948619843
3.7621026039123535
3.783316344022751
3.7833742201328278
3.8182820081710815
3.8183501064777374
3.815245747566223
3.8153097331523895
3.8766323924064636
3.876692235469818
3.8878272771835327
3.8878845274448395
3.9315688014030457
3.9316437542438507
3.9798122346401215
3.9798778295516968
3.9960990250110626
3.996167153120041
4.095793396234512
4.095846623182297
4.140504330396652
4.140580862760544
4.153963893651962
4.154028922319412
4.239039748907089
4.239106118679047
4.283942073583603
4.284009367227554
4.399847507476807
4.399915099143982
4.302097707986832
4.302162617444992
4.338235974311829
4.338295787572861
4.4201231598854065
4.420178472995758
4.410838037729263
4.410923331975937
4.471145510673523
4.471208870410919
4.519623339176178
4.5196912586688995
4.671739161014557
4.671805888414383
4.6608220636844635
4.6608904004096985
4.7716144025325775
4.771667033433914
4.742803245782852
4.742872476577759
4.893506944179535
4.8935747146606445
4.85132509469986
4.851393818855286
4.856899738311768
4.857004106044769
4.999613285064697
4.999684512615204
5.28872349858284
5.288784205913544
5.157284289598465
5.157350391149521
4.963522255420685
4.963578641414642
5.084653586149216
5.084712982177734
4.903047859668732
4.903116136789322
4.8092299699783325
4.8092992305755615
4.94277611374855
4.94284650683403
4.92095273733139
4.92101314663887
5.164730727672577
5.164809614419937
5.483610510826111
5.48368576169014
5.427264720201492
5.4273205399513245
5.805047392845154
5.805124759674072
5.684777170419693
5.684852778911591
5.843031674623489
5.843101978302002
5.979205757379532
5.97928512096405
5.887560278177261
5.887629419565201
5.8661544024944305
5.866219907999039
5.819201827049255
5.81928414106369
5.9090873301029205
5.909157603979111
6.105433523654938
6.105498373508453
6.382923394441605
6.3829858005046844
6.334027647972107
6.334104150533676
6.267969131469727
6.268035471439362
6.285478383302689
6.28552982211113
6.104623764753342
6.1046905517578125
6.8764488697052
6.876530349254608
6.088492184877396
6.088547796010971
6.233003795146942
6.23307192325592
6.742099851369858
6.742189943790436
6.8381679356098175
6.838234037160873
6.319226384162903
6.319310039281845
6.618485331535339
6.618597209453583
6.444037944078445
6.444107830524445
7.0608678460121155
7.060942590236664
6.517561882734299
6.517623156309128
6.591307282447815
6.591371029615402
6.678127080202103
6.6781851053237915
7.738440781831741
7.738514006137848
7.4494777619838715
7.449580878019333
7.084998697042465
7.0850635170936584
7.571892142295837
7.571950227022171
7.423309475183487
7.423373073339462
7.545062601566315
7.545136600732803
7.468727618455887
7.468788594007492
7.416777342557907
7.416842132806778
7.515457004308701
7.515518248081207
8.038711369037628
8.038781344890594
8.00862193107605
8.008692771196365
8.060086220502853
8.060157746076584
8.917699605226517
8.91778090596199
8.925660490989685
8.925744771957397
9.274889528751373
9.274960845708847
9.008727341890335
9.008797079324722
9.171746730804443
9.171813398599625
8.93796244263649
8.938044100999832
10.12858361005783
10.128649950027466
10.196218520402908
10.196289300918579
9.887970983982086
9.888047456741333
10.172692984342575
10.172754496335983
10.439566433429718
10.439637273550034
10.329156935214996
10.329222530126572
11.017213374376297
11.017279922962189
11.75397801399231
11.75406351685524
11.15919691324234
11.159265965223312
11.309102892875671
11.309168368577957
11.796268254518509
11.796336233615875
11.492632985115051
11.492706447839737
11.970187544822693
11.970259070396423
11.977443903684616
11.97752332687378
11.822818964719772
11.82289707660675
11.864921152591705
11.86498510837555
12.542118579149246
12.542187958955765
13.121287971735
13.121358215808868
12.588010758161545
12.588086128234863
13.028489530086517
13.02856621146202
13.02233612537384
13.022411227226257
13.918201744556427
13.918278634548187
14.12268841266632
14.122756361961365
14.199137151241302
14.199210405349731
14.111606538295746
14.111693918704987
13.98126795887947
13.981340736150742
14.464963763952255
14.465035617351532
14.563308656215668
14.563380092382431
14.334703385829926
14.334768503904343
13.827529937028885
13.82759976387024
14.435804039239883
14.435865461826324
15.093495577573776
15.093562752008438
15.066682785749435
15.066754162311554
14.873158365488052
14.873225212097168
15.23065572977066
15.23072761297226
15.228062629699707
15.228123098611832
15.391832798719406
15.391896486282349
15.972774118185043
15.972847640514374
15.936577707529068
15.936643332242966
15.905396461486816
15.905462473630905
16.215825378894806
16.215889751911163
16.087505102157593
16.08757072687149
16.106784850358963
16.106853634119034
16.72127538919449
16.721346378326416
16.679997354745865
16.6800639629364
16.73382368683815
16.733895629644394
17.255570501089096
17.255640506744385
17.70355248451233
17.703628331422806
17.55158358812332
17.551669239997864
17.675733000040054
17.675808370113373
17.589985638856888
17.590061753988266
17.568680346012115
17.568756848573685
17.40887451171875
17.40893292427063
17.479889035224915
17.479968696832657
17.7005595266819
17.700632512569427
17.093685060739517
17.093753904104233
17.658066868782043
17.658147990703583
17.572956204414368
17.57305133342743
17.372778296470642
17.37284880876541
17.01852184534073
17.018588364124298
17.361598432064056
17.361668944358826
17.126780092716217
17.126845717430115
17.144748121500015
17.144820034503937
16.964025139808655
16.96409547328949
16.958639711141586
16.958708345890045
17.19089189171791
17.190958350896835
17.1971755027771
17.197231978178024
17.188702166080475
17.188765555620193
17.236458092927933
17.236522495746613
17.510639935731888
17.510731637477875
17.36745312809944
17.36752113699913
17.163326144218445
17.163405299186707
17.43939059972763
17.43945676088333
17.12318879365921
17.123250991106033
17.39493829011917
17.394995599985123
17.493257761001587
17.493319779634476
16.787203639745712
16.787269920110703
17.46499839425087
17.465056985616684
16.935080736875534
16.935143619775772
17.255167931318283
17.25522807240486
17.171368181705475
17.17143228650093
17.185746043920517
17.185831308364868
17.578026205301285
17.578093349933624
17.218099623918533
17.218176633119583
17.862192511558533
17.86228373646736
17.226480454206467
17.226544588804245
17.384369552135468
17.384437024593353
17.298901230096817
17.298960655927658
17.511124938726425
17.511190831661224
17.48654866218567
17.48661383986473
17.219317257404327
17.219406604766846
17.60218396782875
17.602263897657394
17.10316750407219
17.103224962949753
17.167733162641525
17.167803049087524
17.195662170648575
17.19572439789772
17.215025782585144
17.215081125497818
17.377335250377655
17.377404004335403
17.656104534864426
17.65616938471794
17.74737709760666
17.747445821762085
17.657513052225113
17.65758740901947
17.12271746993065
17.12278750538826
16.814132750034332
16.814205795526505
17.164148092269897
17.164285987615585
16.96157991886139
16.96165156364441
16.648769080638885
16.648825645446777
17.46550887823105
17.46559652686119
17.25906628370285
17.25912633538246
17.154312819242477
17.154370993375778
17.527223378419876
17.527372241020203
17.62610238790512
17.62617063522339
17.617309719324112
17.617371916770935
17.250952184200287
17.251013219356537
17.209784626960754
17.209843516349792
17.257336139678955
17.257405400276184
17.825146734714508
17.825207352638245
17.75130820274353
17.75136649608612
17.73420938849449
17.73427051305771
17.78194135427475
17.782002210617065
17.847406268119812
17.847467869520187
17.572472780942917
17.572550535202026
17.705911248922348
17.705981343984604
17.88175591826439
17.881823241710663
17.538615942001343
17.538697570562363
17.485264271497726
17.485327273607254
17.589589148759842
17.589653372764587
17.86142671108246
17.861486226320267
17.923015624284744
17.92309671640396
18.3468776345253
18.346943765878677
18.21389150619507
18.213956207036972
18.089397102594376
18.089488476514816
18.05332013964653
18.053374618291855
17.977410703897476
17.977489471435547
17.906904369592667
17.906968504190445
17.6850588619709
17.68513348698616
17.775918394327164
17.775996148586273
17.883823484182358
17.883884996175766
17.918553590774536
17.91862851381302
18.052112251520157
18.052172005176544
18.139639973640442
18.139701634645462
18.20030289888382
18.20037677884102
18.07178568840027
18.071857273578644
18.02527865767479
18.025343537330627
17.806951373815536
17.807013601064682
17.897907257080078
17.897965997457504
