407.5
806.25
414.125
808.625
397.125
785.25
369.625
742.25
353.625
744.75
351.5
802.375
419.125
763.875
398.125
782.125
410.0
793.375
491.875
981.625
850.125
1741.25
1004.75
1825.875
1869.375
1926.625
2150.875
2070.0
2306.0
2183.625
2806.125
2717.375
3264.625
2911.625
3472.875
3094.375
3502.375
3167.5
3469.75
3229.625
3650.875
3388.75
3643.75
3434.875
3734.0
3454.75
3772.25
3471.75
3778.625
3483.125
4025.75
3496.875
4128.5
3798.125
4340.75
3857.0
4344.0
4043.75
4363.375
4126.75
4387.625
4276.625
4599.0
4406.75
4622.875
4567.75
4590.125
4636.875
4715.0
4643.625
4722.125
4626.125
4913.375
4708.125
5116.25
4817.5
5225.25
4773.5
5210.0
4855.125
5170.875
4994.375
5198.875
4971.125
5398.75
5034.625
5381.25
5008.5
5380.875
5139.125
5375.375
5151.125
5428.75
5476.125
5408.625
5524.375
5607.375
5616.0
5629.375
5595.625
5773.375
5608.625
5797.875
5662.625
5824.625
5730.75
5888.125
5706.5
5891.0
5683.25
5885.25
5757.0
5844.0
5755.125
5811.75
5764.375
5761.625
5774.625
5726.625
5778.5
5704.75
5761.25
5689.125
5751.75
5686.125
5735.75
5667.75
5717.625
5649.25
5692.5
5625.125
5676.0
5624.0
5655.875
5595.625
5637.625
5564.375
5645.125
5520.375
5641.125
5480.25
5639.375
5433.625
5640.125
5374.625
5642.75
5335.125
5654.75
5292.5
5646.0
5262.0
5636.375
5242.0
5614.0
5230.75
5583.0
5209.375
5541.5
5216.75
5510.625
5217.75
5482.375
5213.75
5445.75
5188.125
5423.0
5165.0
5391.25
5154.25
5371.375
5128.125
5344.125
5097.375
5331.375
5065.375
5312.75
5033.875
5293.75
5009.25
5282.0
4959.125
5272.5
4925.5
5247.875
4941.625
5248.625
4972.25
5246.75
5002.0
5234.625
5055.75
5227.5
5174.0
5231.125
5420.125
5359.75
5569.625
5560.375
5661.125
5770.5
5738.5
5976.625
5902.75
6082.125
6006.625
6239.625
6106.375
6354.25
6202.875
6521.125
6519.0
6598.75
6575.25
6602.875
6606.5
6662.375
6725.25
6801.0
6764.5
6832.625
6772.875
6809.75
6781.375
6772.125
6765.125
6739.375
6735.875
6706.75
6690.75
6655.25
6643.125
6602.875
6593.125
6552.875
6540.125
6505.875
6488.5
6457.5
6431.375
6414.625
6373.625
6372.375
6297.75
6348.25
6214.25
6331.75
6139.625
6306.375
6085.75
6260.25
6044.625
6201.375
6012.75
6133.25
5981.625
6064.375
5955.75
5990.25
5926.375
5919.625
5885.5
5860.5
5832.875
5813.125
5773.25
5772.75
5711.625
5734.375
5647.375
5698.625
5589.125
5656.875
5516.875
5629.125
5434.75
5611.25
5357.5
5588.5
5291.25
5554.75
5226.5
5519.5
5182.25
5463.75
5135.875
5410.125
5084.5
5361.5
5042.5
5303.5
5005.0
5241.0
4967.5
5178.5
4929.625
5116.375
4888.25
5057.75
4845.875
5000.125
4816.625
4929.375
4781.25
4864.75
4735.875
4810.125
4696.25
4749.75
4657.0
4689.0
4610.25
4635.75
4561.0
4585.0
4504.25
4541.75
4450.375
4495.625
4410.75
4435.25
4370.375
4375.625
4319.5
4326.5
4272.75
4273.25
4231.25
4214.75
4192.0
4154.0
4146.625
4099.375
4099.875
4046.125
4046.25
3999.75
3989.125
3956.875
3943.625
3902.375
3891.0
3855.0
3838.375
3807.625
3785.25
3760.75
3733.625
3712.375
3686.25
3659.75
3634.0
3612.0
3582.875
3563.125
3533.125
3512.875
3483.0
3463.0
3433.875
3412.125
3383.875
3362.125
3336.875
3309.125
3288.25
3257.75
3240.0
3206.0
3186.625
3159.375
3138.25
3107.75
3084.5
3061.5
3029.0
3017.0
2981.25
2964.75
2935.25
2910.75
2889.625
2856.375
2839.0
2807.0
2783.5
2762.5
2735.25
2710.75
2689.25
2656.75
2639.5
2606.5
2588.75
2557.25
2537.125
2508.875
2492.75
2453.25
2453.125
2392.875
2414.375
2331.625
2380.25
2265.75
2333.25
2212.75
2293.375
2152.625
2249.25
2096.75
2205.875
2040.125
2138.25
2007.75
2079.875
1966.125
2029.75
1916.25
1973.0
1873.0
1912.5
1833.5
1855.5
1790.5
1804.25
1741.75
1749.0
1697.0
1719.0
1627.0
1662.75
1583.25
1616.125
1529.875
1562.125
1483.875
1504.125
1441.875
1443.625
1402.375
1393.875
1352.125
1324.0
1322.0
1260.625
1285.375
1190.75
1255.25
1146.375
1199.625
1100.375
1145.625
1036.5
1109.5
973.625
1072.375
924.0
1022.0
886.75
959.25
845.25
900.75
790.875
855.125
751.125
794.875
711.375
734.625
672.25
673.75
623.75
622.25
565.625
580.375
518.125
527.875
469.5
476.5
407.625
438.375
338.875
407.125
283.125
362.875
240.125
305.875
200.875
245.125
141.625
204.375
84.625
161.375
65.875
80.125
32.0
14.0
