-1.0
-1.0
5782.0
4778.5
-1.0
-1.0
5732.0
4728.5
-1.0
-1.0
6098.0
5327.5
-1.0
-1.0
6048.0
6049.5
-1.0
-1.0
5998.0
5999.5
-1.0
-1.0
5948.0
5949.5
-1.0
-1.0
5898.0
5899.5
-1.0
-1.0
5848.0
5849.5
-1.0
-1.0
5798.0
5799.5
-1.0
-1.0
5748.0
5749.5
-1.0
-1.0
5698.0
5699.5
-1.0
-1.0
5648.0
5649.5
-1.0
-1.0
5598.0
5599.5
-1.0
-1.0
5548.0
5549.5
-1.0
-1.0
5498.0
5499.5
-1.0
-1.0
5448.0
5449.5
-1.0
-1.0
5398.0
5399.5
-1.0
-1.0
5348.0
5349.5
-1.0
-1.0
5298.0
5299.5
-1.0
-1.0
5248.0
5249.5
-1.0
-1.0
5198.0
5199.5
-1.0
-1.0
5148.0
5149.5
-1.0
-1.0
5098.0
5099.5
-1.0
-1.0
5048.0
5049.5
-1.0
-1.0
4998.0
4999.5
-1.0
-1.0
4948.0
4949.5
-1.0
-1.0
4898.0
4899.5
-1.0
-1.0
4848.0
4849.5
-1.0
-1.0
4798.0
4799.5
-1.0
-1.0
4748.0
4749.5
-1.0
-1.0
4698.0
4699.5
-1.0
-1.0
4648.0
4649.5
-1.0
-1.0
4598.0
4599.5
-1.0
-1.0
4548.0
4549.5
-1.0
-1.0
4498.0
4499.5
-1.0
-1.0
4448.0
4449.5
-1.0
-1.0
4398.0
4399.5
-1.0
-1.0
4348.0
4349.5
-1.0
-1.0
4298.0
4299.5
-1.0
-1.0
4248.0
4249.5
-1.0
-1.0
4198.0
4199.5
-1.0
-1.0
4148.0
4149.5
-1.0
-1.0
4098.0
4099.5
-1.0
-1.0
4048.0
4049.5
-1.0
-1.0
3998.0
3999.5
-1.0
-1.0
3948.0
3949.5
-1.0
-1.0
3898.0
3899.5
-1.0
-1.0
3848.0
3849.5
-1.0
-1.0
3798.0
3799.5
-1.0
-1.0
3748.0
3749.5
-1.0
-1.0
3698.0
3699.5
-1.0
-1.0
3648.0
3649.5
-1.0
-1.0
3598.0
3599.5
-1.0
-1.0
3548.0
3549.5
-1.0
-1.0
3498.0
3499.5
-1.0
-1.0
3448.0
3449.5
-1.0
-1.0
3398.0
3399.5
-1.0
-1.0
3348.0
3349.5
-1.0
-1.0
3298.0
3299.5
-1.0
-1.0
3248.0
3249.5
-1.0
-1.0
3198.0
3199.5
-1.0
-1.0
3148.0
3149.5
-1.0
-1.0
3098.0
3099.5
-1.0
-1.0
3048.0
3049.5
-1.0
-1.0
2998.0
2999.5
-1.0
-1.0
2948.0
2949.5
-1.0
-1.0
2898.0
2899.5
-1.0
-1.0
2848.0
2849.5
-1.0
-1.0
2798.0
2799.5
-1.0
-1.0
2748.0
2749.5
-1.0
-1.0
2698.0
2699.5
-1.0
-1.0
2648.0
2649.5
-1.0
-1.0
2598.0
2599.5
-1.0
-1.0
2548.0
2549.5
-1.0
-1.0
2498.0
2499.5
-1.0
-1.0
2448.0
2449.5
-1.0
-1.0
2398.0
2399.5
-1.0
-1.0
2348.0
2349.5
-1.0
-1.0
2298.0
2299.5
-1.0
-1.0
2248.0
2249.5
-1.0
-1.0
2198.0
2199.5
-1.0
-1.0
2148.0
2149.5
-1.0
-1.0
2098.0
2099.5
-1.0
-1.0
2048.0
2049.5
-1.0
-1.0
1998.0
1999.5
-1.0
-1.0
1948.0
1949.5
-1.0
-1.0
1898.0
1899.5
-1.0
-1.0
1848.0
1849.5
-1.0
-1.0
1798.0
1799.5
-1.0
-1.0
1748.0
1749.5
-1.0
-1.0
1698.0
1699.5
-1.0
-1.0
1648.0
1649.5
-1.0
-1.0
1598.0
1599.5
-1.0
-1.0
1548.0
1549.5
-1.0
-1.0
1498.0
1499.5
-1.0
-1.0
1448.0
1449.5
-1.0
6228.0
1398.0
1419.5
-1.0
6178.0
1348.0
1419.5
-1.0
6128.0
1298.0
1419.5
-1.0
6078.0
1248.0
1419.5
-1.0
6028.0
1198.0
1419.5
-1.0
5978.0
1148.0
1419.5
-1.0
5928.0
1098.0
1419.5
-1.0
5878.0
1048.0
1419.5
-1.0
5828.0
998.0
1419.5
-1.0
5778.0
948.0
1419.5
-1.0
5728.0
898.0
1419.5
-1.0
5678.0
848.0
1419.5
-1.0
5628.0
798.0
1419.5
-1.0
5578.0
748.0
1419.5
-1.0
5528.0
698.0
1419.5
-1.0
5478.0
648.0
1419.5
-1.0
5428.0
598.0
1419.5
-1.0
5378.0
548.0
1419.5
-1.0
5328.0
498.0
1419.5
-1.0
5278.0
448.0
1419.5
-1.0
11462.0
414.5
1419.5
-1.0
11362.0
414.5
1419.5
-1.0
11262.0
414.5
1419.5
-1.0
11162.0
414.5
1419.5
-1.0
11062.0
414.5
1419.5
-1.0
10962.0
414.5
1419.5
-1.0
10862.0
414.5
1419.5
-1.0
10762.0
414.5
1419.5
-1.0
10662.0
414.5
1419.5
-1.0
10562.0
414.5
1419.5
-1.0
10462.0
414.5
1419.5
-1.0
10362.0
414.5
1419.5
-1.0
10262.0
414.5
1419.5
-1.0
10162.0
414.5
1419.5
-1.0
10062.0
414.5
1419.5
-1.0
9962.0
414.5
1419.5
-1.0
9862.0
414.5
1419.5
-1.0
9762.0
414.5
1419.5
-1.0
9662.0
414.5
1419.5
-1.0
9562.0
414.5
1419.5
-1.0
9462.0
414.5
1419.5
-1.0
9362.0
414.5
1419.5
-1.0
9262.0
414.5
1419.5
-1.0
9162.0
414.5
1419.5
-1.0
9062.0
414.5
1419.5
-1.0
8962.0
414.5
1419.5
-1.0
8862.0
414.5
1419.5
-1.0
8762.0
414.5
1419.5
-1.0
8662.0
414.5
1419.5
-1.0
8562.0
414.5
1419.5
-1.0
8462.0
414.5
1419.5
-1.0
8362.0
414.5
1419.5
-1.0
8262.0
414.5
1419.5
-1.0
8162.0
414.5
1419.5
-1.0
8062.0
414.5
1419.5
-1.0
7962.0
414.5
1419.5
-1.0
7862.0
414.5
1419.5
-1.0
7762.0
414.5
1419.5
-1.0
7662.0
414.5
1419.5
-1.0
7562.0
414.5
1419.5
-1.0
7462.0
414.5
1419.5
-1.0
7362.0
414.5
1419.5
-1.0
7262.0
414.5
1419.5
-1.0
7162.0
414.5
1419.5
-1.0
7062.0
414.5
1419.5
-1.0
6962.0
414.5
1419.5
-1.0
6862.0
414.5
1419.5
-1.0
6762.0
414.5
1419.5
-1.0
6662.0
414.5
1419.5
-1.0
6562.0
414.5
1419.5
-1.0
6462.0
414.5
1419.5
-1.0
6362.0
414.5
1419.5
-1.0
6262.0
414.5
1419.5
-1.0
6162.0
414.5
1419.5
-1.0
6062.0
414.5
1419.5
-1.0
5962.0
414.5
1419.5
-1.0
5862.0
414.5
1419.5
-1.0
5762.0
414.5
1419.5
-1.0
5662.0
414.5
1419.5
-1.0
5562.0
414.5
1419.5
-1.0
5462.0
414.5
1419.5
-1.0
5362.0
414.5
1419.5
-1.0
5262.0
414.5
1419.5
-1.0
5162.0
414.5
1419.5
-1.0
5062.0
414.5
1419.5
-1.0
4962.0
414.5
1419.5
-1.0
4862.0
414.5
1419.5
-1.0
4762.0
414.5
1419.5
-1.0
4662.0
414.5
1419.5
-1.0
4562.0
414.5
1419.5
-1.0
4462.0
414.5
1419.5
-1.0
4362.0
414.5
1419.5
-1.0
4262.0
414.5
1419.5
-1.0
4162.0
414.5
1419.5
-1.0
4062.0
414.5
1419.5
-1.0
3962.0
414.5
1419.5
-1.0
3862.0
414.5
1419.5
-1.0
3762.0
414.5
1419.5
-1.0
3662.0
414.5
1419.5
-1.0
3562.0
414.5
1419.5
-1.0
3462.0
414.5
1419.5
-1.0
3362.0
414.5
1419.5
-1.0
3262.0
414.5
1419.5
-1.0
3162.0
414.5
1419.5
-1.0
3062.0
414.5
1419.5
-1.0
2962.0
414.5
1419.5
-1.0
2862.0
414.5
1419.5
-1.0
2762.0
414.5
1419.5
-1.0
2662.0
414.5
1419.5
-1.0
2562.0
414.5
1419.5
-1.0
2462.0
414.5
1419.5
-1.0
2362.0
414.5
1419.5
-1.0
2262.0
414.5
1419.5
-1.0
2162.0
414.5
1419.5
-1.0
2062.0
414.5
1419.5
-1.0
1962.0
414.5
1419.5
-1.0
1862.0
414.5
1419.5
-1.0
1762.0
414.5
1419.5
-1.0
1682.0
414.5
7648.5
-1.0
1632.0
414.5
7598.5
-1.0
1582.0
414.5
7548.5
-1.0
1532.0
414.5
7498.5
-1.0
1482.0
414.5
7448.5
-1.0
1432.0
414.5
7398.5
-1.0
1382.0
414.5
7348.5
-1.0
1352.5
414.5
7278.0
-1.0
1352.5
414.5
7178.0
-1.0
1352.5
414.5
7078.0
-1.0
1352.5
414.5
6978.0
-1.0
1352.5
414.5
6878.0
-1.0
1352.5
414.5
6778.0
-1.0
1352.5
414.5
6678.0
-1.0
1352.5
414.5
6578.0
-1.0
1352.5
414.5
6478.0
-1.0
1352.5
414.5
6378.0
-1.0
1352.5
414.5
6278.0
-1.0
1352.5
414.5
6178.0
-1.0
1352.5
414.5
6078.0
6226.5
1352.5
414.5
5999.5
6176.5
1352.5
414.5
5949.5
6126.5
1352.5
414.5
5899.5
6076.5
1352.5
414.5
5849.5
6026.5
1352.5
414.5
5799.5
5976.5
1352.5
414.5
5749.5
5926.5
1352.5
414.5
5699.5
5876.5
1352.5
414.5
5649.5
5826.5
1352.5
414.5
5599.5
5776.5
1352.5
414.5
5549.5
5726.5
1352.5
414.5
5499.5
5676.5
1352.5
414.5
5449.5
5626.5
1352.5
414.5
5399.5
5576.5
1352.5
414.5
5349.5
5526.5
1352.5
414.5
5299.5
5476.5
1352.5
414.5
5249.5
5426.5
1352.5
414.5
5199.5
5376.5
1352.5
414.5
5149.5
5326.5
1352.5
414.5
5099.5
5276.5
1352.5
414.5
5049.5
5226.5
1352.5
414.5
4999.5
5176.5
1352.5
414.5
4949.5
5126.5
1352.5
414.5
4899.5
5076.5
1352.5
414.5
4849.5
5026.5
1352.5
414.5
4799.5
4976.5
1352.5
414.5
4749.5
4926.5
1352.5
414.5
4699.5
4876.5
1352.5
414.5
4649.5
4826.5
1352.5
414.5
4599.5
4776.5
1352.5
414.5
4549.5
4726.5
1352.5
414.5
4499.5
4676.5
1352.5
414.5
4449.5
4626.5
1352.5
414.5
4399.5
4576.5
1352.5
414.5
4349.5
4526.5
1352.5
414.5
4299.5
4476.5
1352.5
414.5
4249.5
4426.5
1352.5
414.5
4199.5
4376.5
1352.5
414.5
4149.5
4326.5
1352.5
414.5
4099.5
4276.5
1352.5
414.5
4049.5
4226.5
1352.5
414.5
3999.5
4176.5
1352.5
414.5
3949.5
4126.5
1352.5
414.5
3899.5
4076.5
1352.5
414.5
3849.5
4026.5
1352.5
414.5
3799.5
3976.5
1352.5
414.5
3749.5
3926.5
1352.5
414.5
3699.5
3876.5
1352.5
414.5
3649.5
3826.5
1352.5
414.5
3599.5
3776.5
1352.5
414.5
3549.5
3726.5
1352.5
414.5
3499.5
3676.5
1352.5
414.5
3449.5
3626.5
1352.5
414.5
3399.5
3576.5
1352.5
414.5
3349.5
3526.5
1352.5
414.5
3299.5
3476.5
1352.5
414.5
3249.5
3426.5
1352.5
414.5
3199.5
3376.5
1352.5
414.5
3149.5
3326.5
1352.5
414.5
3099.5
3276.5
1352.5
414.5
3049.5
3226.5
1352.5
414.5
2999.5
3176.5
1352.5
414.5
2949.5
3126.5
1352.5
414.5
2899.5
3076.5
1352.5
414.5
2849.5
3026.5
1352.5
414.5
2799.5
2976.5
1352.5
414.5
2749.5
2926.5
1352.5
414.5
2699.5
2876.5
1352.5
414.5
2649.5
2826.5
1352.5
414.5
2599.5
2776.5
1352.5
414.5
2549.5
2726.5
1352.5
414.5
2499.5
2676.5
1352.5
414.5
2449.5
2626.5
1352.5
414.5
2399.5
2576.5
1352.5
414.5
2349.5
2526.5
1352.5
414.5
2299.5
2476.5
1352.5
414.5
2249.5
2426.5
1352.5
414.5
2199.5
2376.5
1352.5
414.5
2149.5
2326.5
1352.5
414.5
2099.5
2276.5
1346.5
414.5
2055.5
2226.5
1296.5
414.5
2055.5
2176.5
1246.5
414.5
2055.5
2126.5
1196.5
414.5
2055.5
2076.5
1146.5
414.5
2055.5
2026.5
1096.5
414.5
2055.5
1976.5
1046.5
414.5
2055.5
1926.5
996.5
414.5
2055.5
1876.5
946.5
414.5
2055.5
1826.5
896.5
414.5
2055.5
1776.5
846.5
414.5
2055.5
1726.5
796.5
414.5
2055.5
1676.5
746.5
414.5
2055.5
1626.5
696.5
414.5
2055.5
1576.5
646.5
414.5
2055.5
1526.5
596.5
414.5
2055.5
1476.5
546.5
414.5
2055.5
1426.5
496.5
414.5
2055.5
1376.5
446.5
414.5
2055.5
1326.5
396.5
414.5
2055.5
1276.5
346.5
414.5
2055.5
1226.5
296.5
414.5
2055.5
1176.5
246.5
414.5
2055.5
1126.5
196.5
414.5
2055.5
1076.5
146.5
414.5
2055.5
1026.5
96.5
414.5
2055.5
976.5
46.5
414.5
2055.5
926.5
-2.0
413.0
2055.5
876.5
-2.0
363.0
2055.5
826.5
-2.0
313.0
2055.5
776.5
-2.0
263.0
2055.5
726.5
-2.0
213.0
2055.5
676.5
-2.0
163.0
2055.5
626.5
-2.0
113.0
2055.5
576.5
-2.0
63.0
2055.5
526.5
-2.0
13.0
2055.5
476.5
-2.0
-1.5
2020.0
426.5
-2.0
-1.5
1970.0
376.5
-2.0
-1.5
1920.0
326.5
-2.0
-1.5
1870.0
276.5
-2.0
-1.5
1820.0
226.5
-2.0
-1.5
1770.0
176.5
-2.0
-1.5
1720.0
126.5
-2.0
-1.5
1670.0
76.5
-2.0
-1.5
1620.0
26.5
-2.0
-1.5
1570.0
-1.5
-2.0
-1.5
1498.0
-1.5
-2.0
-1.5
1398.0
-1.5
-2.0
-1.5
1298.0
-1.5
-2.0
-1.5
1198.0
-1.5
-2.0
-1.5
1098.0
-1.5
-2.0
-1.5
998.0
6245.0
-2.0
-1.5
901.0
6195.0
-2.0
-1.5
851.0
6145.0
-2.0
-1.5
801.0
6095.0
-2.0
-1.5
751.0
6045.0
-2.0
-1.5
701.0
5995.0
-2.0
-1.5
651.0
5945.0
-2.0
-1.5
601.0
5895.0
-2.0
-1.5
551.0
5845.0
-2.0
-1.5
501.0
5795.0
-2.0
-1.5
451.0
5745.0
-2.0
6198.0
451.0
5695.0
-2.0
6148.0
451.0
5645.0
-2.0
6098.0
451.0
5595.0
-2.0
6048.0
451.0
5545.0
-2.0
5998.0
451.0
5495.0
-2.0
5948.0
451.0
5445.0
-2.0
5898.0
451.0
5395.0
-2.0
5848.0
451.0
5345.0
-2.0
5798.0
451.0
5295.0
-2.0
5748.0
451.0
5245.0
-2.0
5698.0
451.0
5195.0
-2.0
5648.0
451.0
5145.0
-2.0
5598.0
451.0
5095.0
-2.0
5548.0
451.0
5045.0
-2.0
5498.0
451.0
4995.0
-2.0
5448.0
451.0
4945.0
-2.0
5398.0
451.0
4895.0
-2.0
5348.0
451.0
4845.0
-2.0
5298.0
451.0
4795.0
-2.0
5248.0
451.0
4745.0
-2.0
5198.0
451.0
4695.0
-2.0
5148.0
451.0
4645.0
-2.0
5098.0
451.0
4595.0
-2.0
5048.0
451.0
4545.0
-2.0
4998.0
451.0
4495.0
-2.0
4948.0
451.0
4445.0
-2.0
4898.0
451.0
4395.0
-2.0
4848.0
451.0
4345.0
-2.0
4798.0
451.0
4295.0
-2.0
4748.0
451.0
4245.0
-2.0
4698.0
451.0
4195.0
-2.0
4648.0
451.0
4145.0
-2.0
4598.0
451.0
4095.0
-2.0
4548.0
451.0
4045.0
-2.0
4498.0
451.0
3995.0
-2.0
4448.0
451.0
3945.0
-2.0
4398.0
451.0
3895.0
-2.0
4348.0
451.0
3845.0
-2.0
4298.0
451.0
3795.0
-2.0
4248.0
451.0
3745.0
-2.0
4198.0
451.0
3695.0
-2.0
4148.0
451.0
3645.0
-2.0
4098.0
451.0
3595.0
-2.0
4048.0
451.0
3545.0
-2.0
3998.0
451.0
3495.0
-2.0
3948.0
451.0
3445.0
-2.0
3898.0
451.0
3395.0
-2.0
3848.0
451.0
3345.0
-2.0
3798.0
451.0
3295.0
-2.0
3748.0
451.0
3245.0
-2.0
3698.0
451.0
3195.0
-2.0
3648.0
451.0
3145.0
-2.0
3598.0
451.0
3095.0
-2.0
3548.0
451.0
3045.0
-2.0
3498.0
451.0
2995.0
-2.0
3448.0
451.0
2945.0
-2.0
3398.0
451.0
2895.0
-2.0
3348.0
451.0
2845.0
-2.0
3298.0
451.0
2795.0
-2.0
3248.0
451.0
2745.0
-2.0
3198.0
451.0
2695.0
-2.0
3148.0
451.0
2645.0
-2.0
3098.0
451.0
2595.0
-2.0
3048.0
451.0
2545.0
-2.0
2998.0
451.0
2495.0
-2.0
2948.0
451.0
2445.0
-2.0
2898.0
451.0
2395.0
-2.0
2848.0
451.0
2345.0
-2.0
2798.0
451.0
2295.0
-2.0
2748.0
451.0
2245.0
-2.0
2698.0
451.0
2195.0
-2.0
2648.0
451.0
2145.0
-2.0
2598.0
451.0
2095.0
-2.0
2548.0
451.0
2045.0
-2.0
2498.0
451.0
1995.0
-2.0
2448.0
451.0
1945.0
-2.0
2398.0
451.0
1895.0
-2.0
2348.0
451.0
1845.0
-2.0
2298.0
451.0
1795.0
-2.0
2248.0
451.0
1745.0
-2.0
2198.0
451.0
1695.0
-2.0
2148.0
451.0
1645.0
-2.0
2098.0
451.0
1595.0
-2.0
2048.0
451.0
1545.0
-2.0
1998.0
451.0
1495.0
-2.0
1948.0
451.0
1445.0
-2.0
1898.0
451.0
1395.0
-2.0
1848.0
451.0
1345.0
-2.0
1798.0
451.0
1295.0
-2.0
1748.0
451.0
1245.0
-2.0
1698.0
451.0
1195.0
-2.0
1648.0
451.0
1145.0
-2.0
1598.0
451.0
1095.0
-2.0
1548.0
451.0
1045.0
-2.0
1498.0
451.0
995.0
-2.0
1448.0
451.0
945.0
-2.0
1398.0
451.0
895.0
-2.0
1348.0
451.0
845.0
-2.0
1298.0
451.0
795.0
-2.0
1248.0
451.0
745.0
-2.0
1198.0
451.0
695.0
-2.0
1148.0
451.0
645.0
-2.0
1098.0
451.0
595.0
-2.0
1048.0
451.0
545.0
-2.0
998.0
451.0
495.0
-2.0
948.0
451.0
445.0
-2.0
898.0
451.0
395.0
-2.0
848.0
451.0
345.0
-2.0
798.0
451.0
295.0
-2.0
748.0
451.0
245.0
-2.0
698.0
451.0
195.0
-2.0
648.0
451.0
145.0
-2.0
598.0
451.0
95.0
-2.0
548.0
451.0
45.0
-2.0
498.0
451.0
-2.0
-2.0
448.0
448.0
-2.0
-2.0
398.0
398.0
-2.0
-2.0
348.0
348.0
-2.0
-2.0
298.0
298.0
-2.0
-2.0
248.0
248.0
-2.0
-2.0
198.0
198.0
-2.0
-2.0
148.0
148.0
-2.0
-2.0
98.0
98.0
-2.0
-2.0
48.0
48.0
-2.0
-2.0
-2.0
-2.0
