3.114770531654358
3.114978075027466
3.115054488182068
3.1152420043945312
3.202004551887512
3.2110174894332886
3.2111504077911377
3.2113234996795654
3.473886013031006
3.473963499069214
3.47446608543396
3.4745445251464844
3.644353985786438
3.644454002380371
3.644517421722412
3.644576072692871
3.8734039068222046
3.8734840154647827
3.873544454574585
3.8736029863357544
4.08603298664093
4.087041020393372
4.087128520011902
4.0873600244522095
4.237794041633606
4.238294005393982
4.2383774518966675
4.238442540168762
4.381955862045288
4.382283329963684
4.3823665380477905
4.382431507110596
4.777426481246948
4.777682065963745
4.777881979942322
4.785969972610474
4.773480415344238
4.773550987243652
4.773608922958374
4.773664951324463
4.721554517745972
4.721616506576538
4.7216750383377075
4.72173011302948
4.685884118080139
4.685948610305786
4.686005711555481
4.686060190200806
4.661926507949829
4.661988019943237
4.662043452262878
4.662103533744812
4.882630467414856
4.882695436477661
4.882756352424622
4.8828125
4.873486518859863
4.8735511302948
4.8736090660095215
4.873666048049927
4.933068037033081
4.933168411254883
4.933230996131897
4.933288931846619
4.859610557556152
4.859670996665955
4.859725594520569
4.85985255241394
4.8779919147491455
4.878051400184631
4.8781139850616455
4.8781644105911255
4.796053528785706
4.796112060546875
4.796164035797119
4.79621696472168
4.881354093551636
4.881412625312805
4.881463050842285
4.881515622138977
4.84615957736969
4.846223473548889
4.846280455589294
4.846337080001831
4.9177329540252686
4.917799949645996
4.91785740852356
4.917912483215332
4.790376543998718
4.790437579154968
4.790492057800293
4.790544033050537
4.999281406402588
4.9993414878845215
4.999395966529846
4.999446511268616
4.966687560081482
4.966743469238281
4.966795444488525
4.966845512390137
4.902008056640625
4.9020761251449585
4.9021300077438354
4.902182102203369
4.702617526054382
4.702675938606262
4.70273494720459
4.702783942222595
4.799542427062988
4.799597859382629
4.7996485233306885
4.799696445465088
4.861427545547485
4.8614805936813354
4.861529588699341
4.861577033996582
4.893704414367676
4.893767952919006
4.893825054168701
4.893879413604736
4.701197028160095
4.70125949382782
4.7013139724731445
4.701367378234863
4.903086066246033
4.903151512145996
4.903206467628479
4.9032615423202515
4.895434498786926
4.89549195766449
4.895544528961182
4.895594000816345
4.805478572845459
4.805534601211548
4.805585026741028
4.805635094642639
4.8797924518585205
4.879849910736084
4.879902005195618
4.87995445728302
4.866598963737488
4.866655588150024
4.86670708656311
4.86675751209259
4.787639021873474
4.787700533866882
4.787755012512207
4.787807464599609
5.117325067520142
5.117388963699341
5.117446541786194
5.117501974105835
5.224509119987488
5.224568963050842
5.224624156951904
5.224698066711426
5.2472546100616455
5.2473145723342896
5.2473684549331665
5.247424483299255
5.060487985610962
5.060545444488525
5.060598015785217
5.060647964477539
4.850736975669861
4.8507925271987915
4.850843071937561
4.850893020629883
5.0589519739151
5.059011459350586
5.05906343460083
5.059113502502441
4.893122553825378
4.893187046051025
4.89324164390564
4.893293142318726
4.962907552719116
4.962964057922363
4.96301543712616
4.963065505027771
4.911399006843567
4.91145396232605
4.911505460739136
4.911556005477905
4.878492951393127
4.878549933433533
4.878602385520935
4.878651976585388
4.828668475151062
4.828725457191467
4.82877790927887
4.828827977180481
5.01635205745697
5.016412615776062
5.0164875984191895
5.016542077064514
5.065432548522949
5.065494060516357
5.06554913520813
5.065602540969849
5.154147028923035
5.154210090637207
5.154268026351929
5.154322504997253
5.068437457084656
5.068497061729431
5.068551540374756
5.068604588508606
5.323204398155212
5.323264479637146
5.323319911956787
5.323379039764404
5.395073413848877
5.3951544761657715
5.395226955413818
5.3952813148498535
5.389015555381775
5.389073014259338
5.38912558555603
5.389175057411194
4.976354360580444
4.976411938667297
4.9764649868011475
4.976513862609863
5.4628190994262695
5.462876081466675
5.4629271030426025
5.462976098060608
5.493901014328003
5.493959069252014
5.494012475013733
5.494063019752502
5.445634484291077
5.44570004940033
5.445753455162048
5.44580352306366
5.38692843914032
5.386984348297119
5.387035846710205
5.387085437774658
5.022307515144348
5.022365570068359
5.022418975830078
5.022471070289612
5.389881014823914
5.389945030212402
5.390003561973572
5.390058517456055
5.084813117980957
5.08487856388092
5.084936022758484
5.084990978240967
5.788107991218567
5.7881704568862915
5.78822648525238
5.788281440734863
5.0325340032577515
5.032594442367554
5.032647490501404
5.03269898891449
5.135882496833801
5.135939598083496
5.135991096496582
5.136074542999268
5.44212806224823
5.442183971405029
5.442235946655273
5.442289471626282
5.4108744859695435
5.410940051078796
5.410995006561279
5.411046385765076
5.34252142906189
5.34257698059082
5.342626929283142
5.3426759243011475
5.044114470481873
5.044171452522278
5.044221997261047
5.0442705154418945
5.179157018661499
5.179219484329224
5.179275989532471
5.179331541061401
5.4853514432907104
5.485415458679199
5.4854735136032104
5.48554003238678
5.663100481033325
5.6631669998168945
5.663223505020142
5.66327702999115
5.450485944747925
5.450545907020569
5.450599431991577
5.450650453567505
5.6275845766067505
5.627674579620361
5.627730488777161
5.627785086631775
5.308289885520935
5.308347821235657
5.308413863182068
5.308465361595154
5.25779402256012
5.257894992828369
5.257987022399902
5.258066415786743
5.71612012386322
5.716214537620544
5.71627950668335
5.716333031654358
5.654312014579773
5.654374599456787
5.654445052146912
5.65449845790863
5.659461498260498
5.659527063369751
5.65958309173584
5.659637451171875
5.3031065464019775
5.3031710386276245
5.303233027458191
5.303294062614441
5.594873070716858
5.5949320793151855
5.594988584518433
5.595042109489441
5.294195055961609
5.294255018234253
5.294309020042419
5.294360518455505
5.841194033622742
5.841277480125427
5.84135901927948
5.841434001922607
5.3874499797821045
5.387508034706116
5.387561559677124
5.387614011764526
5.545585513114929
5.545643448829651
5.545696496963501
5.545748472213745
5.335333466529846
5.335391521453857
5.33544647693634
5.33549952507019
5.655815482139587
5.655879020690918
5.655935525894165
5.655990123748779
5.723700046539307
5.723761558532715
5.7238160371780396
5.723869442939758
5.618932604789734
5.6190025806427
5.6190561056137085
5.619159579277039
5.861201524734497
5.861262559890747
5.861327648162842
5.8613810539245605
5.896846055984497
5.896904468536377
5.896957516670227
5.897008895874023
5.937819480895996
5.9378780126571655
5.937953948974609
5.938012480735779
6.014631986618042
6.014691114425659
6.014749050140381
6.014827132225037
5.967323541641235
5.967380046844482
5.967431545257568
5.967486023902893
5.993160605430603
5.99322247505188
5.993277072906494
5.9933295249938965
6.29824697971344
6.298303008079529
6.298356413841248
6.298406958580017
6.314119577407837
6.314179062843323
6.3142335414886475
6.314286112785339
6.279183983802795
6.2792428731918335
6.279296875
6.279347896575928
6.270122528076172
6.27018141746521
6.270236968994141
6.270289421081543
6.266319990158081
6.2663785219192505
6.266431570053101
6.2664830684661865
6.4437490701675415
6.443804979324341
6.443858027458191
6.443907976150513
6.338153004646301
6.338207006454468
6.338260054588318
6.33831000328064
6.34423041343689
6.3442864418029785
6.344340562820435
6.3443909883499146
6.337388396263123
6.337460041046143
6.3375164270401
6.33756947517395
6.302846431732178
6.302904486656189
6.303002953529358
6.303065896034241
6.268559575080872
6.268619537353516
6.2686744928359985
6.268728494644165
6.538602948188782
6.538689374923706
6.53874945640564
6.5388020277023315
6.507011532783508
6.507068037986755
6.507120490074158
6.507170557975769
6.4777175188064575
6.477778077125549
6.477832555770874
6.47788405418396
6.45800507068634
6.458065509796143
6.458121061325073
6.458173513412476
6.4426774978637695
6.442736029624939
6.44279146194458
6.442843079566956
6.55589497089386
6.555958032608032
6.556012868881226
6.556104898452759
6.509812951087952
6.509870409965515
6.509923338890076
6.509974479675293
6.451478362083435
6.45156991481781
6.4516624212265015
6.4517189264297485
6.362747550010681
6.362804055213928
6.3628575801849365
6.362908601760864
7.087136626243591
7.087193608283997
7.087246656417847
7.087298154830933
7.051456093788147
7.05151104927063
7.051563501358032
7.051616549491882
7.018587946891785
7.018643498420715
7.018696427345276
7.018747925758362
6.889604091644287
6.889661073684692
6.889714002609253
6.88976788520813
6.980653524398804
6.980711460113525
6.98076605796814
6.9808189868927
6.954337000846863
6.954393982887268
6.954449534416199
6.954503893852234
6.929358005523682
6.929414510726929
6.929467439651489
6.929520010948181
6.911793112754822
6.911849021911621
6.911903500556946
6.911957025527954
6.932660460472107
6.932717442512512
6.9327709674835205
6.932823419570923
7.012345910072327
7.01240348815918
7.012457966804504
7.012510418891907
6.8731489181518555
6.873207449913025
6.873262524604797
6.873315453529358
6.980898022651672
6.980954527854919
6.9810075759887695
6.981059551239014
6.8831974267959595
6.883253455162048
6.883307456970215
6.8833595514297485
6.8967649936676025
6.89682400226593
6.8968775272369385
6.896929979324341
6.825150966644287
6.825209975242615
6.825264573097229
6.8253175020217896
6.755873084068298
6.755929470062256
6.755982995033264
6.7560354471206665
6.910004615783691
6.910059452056885
6.910112500190735
6.9101645946502686
7.047561526298523
7.047619462013245
7.047672986984253
7.047725081443787
6.98258638381958
6.9826438426971436
6.9826979637146
6.982749938964844
6.963271975517273
6.963329911231995
6.963384985923767
6.963438510894775
6.860742926597595
6.860800504684448
6.860854506492615
6.860907554626465
6.763005971908569
6.763098478317261
6.763155937194824
6.763212442398071
6.873539924621582
6.873597025871277
6.873650550842285
6.873702526092529
6.739427447319031
6.739486455917358
6.739546060562134
6.739598989486694
6.939532995223999
6.939589500427246
6.939644932746887
6.939697504043579
6.835356593132019
6.8354140520095825
6.83548104763031
6.835549592971802
7.548409461975098
7.548469424247742
7.548529028892517
7.548582434654236
7.485488533973694
7.4855464696884155
7.485599517822266
7.485652923583984
7.453681588172913
7.453740477561951
7.453795552253723
7.4538490772247314
7.08888304233551
7.088965535163879
7.089024066925049
7.0890820026397705
7.3275134563446045
7.327573895454407
7.32763147354126
7.3276859521865845
7.283947467803955
7.284018516540527
7.284075975418091
7.2841304540634155
7.260904431343079
7.260962605476379
7.2610180377960205
7.261071443557739
6.8163100481033325
6.81636905670166
6.816424489021301
6.816483497619629
7.30491840839386
7.304976463317871
7.305031895637512
7.305110931396484
7.454260468482971
7.454318046569824
7.454373478889465
7.454427003860474
7.576213479042053
7.5762715339660645
7.576326489448547
7.576380014419556
6.962970018386841
6.9630279541015625
6.963081955909729
6.963134527206421
7.079968452453613
7.080028057098389
7.080082535743713
7.08013653755188
7.340457439422607
7.340516448020935
7.34057092666626
7.340623497962952
7.419124007225037
7.419185996055603
7.41924250125885
7.4192955493927
7.792453408241272
7.792513012886047
7.792568564414978
7.792622447013855
7.566524982452393
7.566581964492798
7.566635012626648
7.566686511039734
7.496912479400635
7.4969704151153564
7.497029423713684
7.497082471847534
6.76958703994751
6.769644498825073
6.7696990966796875
6.769781470298767
7.254519462585449
7.254575967788696
7.254629969596863
7.254683494567871
7.359498381614685
7.359557390213013
7.359612464904785
7.35966694355011
7.1046165227890015
7.104698896408081
7.10475754737854
7.104813933372498
7.400520920753479
7.4005783796310425
7.400632381439209
7.400703430175781
7.438035011291504
7.438091993331909
7.438146948814392
7.438200950622559
7.410913467407227
7.410969972610474
7.411024451255798
7.4110764265060425
7.925039052963257
7.92509663105011
7.925150036811829
7.925202012062073
7.933586955070496
7.933655500411987
7.93371045589447
7.933764457702637
7.590330004692078
7.590386986732483
7.590440988540649
7.590493559837341
7.539950489997864
7.540006518363953
7.540059447288513
7.540110468864441
7.374494433403015
7.374551892280579
7.3746068477630615
7.374659895896912
7.74456250667572
7.744619965553284
7.744673013687134
7.744724988937378
7.629922151565552
7.629978656768799
7.630032658576965
7.6300846338272095
7.926133513450623
7.926189541816711
7.926244020462036
7.92629599571228
7.762989044189453
7.763047575950623
7.763103008270264
7.76315712928772
7.737051963806152
7.737110495567322
7.737166047096252
7.737219572067261
7.814533591270447
7.8145915269851685
7.814645528793335
7.8146995306015015
7.835330128669739
7.8353880643844604
7.835441470146179
7.835494518280029
7.963788986206055
7.963846921920776
7.963901996612549
7.963954925537109
7.591531991958618
7.59158992767334
7.591644525527954
7.591696858406067
7.676861047744751
7.676919937133789
7.676974058151245
7.677027463912964
7.648473381996155
7.64853298664093
7.648587465286255
7.648641347885132
7.69950807094574
7.699567556381226
7.699646592140198
7.699703097343445
7.488895058631897
7.488954067230225
7.489007592201233
7.489060044288635
7.466856122016907
7.466979026794434
7.467041015625
7.467097997665405
7.744997978210449
7.745059013366699
7.745115518569946
7.745170474052429
7.605174541473389
7.605233907699585
7.60529100894928
7.605345010757446
7.629341006278992
7.629430055618286
7.629491567611694
7.629547119140625
7.576871395111084
7.576937437057495
7.576993942260742
7.577049493789673
7.548117518424988
7.548176527023315
7.548232078552246
7.548285603523254
7.806228518486023
7.806286573410034
7.806342005729675
7.806395530700684
7.583080887794495
7.583141446113586
7.5831968784332275
7.583250880241394
7.513352036476135
7.513410925865173
7.513467073440552
7.513520956039429
7.815381050109863
7.815440058708191
7.815500974655151
7.815556049346924
7.762009978294373
7.762068510055542
7.762125372886658
7.762179374694824
7.996451497077942
7.996511459350586
7.996568083763123
7.996622085571289
8.014454960823059
8.014512538909912
8.014572501182556
8.01462709903717
7.685569405555725
7.685630917549133
7.685686945915222
7.6857404708862305
8.062949419021606
8.063009977340698
8.063083052635193
8.063191413879395
8.069588422775269
8.069649338722229
8.069705843925476
8.069760918617249
8.041090488433838
8.041149973869324
8.041206359863281
8.041263461112976
7.826053977012634
7.826112985610962
7.826169967651367
7.826225399971008
8.176164150238037
8.17622458934784
8.176281571388245
8.176337599754333
8.118885517120361
8.118955969810486
8.11901307106018
8.119068026542664
8.070449113845825
8.070510149002075
8.070566058158875
8.070621013641357
8.027591943740845
8.027652859687805
8.027708888053894
8.02776288986206
7.984305381774902
7.9843668937683105
7.984423995018005
7.984479546546936
7.953599572181702
7.953659534454346
7.953715562820435
7.9537705183029175
8.233934044837952
8.233992457389832
8.234048008918762
8.23410451412201
8.110111474990845
8.110171437263489
8.110227942466736
8.11028242111206
8.05058753490448
8.050647139549255
8.050704598426819
8.05076003074646
8.299085021018982
8.29914402961731
8.299206972122192
8.299262046813965
8.36707592010498
8.367137908935547
8.367194533348083
8.36724853515625
8.698241472244263
8.698303580284119
8.698361039161682
8.698413491249084
8.722714900970459
8.722799897193909
8.722869396209717
8.72292447090149
8.678079605102539
8.67814302444458
8.678200483322144
8.678253054618835
8.677367925643921
8.677427053451538
8.67748248577118
8.677603483200073
8.65989065170288
8.659951567649841
8.660008072853088
8.660060048103333
8.643792033195496
8.643852591514587
8.643934488296509
8.643988966941833
8.585048913955688
8.585108995437622
8.58516550064087
8.585216999053955
8.760159015655518
8.76024043560028
8.76030147075653
8.760410904884338
8.728144526481628
8.728205919265747
8.728261947631836
8.728314876556396
8.722144961357117
8.72220492362976
8.722262024879456
8.722312927246094
8.688902974128723
8.688962459564209
8.689018964767456
8.689070463180542
8.935803055763245
8.935862064361572
8.935917615890503
8.935969591140747
8.904357552528381
8.904417634010315
8.904473066329956
8.904524087905884
8.873865962028503
8.873926997184753
8.873983144760132
8.874035596847534
8.847723960876465
8.847781419754028
8.847838878631592
8.847890973091125
8.81471049785614
8.814770936965942
8.814847469329834
8.814911961555481
8.796921491622925
8.79697847366333
8.797060012817383
8.797126412391663
8.96718692779541
8.967243909835815
8.96730101108551
8.967353463172913
8.91697347164154
8.917034983634949
8.917096018791199
8.91714859008789
8.868291974067688
8.868353009223938
8.86841344833374
8.868466973304749
9.304444551467896
9.304507493972778
9.304566025733948
9.304623007774353
9.241029143333435
9.241089105606079
9.241146087646484
9.241198182106018
9.378464937210083
9.378524422645569
9.378584027290344
9.378636598587036
9.348796010017395
9.34885549545288
9.348915457725525
9.348968505859375
9.392037034034729
9.392099022865295
9.3921560049057
9.392207980155945
9.36320149898529
9.363261461257935
9.363320469856262
9.363371968269348
9.453454494476318
9.45351254940033
9.45357096195221
9.453623533248901
9.4700026512146
9.470060586929321
9.470117092132568
9.470168471336365
9.432727575302124
9.432785034179688
9.432840943336487
9.43289303779602
9.362951517105103
9.363010883331299
9.363069415092468
9.363122344017029
9.334391474723816
9.334450006484985
9.334507942199707
9.334560513496399
9.510681986808777
9.510740637779236
9.510804057121277
9.510886549949646
9.447850465774536
9.447908997535706
9.447965025901794
9.44801652431488
9.40801453590393
9.408073902130127
9.408132910728455
9.408185362815857
9.53319251537323
9.533252477645874
9.533308982849121
9.533360481262207
9.45178747177124
9.451847910881042
9.451905488967896
9.451957941055298
9.662845969200134
9.66290545463562
9.663013935089111
9.663101434707642
9.455961346626282
9.456025838851929
9.456085443496704
9.456138372421265
9.591436505317688
9.591495990753174
9.591553092002869
9.591607093811035
9.742791652679443
9.742856621742249
9.742915034294128
9.74302053451538
9.558531999588013
9.558589935302734
9.558645486831665
9.558698534965515
9.506839036941528
9.506927013397217
9.506984114646912
9.50703501701355
9.623024940490723
9.623085379600525
9.623142004013062
9.623193860054016
9.403200626373291
9.403261184692383
9.403317093849182
9.40336811542511
9.366434454917908
9.366495490074158
9.366557955741882
9.366610884666443
9.574529528617859
9.57459008693695
9.57464849948883
9.574701070785522
9.64952039718628
9.649579882621765
9.649636387825012
9.649688363075256
9.880789399147034
9.880850911140442
9.880908489227295
9.880960464477539
10.127341985702515
10.127401471138
10.127457976341248
10.12751054763794
10.068673491477966
10.06873095035553
10.068786978721619
10.068838477134705
9.760320544242859
9.76037847995758
9.760434627532959
9.760485053062439
9.528723001480103
9.528782486915588
9.528838515281677
9.528890013694763
9.530344486236572
9.53040599822998
9.53046202659607
9.530514001846313
9.527704000473022
9.527764916419983
9.527822017669678
9.527873516082764
9.935438513755798
9.935499548912048
9.93555748462677
9.935609579086304
9.944610595703125
9.944672584533691
9.944730520248413
9.944782018661499
9.911113023757935
9.911173462867737
9.911231517791748
9.911284565925598
9.9323810338974
9.932441592216492
9.932517051696777
9.93256950378418
9.884364485740662
9.884425520896912
9.884481430053711
9.884532928466797
9.843977928161621
9.84403645992279
9.844092965126038
9.844144463539124
9.92302656173706
9.923088073730469
9.923146486282349
9.923197984695435
9.597343444824219
9.597404479980469
9.597460985183716
9.597512602806091
9.801223993301392
9.801287531852722
9.801349997520447
9.80140244960785
9.79408597946167
9.794147491455078
9.794206619262695
9.794259071350098
9.849136471748352
9.849198460578918
9.849255084991455
9.8493070602417
9.804117441177368
9.804176926612854
9.804235577583313
9.804287075996399
9.884920954704285
9.88498306274414
9.885041952133179
9.885095000267029
9.785275101661682
9.785337567329407
9.785398006439209
9.785452008247375
10.193778038024902
10.193840980529785
10.193901062011719
10.193955063819885
10.25165605545044
10.251718521118164
10.25177800655365
10.251832008361816
10.264464974403381
10.264525532722473
10.264583468437195
10.264636516571045
10.290696024894714
10.290787935256958
10.290876030921936
10.290946006774902
9.731941103935242
9.732034087181091
9.73209798336029
9.732205510139465
10.235158920288086
10.23523199558258
10.235373973846436
10.235436916351318
10.15280294418335
10.152863025665283
10.152933597564697
10.153010964393616
9.929194450378418
9.92925751209259
9.929347515106201
9.929404973983765
9.90746009349823
9.907523512840271
9.907582521438599
9.90763545036316
9.912928581237793
9.912991046905518
9.913050532341003
9.91310453414917
9.8727205991745
9.872781038284302
9.872839570045471
9.872893571853638
9.959315538406372
9.959376096725464
9.959438562393188
9.959491610527039
10.216071486473083
10.216134548187256
10.216193556785583
10.216246962547302
9.943159103393555
9.94322156906128
9.943282008171082
9.943336129188538
10.215242505073547
10.215306520462036
10.21536409854889
10.21541702747345
10.19206702709198
10.19212806224823
10.19218909740448
10.192242503166199
10.1560959815979
10.156159043312073
10.15621793270111
10.156271576881409
9.993878483772278
9.993948936462402
9.994011998176575
9.9940664768219
10.743651509284973
10.743718028068542
10.743777990341187
10.743832111358643
10.304440379142761
10.30450189113617
10.3045734167099
10.304643511772156
10.464961051940918
10.465052008628845
10.465117573738098
10.465177655220032
10.472207427024841
10.472272038459778
10.472333431243896
10.472388505935669
10.020341873168945
10.02040433883667
10.020463824272156
10.020517349243164
10.539199471473694
10.539262056350708
10.53931999206543
10.539373517036438
10.427667021751404
10.427730560302734
10.427789568901062
10.427843570709229
10.827426433563232
10.827488899230957
10.827546954154968
10.827600002288818
10.5654855966568
10.565547585487366
10.565606594085693
10.565659999847412
10.514973998069763
10.515036463737488
10.51509439945221
10.515147924423218
10.365830898284912
10.365893959999084
10.365957975387573
10.366083025932312
10.181841492652893
10.181903004646301
10.181963086128235
10.182016491889954
10.786198019981384
10.786261081695557
10.786335110664368
10.786390542984009
10.696864485740662
10.696948885917664
10.69705843925476
10.697194457054138
10.69229507446289
10.692357063293457
10.692417621612549
10.69251811504364
10.696779608726501
10.696842551231384
10.696901082992554
10.696954607963562
10.67408549785614
10.674145936965942
10.674203991889954
10.6742684841156
10.639575958251953
10.639638543128967
10.639697432518005
10.639751315116882
10.561921000480652
10.56198251247406
10.562039971351624
10.562093019485474
10.517465472221375
10.517527103424072
10.5175861120224
10.517639517784119
10.493510961532593
10.493623852729797
10.493698477745056
10.493757486343384
10.694239974021912
10.694303512573242
10.694365501403809
10.694419503211975
10.505585432052612
10.505648016929626
10.505707025527954
10.505760908126831
10.764616966247559
10.764679908752441
10.764739513397217
10.764793992042542
10.68048095703125
10.680552005767822
10.680617928504944
10.680672526359558
10.677270650863647
10.677334547042847
10.67750358581543
10.677563190460205
10.957647562026978
10.957727074623108
10.957788586616516
10.957852959632874
11.035675406455994
11.035737991333008
11.035796403884888
11.035849928855896
11.01792860031128
11.017990112304688
11.018049597740173
11.01810359954834
10.970269918441772
10.970332980155945
10.97039258480072
10.970446467399597
10.930098414421082
10.930159330368042
10.93021845817566
10.930272459983826
10.899072051048279
10.899132370948792
10.899190545082092
10.899243950843811
11.021749019622803
11.02181100845337
11.021871566772461
11.021926045417786
10.957059025764465
10.957119107246399
10.957181096076965
10.957234025001526
11.047364473342896
11.047426462173462
11.047484993934631
11.047568559646606
11.010889053344727
11.010972499847412
11.0110365152359
11.01109254360199
10.970047950744629
10.97010850906372
10.970165967941284
10.970218539237976
10.919551610946655
10.919613003730774
10.919670701026917
10.919724106788635
10.862295389175415
10.862357020378113
10.862415552139282
10.86246943473816
10.99841558933258
10.998475074768066
10.99853253364563
10.99858558177948
11.28622305393219
11.286285996437073
11.286345958709717
11.286400437355042
11.258939027786255
11.259000062942505
11.259058594703674
11.259111523628235
11.223935961723328
11.223996043205261
11.224054098129272
11.22410762310028
11.185189008712769
11.18529498577118
11.18535852432251
11.185413599014282
11.282773494720459
11.282836437225342
11.282896041870117
11.282950520515442
11.240402460098267
11.240479826927185
11.240541815757751
11.240596413612366
11.19379198551178
11.193856000900269
11.193917393684387
11.19397246837616
11.16298508644104
11.163046479225159
11.163136601448059
11.163195133209229
11.083835482597351
11.08389699459076
11.08395504951477
11.084007978439331
11.41311252117157
11.413174033164978
11.413232564926147
11.413285970687866
11.349973440170288
11.350036382675171
11.350096464157104
11.350150465965271
11.265604496002197
11.265667915344238
11.265726923942566
11.265780568122864
11.427342891693115
11.42740249633789
11.42746090888977
11.42751395702362
11.38538408279419
11.385448575019836
11.38550853729248
11.385562062263489
11.336928009986877
11.336987376213074
11.337046027183533
11.33709990978241
11.292288422584534
11.292350053787231
11.292407989501953
11.292461514472961
11.327952980995178
11.328015923500061
11.328076004981995
11.328129887580872
11.491228461265564
11.491291999816895
11.491351008415222
11.491405487060547
11.447967052459717
11.448035478591919
11.448095440864563
11.44814908504486
11.667858958244324
11.66792094707489
11.66797935962677
11.668058514595032
11.626151442527771
11.62621295452118
11.626282453536987
11.626370549201965
11.583290934562683
11.583352446556091
11.583411455154419
11.583464980125427
11.547460556030273
11.547523379325867
11.547582030296326
11.547634959220886
11.500080943107605
11.500142455101013
11.500236511230469
11.500293970108032
11.45258641242981
11.452648878097534
11.45270836353302
11.452761888504028
12.026639461517334
12.026700496673584
12.026757955551147
12.026811957359314
11.952553033828735
11.95261549949646
11.952674508094788
11.952728033065796
12.210748076438904
12.210812091827393
12.21087098121643
12.210924506187439
12.199060082435608
12.199120998382568
12.199178576469421
12.199231505393982
12.214255094528198
12.214316487312317
12.214375495910645
12.2144296169281
12.217511057853699
12.217572569847107
12.217630982398987
12.217684984207153
12.168169498443604
12.168228387832642
12.168285489082336
12.168338537216187
12.13938558101654
12.139446496963501
12.1395103931427
12.139564037322998
12.134122490882874
12.134183526039124
12.134241461753845
12.134294509887695
12.048410892486572
12.04849398136139
12.048555493354797
12.048610925674438
12.702818989753723
12.702882409095764
12.702938437461853
12.702996492385864
12.709715366363525
12.709807872772217
12.709903955459595
12.709962844848633
12.69954264163971
12.699612617492676
12.699703574180603
12.699789047241211
12.687008023262024
12.68708050251007
12.687200427055359
12.68736445903778
12.70657742023468
12.706639885902405
12.706695437431335
12.706801414489746
12.816641569137573
12.816847085952759
12.816976547241211
12.817070484161377
12.7881920337677
12.78831398487091
12.788393139839172
12.788451075553894
12.877873539924622
12.87793493270874
12.877990007400513
12.878065466880798
12.826995015144348
12.827065467834473
12.827119946479797
12.827172040939331
12.786648035049438
12.786709070205688
12.78676438331604
12.78681755065918
13.060324430465698
13.060385465621948
13.060439467430115
13.060495376586914
13.007604956626892
13.007667422294617
13.0077223777771
13.007774353027344
12.968151450157166
12.968214988708496
12.968271493911743
12.968324065208435
12.926941394805908
12.927028894424438
12.927147388458252
12.92720890045166
12.813719511032104
12.813790917396545
12.813889980316162
12.813963055610657
12.729080557823181
12.72916305065155
12.729253649711609
12.729361057281494
12.82715904712677
12.827220916748047
12.82727599143982
12.827328443527222
12.674708485603333
12.674768447875977
12.674822568893433
12.674875020980835
12.902953028678894
12.903014898300171
12.903070449829102
12.903123021125793
12.75707197189331
12.757133960723877
12.75722849369049
12.75728690624237
12.817429065704346
12.817491173744202
12.817546010017395
12.817598581314087
12.658996939659119
12.659057378768921
12.659111499786377
12.65916395187378
12.98232901096344
12.982391476631165
12.982447504997253
12.982500553131104
12.769806027412415
12.769867062568665
12.769923686981201
12.769980669021606
13.149748921394348
13.14981210231781
13.149866938591003
13.149920582771301
13.150630950927734
13.150701999664307
13.150907039642334
13.150994420051575
13.105705499649048
13.105767488479614
13.105822086334229
13.105875015258789
12.821963548660278
12.822115540504456
12.822304606437683
12.822416067123413
12.828407406806946
12.828468441963196
12.828523874282837
12.828576445579529
13.449693441390991
13.449760913848877
13.449817419052124
13.449872016906738
13.428948044776917
13.429009556770325
13.429065108299255
13.429117560386658
13.22628903388977
13.226351976394653
13.226406455039978
13.226458430290222
13.04159688949585
13.041659951210022
13.041715383529663
13.041767954826355
12.883909463882446
12.88400650024414
12.884066462516785
12.884120464324951
13.362012505531311
13.362075090408325
13.36212956905365
13.362183094024658
13.333964467048645
13.334026455879211
13.334081888198853
13.334134459495544
13.240342020988464
13.240405082702637
13.240460634231567
13.240514039993286
13.630734920501709
13.630820393562317
13.63087785243988
13.630963444709778
13.617445468902588
13.617506980895996
13.617563009262085
13.617616415023804
13.255042433738708
13.255106925964355
13.255162477493286
13.255215525627136
12.869898915290833
12.86996042728424
12.870025992393494
12.870115041732788
13.39341688156128
13.39348042011261
13.393536448478699
13.39358937740326
12.938174366950989
12.938236951828003
12.938291907310486
12.938352465629578
13.362267017364502
13.362329006195068
13.362388968467712
13.362441897392273
13.8110271692276
13.811087608337402
13.811141610145569
13.811194062232971
13.80073344707489
13.800794959068298
13.800849080085754
13.800901055335999
13.731867551803589
13.731930017471313
13.731984972953796
13.732037544250488
13.408137559890747
13.40821397304535
13.40827202796936
13.408325552940369
13.349714040756226
13.349775552749634
13.349833488464355
13.349886536598206
13.432663559913635
13.43272602558136
13.432782053947449
13.432839035987854
13.664497017860413
13.664561033248901
13.664682507514954
13.664739966392517
13.44700801372528
13.4470694065094
13.447126388549805
13.4472074508667
13.390950441360474
13.39101243019104
13.391067028045654
13.391119003295898
13.508858442306519
13.508920073509216
13.508974432945251
13.509026408195496
13.555797934532166
13.555861473083496
13.555917501449585
13.555970430374146
13.487356662750244
13.487420558929443
13.487476587295532
13.487529635429382
13.51112711429596
13.511189579963684
13.51124656200409
13.511301159858704
13.469598054885864
13.469658493995667
13.469711542129517
13.469763040542603
13.30874502658844
13.308808088302612
13.308863997459412
13.308922052383423
13.943153023719788
13.94321358203888
13.94326913356781
13.943321585655212
13.896023392677307
13.896101474761963
13.89617145061493
13.896227478981018
14.16731059551239
14.167375445365906
14.167447447776794
14.167661428451538
13.85572898387909
13.855788588523865
13.855842590332031
13.855895519256592
13.889490604400635
13.889553189277649
13.889607548713684
13.889659643173218
14.016049027442932
14.016109943389893
14.016165494918823
14.016219854354858
13.838013529777527
13.838075399398804
13.838129997253418
13.838181972503662
13.388192415237427
13.388255953788757
13.388311862945557
13.388364911079407
13.948199987411499
13.948259592056274
13.9483140707016
13.948366522789001
13.580572485923767
13.580634951591492
13.580690503120422
13.580746531486511
13.549181938171387
13.549243927001953
13.549299001693726
13.549351453781128
13.79428505897522
13.79434847831726
13.794404029846191
13.794456958770752
13.778612613677979
13.778674602508545
13.778729438781738
13.778781533241272
13.861752986907959
13.861815929412842
13.861871480941772
13.861924409866333
13.762977004051208
13.763038992881775
13.763093113899231
13.763146042823792
13.59879207611084
13.598854541778564
13.59890902042389
13.598960995674133
13.549114465713501
13.549178123474121
13.549235463142395
13.549288034439087
14.229906916618347
14.229969501495361
14.230023980140686
14.230076909065247
13.975932002067566
13.975995063781738
13.976051568984985
13.976112604141235
14.093559503555298
14.093692421913147
14.093772411346436
14.093829989433289
13.852227926254272
13.85229241847992
13.852348446846008
13.85240089893341
13.823089599609375
13.823149561882019
13.823203921318054
13.823256492614746
14.093637108802795
14.09369957447052
14.093754529953003
14.0938081741333
13.768738985061646
13.768799066543579
13.768852472305298
13.768904447555542
14.009446024894714
14.009508609771729
14.009591579437256
14.009652972221375
14.012788534164429
14.012850403785706
14.012905478477478
14.01295793056488
14.509865403175354
14.50992751121521
14.50998306274414
14.510035991668701
14.24522054195404
14.245283007621765
14.245339035987854
14.24539303779602
14.445711016654968
14.445773482322693
14.445829033851624
14.445881009101868
14.223721385002136
14.223785519599915
14.223841428756714
14.223894953727722
14.022824883460999
14.022885918617249
14.02294147014618
14.022993922233582
14.254806518554688
14.254870057106018
14.254926085472107
14.254979014396667
14.233137488365173
14.233198046684265
14.23325252532959
14.233336448669434
14.198453903198242
14.198517441749573
14.198572993278503
14.198625922203064
14.169402837753296
14.16946542263031
14.169520854949951
14.16957402229309
14.131837010383606
14.13189947605133
14.131954431533813
14.132007479667664
14.277166485786438
14.27722954750061
14.2772855758667
14.277340054512024
14.24447751045227
14.244536519050598
14.244590640068054
14.24464201927185
14.162046074867249
14.162107586860657
14.162161946296692
14.162214517593384
14.456048488616943
14.456109404563904
14.45616352558136
14.456216931343079
14.46175241470337
14.461814403533936
14.461909890174866
14.461971998214722
14.553283452987671
14.553344964981079
14.553399920463562
14.553452491760254
14.527717590332031
14.527815461158752
14.527883052825928
14.52793800830841
14.52485704421997
14.524919629096985
14.524974584579468
14.525026559829712
14.488638997077942
14.488699078559875
14.488753080368042
14.488804578781128
14.475237488746643
14.475300908088684
14.475362539291382
14.475417494773865
14.35192060470581
14.351982593536377
14.35203742980957
14.352090001106262
14.303215146064758
14.303276538848877
14.30333161354065
14.303384065628052
14.651107907295227
14.651171565055847
14.651227951049805
14.651281476020813
14.589970111846924
14.590031504631042
14.590086579322815
14.590139031410217
14.525381445884705
14.525444388389587
14.525499939918518
14.52555239200592
14.645161628723145
14.645223140716553
14.645277619361877
14.64533007144928
14.694936513900757
14.694996953010559
14.695051550865173
14.695104479789734
14.653352975845337
14.653413891792297
14.653468489646912
14.653520941734314
14.62632405757904
14.626384019851685
14.626438617706299
14.626491069793701
14.569445013999939
14.569507956504822
14.569563031196594
14.569615602493286
14.912795066833496
14.912856459617615
14.912912011146545
14.912965416908264
14.882066011428833
14.882127046585083
14.882181525230408
14.882233023643494
14.843156933784485
14.843217492103577
14.843271374702454
14.843323945999146
14.801299929618835
14.801360845565796
14.80141544342041
14.80146837234497
14.772442102432251
14.772503137588501
14.772557973861694
14.77261197566986
14.723138928413391
14.723235011100769
14.723293423652649
14.723347544670105
14.761677622795105
14.761740565299988
14.761796116828918
14.76184856891632
14.691252946853638
14.691312432289124
14.691368579864502
14.691421031951904
14.539427042007446
14.53948712348938
14.539541482925415
14.539593935012817
14.485551476478577
14.485613584518433
14.485669016838074
14.485721468925476
