3.020207852125168
3.137652963399887
3.2246108949184418
3.3394701182842255
3.5798002779483795
3.7197178304195404
3.8597452044487
4.02249276638031
4.22228878736496
4.489625006914139
4.657002836465836
4.8899151384830475
5.073179662227631
5.181713819503784
5.307600528001785
5.485719293355942
5.5618491768836975
5.644801080226898
5.653464436531067
5.716813623905182
5.737925112247467
5.744496762752533
5.7803826332092285
5.77996152639389
5.858126163482666
5.9549524784088135
5.969231873750687
5.9945133328437805
6.007513612508774
5.983927249908447
5.983328014612198
6.068875312805176
6.142245978116989
6.199050635099411
6.2387469708919525
6.2701341807842255
6.324303478002548
6.347873628139496
6.453068763017654
6.559354215860367
6.55839878320694
6.621701538562775
6.677515506744385
6.733462154865265
6.672938972711563
6.7251593470573425
6.823305398225784
6.806441932916641
6.834312051534653
6.903512090444565
6.881598800420761
6.847822517156601
6.942815661430359
6.904285490512848
7.0441383719444275
7.149126023054123
7.117669224739075
7.153427809476852
7.181368142366409
7.390485346317291
7.475837230682373
7.671238511800766
7.655429005622864
7.728241115808487
7.732177257537842
7.762862712144852
7.802761256694794
7.880370140075684
7.91324770450592
7.9392911195755005
7.956061154603958
7.945123136043549
7.978363990783691
8.021751374006271
8.17688113451004
8.157087504863739
8.19261509180069
8.243419110774994
8.231401473283768
8.320638418197632
8.30698212981224
8.594606339931488
8.715453267097473
8.698164492845535
8.73119255900383
8.828195184469223
8.911432921886444
8.871306508779526
8.975901305675507
8.945817470550537
8.990790843963623
9.048170149326324
9.00730213522911
9.019822090864182
9.05333811044693
9.164910733699799
9.199778825044632
9.2087621986866
9.2283815741539
9.44334402680397
9.334186464548111
9.717068642377853
9.66564428806305
9.614930808544159
9.725745648145676
9.921128004789352
10.091007262468338
10.144346475601196
10.163432836532593
10.175021231174469
10.18492242693901
10.193901091814041
10.216437131166458
10.252285748720169
10.261687129735947
10.278006613254547
10.339756518602371
10.346350103616714
10.358419984579086
10.364831268787384
10.38129135966301
10.389336436986923
10.39316725730896
10.392344385385513
