-1.0
4965.5
-1.0
4865.5
-1.0
5480.5
-1.0
6884.0
-1.0
7150.5
-1.0
7050.5
-1.0
7040.0
-1.0
7053.0
-1.0
6953.0
-1.0
7357.5
-1.0
7763.5
-1.0
7663.5
-1.0
8180.5
-1.0
8122.5
-1.0
8022.5
-1.0
8106.0
-1.0
8020.5
-1.0
7957.5
-1.0
7879.0
-1.0
7802.0
-1.0
7800.5
-1.0
7951.5
-1.0
7957.0
-1.0
7960.5
-1.0
7927.0
-1.0
7875.0
-1.0
7792.0
-1.0
7835.5
-1.0
7836.5
-1.0
7736.5
-1.0
8013.0
-1.0
7913.0
-1.0
7950.5
-1.0
7899.0
-1.0
7979.0
-1.0
7964.0
-1.0
7891.0
-1.0
7860.5
-1.0
7760.5
-1.0
7853.0
-1.0
7829.0
-1.0
7832.0
-1.0
7890.5
-1.0
7994.5
-1.0
7943.5
-1.0
7948.0
-1.0
8084.5
-1.0
8130.5
-1.0
8194.5
-1.0
8471.5
6795.0
8608.0
13537.5
8606.0
13481.5
8641.5
13519.0
8777.5
13509.5
8866.0
13409.5
8866.0
13435.0
9005.5
13532.5
9210.5
13670.0
9445.0
14015.0
9736.5
14075.5
10061.5
14140.0
10221.5
14040.0
10221.5
14177.5
10340.0
14194.0
10510.5
14094.0
10573.0
14012.0
10580.0
13928.5
10594.5
13893.0
10672.0
13982.0
10833.0
13978.5
10955.0
13878.5
10955.0
13778.5
10990.5
13879.5
11110.0
14001.0
11360.5
14008.0
11525.5
14041.0
11592.5
13941.0
11642.5
14044.5
11801.0
13944.5
11801.0
13903.0
11908.5
13934.5
11994.5
13958.5
12103.5
13940.5
12288.0
13921.5
12288.0
13821.5
12288.0
13746.0
12329.5
13843.0
12506.5
13998.5
12760.5
13987.5
12812.0
14260.5
13274.5
14668.0
13765.0
14702.0
13765.0
14741.5
14012.0
14917.0
14274.5
14935.0
14549.0
15097.5
14549.0
14997.5
14693.5
14973.0
14693.5
14955.0
14817.0
14923.5
14898.5
14864.0
14914.0
14896.0
14864.0
14962.0
14878.5
15091.5
15008.5
15195.0
15082.0
15330.5
14982.0
15330.5
14891.5
15514.5
15057.5
15624.5
15139.5
15799.5
15039.5
15799.5
14974.5
15810.0
14954.0
15869.0
14854.0
15897.0
14802.5
16121.0
14968.0
16236.5
14936.5
16363.5
14915.0
16596.5
15093.0
16673.0
15177.5
16906.0
15197.5
17119.5
15267.0
17069.5
15392.0
17047.5
15342.0
17007.0
15307.5
17271.5
15494.5
17389.5
15616.0
17524.0
15946.5
17634.5
15896.5
17759.0
16184.5
18012.5
16390.0
18027.0
16377.0
17957.5
16453.5
17895.0
16453.5
17795.0
16453.5
17747.0
16542.0
17813.5
16782.5
17830.5
16782.5
17755.0
16782.5
17905.5
17033.0
18088.0
17346.5
18209.5
17579.5
18112.5
17583.5
18012.5
17583.5
17912.5
17583.5
17822.0
17574.0
17772.0
17524.0
17722.0
17474.0
17672.0
17424.0
17622.0
17374.0
17572.0
17324.0
17522.0
17274.0
17434.0
17262.0
17334.0
17262.0
17252.5
17243.5
17202.5
17193.5
17141.0
17155.0
17097.0
17099.0
17097.0
16999.0
17059.5
16936.5
17009.5
16886.5
16959.5
16836.5
16909.5
16786.5
16859.5
16736.5
16839.5
16656.5
16836.5
16559.5
16773.0
16523.0
16673.0
16523.0
16595.0
16501.0
16545.0
16451.0
16495.0
16401.0
16445.0
16351.0
16395.0
16301.0
16345.0
16251.0
16295.0
16201.0
16245.0
16151.0
16195.0
16101.0
16145.0
16051.0
16091.0
16005.0
16010.5
15985.5
15960.5
15935.5
15910.5
15885.5
15860.5
15835.5
15810.5
15785.5
15771.5
15724.5
15771.5
15624.5
15722.0
15574.0
15625.5
15570.5
15575.5
15520.5
15499.0
15497.0
15474.5
15421.5
15474.5
15321.5
15405.0
15291.0
15305.0
15291.0
15257.0
15239.0
15218.5
15177.5
15169.0
15127.0
15099.5
15096.5
15047.0
15049.0
15026.5
14969.5
14995.5
14900.5
14895.5
14900.5
14867.0
14829.0
14822.0
14774.0
14756.0
14740.0
14698.5
14697.5
14657.0
14639.0
14618.0
14578.0
14551.5
14544.5
14504.0
14492.0
14486.5
14409.5
14434.5
14361.5
14338.5
14357.5
14288.5
14307.5
14279.0
14217.0
14229.0
14167.0
14150.5
14145.5
14090.0
14106.0
14066.0
14030.0
14056.0
13940.0
14006.0
13890.0
13912.0
13884.0
13849.5
13846.5
13819.0
13777.0
13752.5
13743.5
13702.5
13693.5
13657.5
13638.5
13627.0
13569.0
13577.0
13519.0
13507.5
13488.5
13472.5
13423.5
13407.0
13389.0
13407.0
13289.0
13330.0
13266.0
13250.0
13246.0
13220.5
13175.5
13192.5
13103.5
13116.5
13079.5
13051.0
13045.0
12988.5
13007.5
12977.5
12918.5
12927.5
12868.5
12877.5
12818.5
12801.0
12795.0
12751.0
12745.0
12701.0
12695.0
12676.5
12619.5
12599.0
12597.0
12550.5
12545.5
12499.5
12496.5
12460.0
12436.0
12412.0
12384.0
12412.0
12284.0
12412.0
12184.0
12412.0
12084.0
12329.5
12066.5
12229.5
12066.5
12129.5
12066.5
12057.5
12038.5
12057.5
11938.5
12057.5
11838.5
12057.5
11738.5
11967.5
11728.5
11867.5
11728.5
11767.5
11728.5
11728.5
11667.5
11728.5
11567.5
11728.5
11467.5
11728.5
11367.5
11672.5
11323.5
11572.5
11323.5
11472.5
11323.5
11372.5
11323.5
11296.5
11299.5
11241.5
11254.5
11197.0
11199.0
11145.0
11151.0
11100.0
11096.0
11053.0
11043.0
10997.5
10998.5
10945.5
10950.5
10902.0
10894.0
10845.0
10851.0
10794.5
10801.5
10744.5
10751.5
10707.5
10688.5
10657.5
10638.5
10599.5
10596.5
10499.5
10596.5
10399.5
10596.5
10380.5
10515.5
10380.5
10415.5
10361.0
10335.0
10311.0
10285.0
10261.0
10235.0
10211.5
10184.5
10161.5
10134.5
10111.5
10084.5
10061.5
10034.5
10004.0
9992.0
9954.0
9942.0
9904.0
9892.0
9857.0
9839.0
9807.0
9789.0
9757.0
9739.0
9703.5
9692.5
9653.5
9642.5
9606.0
9590.0
9559.0
9537.0
9509.0
9487.0
9445.0
9451.0
9406.0
9390.0
9346.5
9349.5
9298.5
9297.5
9247.0
9249.0
9192.5
9203.5
9138.0
9158.0
9096.0
9100.0
9057.5
9038.5
9007.5
8988.5
8983.0
8913.0
8897.0
8899.0
8897.0
8799.0
8878.0
8718.0
8795.5
8700.5
8700.5
8695.5
8667.5
8628.5
8667.5
8528.5
8630.5
8465.5
8530.5
8465.5
8454.5
8441.5
8442.0
8354.0
8342.0
8354.0
8304.0
8292.0
8280.0
8216.0
8190.5
8205.5
8190.5
8105.5
8152.5
8043.5
8052.5
8043.5
8006.0
7990.0
7944.0
7952.0
7944.0
7852.0
7870.0
7826.0
7804.0
7792.0
7804.0
7692.0
7754.5
7641.5
7654.5
7641.5
7599.0
7597.0
7596.0
7500.0
7538.5
7457.5
7438.5
7457.5
7386.0
7410.0
7341.0
7355.0
7291.0
7305.0
7250.0
7246.0
7242.5
7153.5
7178.5
7117.5
7097.0
7099.0
7075.0
7021.0
7075.0
6921.0
7046.0
6850.0
6975.5
6820.5
6875.5
6820.5
6776.5
6819.5
6727.0
6769.0
6727.0
6669.0
6727.0
6569.0
6691.5
6504.5
6606.5
6489.5
6506.5
6489.5
6406.5
6489.5
6345.5
6450.5
6327.5
6368.5
6327.5
6268.5
6292.5
6203.5
6231.5
6164.5
6132.5
6163.5
6082.5
6113.5
6060.5
6035.5
6050.5
5945.5
5978.5
5917.5
5878.5
5917.5
5809.5
5886.5
5792.0
5804.0
5777.0
5719.0
5727.0
5669.0
5641.0
5655.0
5588.0
5608.0
5538.0
5558.0
5516.5
5479.5
5466.5
5429.5
5415.5
5380.5
5337.0
5359.0
5287.0
5309.0
5247.0
5249.0
5189.5
5206.5
5152.5
5143.5
5102.0
5094.0
5052.0
5044.0
5002.0
4994.0
4949.5
4946.5
4907.0
4889.0
4857.0
4839.0
4804.5
4791.5
4752.5
4743.5
4702.5
4693.5
4659.0
4637.0
4595.0
4601.0
4538.5
4557.5
4497.0
4499.0
4448.5
4447.5
4398.5
4397.5
4340.5
4355.5
4290.5
4305.5
4236.0
4260.0
4186.0
4210.0
4153.5
4142.5
4103.5
4092.5
4061.5
4034.5
4010.0
3986.0
3955.0
3941.0
3903.0
3893.0
3847.0
3849.0
3794.0
3802.0
3733.0
3763.0
3683.0
3713.0
3656.5
3639.5
3606.5
3589.5
3546.0
3550.0
3489.0
3507.0
3439.0
3457.0
3396.0
3400.0
3346.0
3350.0
3299.0
3297.0
3249.0
3247.0
3197.5
3198.5
3147.5
3148.5
3103.5
3092.5
3053.5
3042.5
2994.0
3002.0
2944.0
2952.0
2894.0
2902.0
2846.0
2850.0
2796.0
2800.0
2718.5
2777.5
2647.0
2749.0
2628.0
2668.0
2598.0
2598.0
2530.5
2565.5
2460.0
2536.0
2386.5
2509.5
2336.5
2459.5
2286.5
2409.5
2271.0
2325.0
2221.0
2275.0
2171.0
2225.0
2117.5
2178.5
2054.5
2141.5
2004.5
2091.5
1954.5
2041.5
1913.5
1982.5
1863.5
1932.5
1813.5
1882.5
1763.5
1832.5
1747.5
1748.5
1697.5
1698.5
1647.5
1648.5
1567.5
1628.5
1508.5
1587.5
1458.5
1537.5
1410.0
1486.0
1387.5
1408.5
1337.5
1358.5
1285.0
1311.0
1232.5
1263.5
1183.5
1212.5
1145.0
1151.0
1088.5
1107.5
1033.0
1063.0
991.5
1004.5
941.5
954.5
884.0
912.0
834.0
862.0
784.0
812.0
744.5
751.5
687.0
709.0
641.0
655.0
572.0
624.0
520.5
575.5
474.0
522.0
448.0
448.0
398.0
398.0
341.0
355.0
293.0
303.0
243.0
253.0
189.5
206.5
155.5
140.5
155.5
40.5
94.0
2.0
-2.0
-2.0
