0.9781724214553833
0.9782624244689941
0.9719089269638062
0.9719679355621338
0.9950311183929443
0.9950945377349854
1.005507469177246
1.0055665969848633
1.0003869533538818
1.0004464387893677
1.0070279836654663
1.0070888996124268
1.0268830060958862
1.0269640684127808
1.0485291481018066
1.0485855340957642
1.0849084854125977
1.0849649906158447
1.0888699293136597
1.0889275074005127
1.08549964427948
1.085576057434082
1.0789744853973389
1.0790270566940308
1.1684740781784058
1.168535590171814
1.1779429912567139
1.178000569343567
1.3196524381637573
1.31973397731781
1.3376444578170776
1.3376964330673218
1.3310949802398682
1.3311511278152466
1.3865405321121216
1.3865954875946045
1.3635845184326172
1.3636369705200195
1.389611005783081
1.3896658420562744
1.3759084939956665
1.3759615421295166
1.4363558292388916
1.436410903930664
1.4365954399108887
1.4366503953933716
1.4376500844955444
1.4377050399780273
1.450576663017273
1.4506325721740723
1.4680769443511963
1.4681344032287598
1.4772143363952637
1.4772669076919556
1.5199859142303467
1.5200434923171997
1.5215774774551392
1.5216310024261475
1.522865891456604
1.5229204893112183
1.5577809810638428
1.5578374862670898
1.5587350130081177
1.5587880611419678
1.5868844985961914
1.5869375467300415
1.6285239458084106
1.6285769939422607
1.6677674055099487
1.6678223609924316
1.67415452003479
1.6742109060287476
1.6782499551773071
1.6783250570297241
1.6767975091934204
1.6768715381622314
1.6778314113616943
1.6778839826583862
1.7166974544525146
1.7167909145355225
1.7524789571762085
1.7525345087051392
1.8257029056549072
1.8257559537887573
1.828637957572937
1.8286970853805542
1.8428564071655273
1.8429124355316162
1.8560110330581665
1.8560664653778076
1.895374059677124
1.895432472229004
1.9030979871749878
1.903153419494629
1.904228925704956
1.9042824506759644
1.9484959840774536
1.9485529661178589
1.9566700458526611
1.9567325115203857
2.22878098487854
2.228837490081787
2.5002479553222656
2.50031054019928
2.494144558906555
2.494198441505432
2.519862413406372
2.519919514656067
2.546984076499939
2.5470399856567383
2.542770504951477
2.542825937271118
2.5630228519439697
2.563080310821533
2.589077353477478
2.5891369581222534
2.6141775846481323
2.6142345666885376
2.6424169540405273
2.6424790620803833
2.7404754161834717
2.7405325174331665
2.734771490097046
2.7348270416259766
2.729191541671753
2.7292449474334717
2.7382240295410156
2.73827862739563
2.893860936164856
2.8939684629440308
2.8950045108795166
2.8950624465942383
2.896640419960022
2.8966959714889526
2.8956298828125
2.8956844806671143
2.907704472541809
2.9077779054641724
2.9206219911575317
2.920678973197937
2.920019507408142
2.920074462890625
2.9169445037841797
2.9170185327529907
2.9113211631774902
2.9113911390304565
2.9337260723114014
2.93377947807312
2.957628011703491
2.9576990604400635
2.9647655487060547
2.9648211002349854
2.9407620429992676
2.9408174753189087
2.9963375329971313
2.9963918924331665
3.078962802886963
3.0790189504623413
3.0832184553146362
3.0832724571228027
3.085319399833679
3.085383415222168
3.1020294427871704
3.1021395921707153
3.122541904449463
3.122599482536316
3.124488115310669
3.1245685815811157
3.1122623682022095
3.112360954284668
3.1053885221481323
3.10544216632843
3.10278582572937
3.102837920188904
3.1370445489883423
3.1371015310287476
3.1908639669418335
3.1909289360046387
3.193045496940613
3.193101644515991
3.3053743839263916
3.30543851852417
3.3418864011764526
3.3419684171676636
3.3036129474639893
3.3036675453186035
3.3641600608825684
3.3642159700393677
3.377843499183655
3.37790048122406
3.395199418067932
3.3952579498291016
3.3895305395126343
3.389585018157959
3.3866655826568604
3.3867210149765015
3.3830950260162354
3.3831474781036377
3.4176520109176636
3.417707085609436
3.424301505088806
3.4243615865707397
3.4179329872131348
3.4179880619049072
3.4118504524230957
3.411901354789734
3.436768054962158
3.4368205070495605
3.492355465888977
3.4924110174179077
3.5126190185546875
3.512677550315857
3.5119099617004395
3.5119645595550537
3.513036847114563
3.513090968132019
3.550233006477356
3.5502899885177612
3.584270477294922
3.584354043006897
3.641121983528137
3.6412144899368286
3.639765501022339
3.6398205757141113
3.6516435146331787
3.651700019836426
3.654394507408142
3.654449939727783
3.6879550218582153
3.6880115270614624
3.7372125387191772
3.7372695207595825
3.7417449951171875
3.741801619529724
3.7742459774017334
3.7743183374404907
3.809224486351013
3.809288501739502
3.8276561498641968
3.827712059020996
3.8551214933395386
3.8551775217056274
3.9404176473617554
3.9404760599136353
3.9570590257644653
3.9571170806884766
3.9598774909973145
3.959936022758484
3.961249351501465
3.961303949356079
4.041419863700867
4.0414799451828
4.061319589614868
4.061378002166748
4.087427377700806
4.087504863739014
4.078909516334534
4.078966498374939
4.105027914047241
4.105085492134094
4.121596574783325
4.1216535568237305
4.299867630004883
4.299924612045288
4.3020018339157104
4.302063465118408
4.30248498916626
4.302539944648743
4.347020387649536
4.347100377082825
4.318712949752808
4.318772912025452
4.33601450920105
4.3360700607299805
4.3398765325546265
4.3399540185928345
4.401273488998413
4.401378035545349
4.46720552444458
4.467277526855469
4.564180493354797
4.564239978790283
4.657800912857056
4.657867431640625
4.742336869239807
4.7423964738845825
4.837287068367004
4.8373554944992065
4.899699568748474
4.89975905418396
4.911324381828308
4.911385893821716
5.000306010246277
5.000382900238037
5.098717451095581
5.098784923553467
5.230866074562073
5.230926990509033
5.341306924819946
5.3413779735565186
5.44147253036499
5.441533088684082
5.556344032287598
5.556403040885925
5.768272876739502
5.768332481384277
5.857480525970459
5.857540488243103
6.032166481018066
6.032225489616394
6.131644010543823
6.131704092025757
6.020012974739075
6.020076394081116
6.115461468696594
6.115529417991638
6.220679521560669
6.220739483833313
6.529791951179504
6.529849886894226
6.621285438537598
6.621354579925537
6.729931473731995
6.729989528656006
6.79632306098938
6.796383023262024
6.862962961196899
6.863022446632385
6.828086972236633
6.8281625509262085
6.853600025177002
6.853659629821777
7.159922003746033
7.160008907318115
7.235712051391602
7.2357704639434814
7.593405485153198
7.593472003936768
7.688547968864441
7.688616394996643
7.781988620758057
7.782047510147095
7.872967958450317
7.873029947280884
7.96072244644165
7.960788011550903
8.047743439674377
8.047819018363953
8.154383063316345
8.154438972473145
8.27106761932373
8.271136403083801
8.331555008888245
8.331614136695862
8.345404982566833
8.345467925071716
8.442937016487122
8.443002462387085
8.586353063583374
8.58642852306366
8.57123613357544
8.571297526359558
8.637912511825562
8.637979388237
8.69424307346344
8.694303631782532
8.739806056022644
8.739864468574524
8.699252486228943
8.699339032173157
8.712270498275757
8.712328553199768
8.766041994094849
8.766103029251099
8.768514037132263
8.768573999404907
8.770709991455078
8.770768404006958
8.785003066062927
8.785061955451965
8.773566007614136
8.773623943328857
8.777516961097717
8.777575492858887
8.803067922592163
8.80312705039978
8.82293713092804
8.822997570037842
8.788573384284973
8.788632988929749
8.7406005859375
8.740658640861511
8.763743877410889
8.763801455497742
8.797611117362976
8.797669053077698
8.81316590309143
8.813225984573364
8.814216017723083
8.814277052879333
8.846791505813599
8.846851468086243
8.861385464668274
8.861443996429443
8.853690028190613
8.85375201702118
8.86453402042389
8.86461353302002
8.877632021903992
8.877691626548767
8.904590010643005
8.90464985370636
8.926401972770691
8.926461100578308
8.922056913375854
8.922116875648499
8.93554949760437
8.935610890388489
8.896883487701416
8.896942496299744
8.88406240940094
8.884121894836426
8.91090190410614
8.910961508750916
8.920983076095581
8.921043515205383
8.922722935676575
8.922784566879272
8.940096974372864
8.94015657901764
8.943018555641174
8.94308054447174
8.970968008041382
8.971027970314026
8.999300003051758
8.999359011650085
9.007741570472717
9.007801055908203
9.01429796218872
9.014357447624207
9.030373930931091
9.030434012413025
9.062861919403076
9.062920928001404
9.072616577148438
9.072678089141846
9.071993350982666
9.072054505348206
9.053483009338379
9.05354106426239
9.038315415382385
9.038375496864319
9.043972492218018
9.044030547142029
9.058851957321167
9.058912515640259
9.06768798828125
9.067748069763184
9.116178035736084
9.116266012191772
9.124539494514465
9.124606847763062
9.111202478408813
9.111263036727905
9.110986113548279
9.111045598983765
9.131380438804626
9.131437420845032
9.130396008491516
9.130457043647766
9.167752027511597
9.167813539505005
9.177092671394348
9.177152514457703
9.193754076957703
9.193812489509583
9.199034929275513
9.199108958244324
9.18451452255249
9.184574604034424
9.208105325698853
9.208167314529419
9.2153400182724
9.215399861335754
9.215702533721924
9.21576201915741
9.2595454454422
9.259607434272766
9.26700735092163
9.267107963562012
9.281991481781006
9.282052993774414
9.280461549758911
9.28052008152008
9.296914458274841
9.296974062919617
9.277164459228516
9.277222871780396
9.228331565856934
9.228392601013184
9.263692498207092
9.263753533363342
9.25868284702301
9.258740901947021
9.278007507324219
9.27806842327118
9.284249544143677
9.284355998039246
9.29269790649414
9.292768001556396
9.334947943687439
9.335006475448608
9.341299057006836
9.34136152267456
9.358148336410522
9.358211398124695
9.380861043930054
9.380919456481934
9.387063026428223
9.387122988700867
9.395626068115234
9.39568555355072
9.39755654335022
9.39761507511139
9.454285502433777
9.454360008239746
9.474075555801392
9.474134087562561
9.478339910507202
9.478399991989136
9.483190417289734
9.483261942863464
9.485718488693237
9.485776543617249
9.503600001335144
9.503658533096313
9.52289092540741
9.522961497306824
9.570030450820923
9.570091009140015
9.576240539550781
9.57630205154419
9.596440315246582
9.596501350402832
9.600210547447205
9.600271582603455
9.620079040527344
9.620140433311462
9.604907035827637
9.60496711730957
9.635368466377258
9.635431408882141
9.59751296043396
9.597575902938843
9.639438033103943
9.639498949050903
9.63747489452362
9.637537479400635
9.630544424057007
9.630605936050415
9.626914501190186
9.626976490020752
9.648346543312073
9.648407936096191
9.656068325042725
9.656129002571106
9.653188824653625
9.65325140953064
9.651131510734558
9.651193499565125
9.709348440170288
9.70941150188446
9.730237126350403
9.730301022529602
9.737061977386475
9.737123966217041
9.72917103767395
9.729232549667358
9.748467564582825
9.748542547225952
9.78964352607727
9.789706587791443
9.812215566635132
9.81227695941925
9.818010449409485
9.818072438240051
9.822625517845154
9.822687029838562
9.840651631355286
9.840714573860168
9.89682948589325
9.89689302444458
9.902563571929932
9.902627110481262
9.907208919525146
9.907269954681396
9.910646915435791
9.910709500312805
9.931661486625671
9.931721925735474
9.947205901145935
9.947267413139343
9.95909857749939
9.959228992462158
10.00361943244934
10.003682494163513
10.024880051612854
10.024942517280579
10.033674001693726
10.033736944198608
10.054399490356445
10.054461479187012
10.060115098953247
10.060176610946655
10.074518918991089
10.074580907821655
10.09558653831482
10.095649480819702
10.11008107662201
10.110143542289734
10.118893027305603
10.118955492973328
10.134768009185791
10.134830355644226
10.125710487365723
10.12577211856842
10.073272943496704
10.07334053516388
10.118554592132568
10.118616104125977
10.12792158126831
10.127989530563354
10.13068699836731
10.130748391151428
10.14345645904541
10.143517971038818
10.194427013397217
10.194489002227783
10.206724047660828
10.206784129142761
10.214549899101257
10.21461296081543
10.203856468200684
10.20391595363617
10.188097953796387
10.18815803527832
10.224370956420898
10.224432468414307
10.270712494850159
10.270774483680725
10.28262746334076
10.282723903656006
10.271897435188293
10.271960854530334
10.273749589920044
10.27381944656372
10.319370985031128
10.319432973861694
10.321617007255554
10.321678519248962
10.315372467041016
10.315435528755188
10.331443548202515
10.331503987312317
10.338104963302612
10.338166952133179
10.35234010219574
10.352401971817017
10.367354989051819
10.367417573928833
10.370972514152527
10.371032953262329
10.367993474006653
10.368053078651428
10.39408004283905
10.394142031669617
10.40674352645874
10.406806111335754
10.375723481178284
10.375785946846008
10.401241540908813
10.401304006576538
10.394567847251892
10.394628882408142
10.439958572387695
10.44002115726471
10.437470555305481
10.43753206729889
10.458013534545898
10.45808470249176
10.484103441238403
10.484169840812683
10.490611910820007
10.49067497253418
10.467769980430603
10.467832922935486
10.452912092208862
10.452973127365112
10.490795969963074
10.490859508514404
10.488921999931335
10.48898458480835
10.485135436058044
10.485196471214294
10.54451608657837
10.544578552246094
10.55212688446045
10.55219054222107
10.546886920928955
10.546950459480286
10.607378125190735
10.607439041137695
10.6102135181427
10.61027443408966
10.66801643371582
10.668099522590637
10.695780396461487
10.695905923843384
10.697365999221802
10.697425603866577
10.735538482666016
10.735602021217346
10.765382885932922
10.765446901321411
10.765061855316162
10.765126466751099
10.79307997226715
10.793141961097717
10.802394151687622
10.802460551261902
10.822054028511047
10.822116494178772
10.827876687049866
10.827940583229065
10.858979940414429
10.859045386314392
10.883236050605774
10.883298993110657
10.905697464942932
10.90575897693634
10.91111695766449
10.911179065704346
10.931765079498291
10.931827545166016
10.957516312599182
10.957578420639038
10.962910413742065
10.96298098564148
10.990844011306763
10.990906000137329
11.00843596458435
11.008498430252075
11.018581509590149
11.018643498420715
11.023602485656738
11.023663997650146
11.048697113990784
11.048758029937744
11.060456991195679
11.060521483421326
11.096880912780762
11.096947073936462
11.096958875656128
11.0970219373703
11.125284552574158
11.12534499168396
11.138805031776428
11.138867020606995
11.146360397338867
11.146422863006592
11.1681569814682
11.168218970298767
11.196258425712585
11.196322560310364
11.208005547523499
11.208064913749695
11.212965488433838
11.213027477264404
11.24620246887207
11.24628746509552
11.252471923828125
11.252532958984375
11.278501868247986
11.278562307357788
11.289044499397278
11.289107084274292
11.303519010543823
11.30358099937439
11.318552374839783
11.318612813949585
11.302799582481384
11.302863001823425
11.308950901031494
11.309054970741272
11.32674241065979
11.326805830001831
11.356549143791199
11.356696128845215
11.380297183990479
11.38036060333252
11.43636155128479
11.436567068099976
11.495527505874634
11.49563193321228
11.592049360275269
11.593109965324402
11.643285036087036
11.643774390220642
11.774330019950867
11.774413585662842
11.775529980659485
11.775611400604248
11.872977495193481
11.873049974441528
11.891559600830078
11.89163863658905
11.98163652420044
11.981724500656128
11.99824047088623
11.998309016227722
12.034912824630737
12.03497588634491
12.036375880241394
12.036441445350647
12.062238097190857
12.062307000160217
12.076165914535522
12.076231479644775
12.123471975326538
12.12353801727295
12.12022054195404
12.120285511016846
12.187726497650146
12.187824964523315
12.20363450050354
12.203703999519348
12.22263240814209
12.222723484039307
12.232409477233887
12.23249351978302
12.24127209186554
12.241338014602661
12.198823928833008
12.198890447616577
12.19669508934021
12.196818947792053
12.213430047035217
12.21351957321167
12.23297107219696
12.233038544654846
12.235899090766907
12.235963582992554
12.27908706665039
12.279151439666748
12.280207991600037
12.28027057647705
12.301761507987976
12.3018319606781
12.340834975242615
12.340899467468262
12.346998453140259
12.347062587738037
12.376248478889465
12.376314997673035
12.41439151763916
12.414460182189941
12.432843446731567
12.43292248249054
12.453276515007019
12.45333993434906
12.468477010726929
12.468603014945984
12.486813068389893
12.486879467964172
12.533536553382874
12.533602595329285
12.548376441001892
12.548470973968506
12.564698576927185
12.564764976501465
12.580248475074768
12.58035147190094
12.585684537887573
12.585853457450867
12.646007895469666
12.646085023880005
12.661118507385254
12.661181449890137
12.67020297050476
12.670268058776855
12.686568021774292
12.686631083488464
12.732668995857239
12.732731461524963
12.702629923820496
12.702693343162537
12.679588675498962
12.67967164516449
12.69788646697998
12.697952508926392
12.719861507415771
12.71992552280426
12.726924061775208
12.726986646652222
12.733780980110168
12.733844995498657
12.775095105171204
12.775161623954773
12.781387090682983
12.781454086303711
12.807845950126648
12.807964086532593
12.811402440071106
12.81146490573883
12.850534081459045
12.850599527359009
12.877541065216064
12.877616047859192
12.906723976135254
12.90678858757019
12.948663473129272
12.948729515075684
12.956573963165283
12.956640481948853
12.961318492889404
12.961383581161499
12.993210554122925
12.993285417556763
13.016153454780579
13.01621949672699
13.012976050376892
13.013064503669739
13.044877886772156
13.044941902160645
13.063949465751648
13.064013957977295
13.088508009910583
13.088572025299072
13.095352530479431
13.095414996147156
13.10902738571167
13.109090924263
13.13946807384491
13.139540076255798
13.159513592720032
13.159579038619995
13.174573063850403
13.174879908561707
13.221242427825928
13.22131097316742
13.252120971679688
13.252184391021729
13.248882532119751
13.248946070671082
13.238500595092773
13.238615036010742
13.283029913902283
13.28309440612793
13.28833293914795
13.288403034210205
13.301370978355408
13.301433563232422
13.334948897361755
13.335011959075928
13.363487482070923
13.363584041595459
13.359180927276611
13.3592449426651
13.362721562385559
13.3627849817276
13.359455585479736
13.359519600868225
13.383585572242737
13.383730053901672
13.383659958839417
13.383724927902222
13.391850471496582
13.391934990882874
13.450167417526245
13.450234413146973
13.469060897827148
13.469125986099243
13.489451050758362
13.489516496658325
13.494917035102844
13.494980931282043
13.480096459388733
13.480161547660828
13.465408444404602
13.465471506118774
13.493024587631226
13.49308693408966
13.488056063652039
13.48811948299408
13.480733513832092
13.480796456336975
13.533882975578308
13.533947944641113
13.526397466659546
13.526461005210876
