2.964257597923279
3.0687254667282104
3.144990921020508
3.2302359342575073
3.3138084411621094
3.384925603866577
3.4692189693450928
3.5469523668289185
3.6942604780197144
3.7718505859375
3.845095992088318
3.9486260414123535
4.057886481285095
4.1349838972091675
4.209904909133911
4.2904099225997925
4.37533700466156
4.451547384262085
4.5456931591033936
4.659970045089722
4.7394959926605225
4.8158780336380005
4.8936755657196045
5.097509026527405
5.15934944152832
5.238646984100342
5.294309496879578
5.35570216178894
5.425739526748657
5.518908977508545
5.606607437133789
5.644646525382996
5.650437593460083
5.677085041999817
5.682165503501892
5.687931418418884
5.695721983909607
5.919082999229431
5.92656397819519
5.93207848072052
5.938027501106262
5.9420905113220215
5.947180986404419
5.953034043312073
5.960178375244141
5.968189477920532
5.976089596748352
5.984318971633911
5.990414023399353
5.996644973754883
6.003181457519531
6.009865403175354
6.015640020370483
6.019392967224121
6.023447513580322
6.028152942657471
6.033393502235413
6.036986947059631
6.091360092163086
6.0956984758377075
6.119356155395508
6.1245139837265015
6.090736150741577
6.09593403339386
6.101286053657532
6.111277103424072
6.120332598686218
6.2196125984191895
6.22283935546875
6.233860015869141
6.2411415576934814
6.248608469963074
6.254115104675293
6.259189963340759
6.263104438781738
6.267652988433838
6.222108483314514
6.29235053062439
6.296687483787537
6.301411509513855
6.3048200607299805
6.382848381996155
6.362348914146423
6.397792935371399
6.402379989624023
6.407726407051086
6.411940932273865
6.442802548408508
6.449934005737305
6.454776883125305
6.464552998542786
6.480710029602051
6.498022079467773
6.503059983253479
6.508154034614563
6.512783527374268
6.517771005630493
6.550448060035706
6.533215522766113
6.568388938903809
6.5727479457855225
6.557047605514526
6.563947916030884
6.59128201007843
6.596008896827698
6.59075391292572
6.607782483100891
6.609025955200195
6.709814071655273
6.729701519012451
6.745850920677185
6.753761410713196
6.762826442718506
6.771454095840454
6.778029561042786
6.783949017524719
6.7911094427108765
6.797998547554016
6.8052884340286255
6.812888979911804
6.817249417304993
6.81978452205658
6.8242645263671875
6.829198479652405
6.8631134033203125
6.868461489677429
6.90330445766449
6.890335917472839
6.900217413902283
6.938966989517212
6.945250511169434
6.953335523605347
6.959801077842712
6.967786550521851
6.977681517601013
6.985140442848206
6.984055161476135
6.9893879890441895
7.00947105884552
7.0141929388046265
7.030008554458618
7.0615575313568115
7.0768386125564575
7.0869139432907104
7.200610041618347
7.207652926445007
7.217671513557434
7.228912115097046
7.2406110763549805
7.255013465881348
7.26707911491394
7.2785804271698
7.2905285358428955
7.302322030067444
7.3133485317230225
7.3536083698272705
7.3651344776153564
7.358698487281799
7.3683695793151855
7.407805919647217
7.417156100273132
7.405170440673828
7.414632439613342
7.407133460044861
7.414910912513733
7.42211389541626
7.428861975669861
7.435624480247498
7.475088119506836
7.482023477554321
7.48889696598053
7.497034072875977
7.519190430641174
7.527894020080566
7.556553483009338
7.565389037132263
7.577139496803284
7.586629509925842
7.594602584838867
7.602888584136963
7.610283851623535
7.617798089981079
7.6244155168533325
7.6617820262908936
7.668379068374634
7.674316048622131
7.680676460266113
7.685973048210144
7.691817045211792
7.697461009025574
7.703732967376709
7.710060477256775
7.717062592506409
7.732303500175476
7.741599917411804
7.748573064804077
7.7574955224990845
7.764714002609253
7.7718400955200195
7.779065489768982
7.785827040672302
7.792509078979492
7.799249529838562
7.80625855922699
7.8135199546813965
7.820672392845154
7.826853513717651
7.880228519439697
7.887147903442383
7.893957018852234
7.9005701541900635
7.907394528388977
7.9146339893341064
7.921184062957764
7.928076505661011
7.934924483299255
7.94169557094574
7.966274976730347
7.981110453605652
8.00602102279663
8.022351384162903
8.029949426651001
8.049244999885559
8.054901480674744
8.06066346168518
8.064805507659912
8.069052577018738
8.07452392578125
8.355796933174133
8.361117482185364
8.36708950996399
8.372770428657532
8.379729509353638
8.388352394104004
8.395198941230774
8.43973708152771
8.447045922279358
8.453502535820007
8.459930062294006
8.466211080551147
8.472854495048523
8.480985522270203
8.489240050315857
8.497747540473938
8.50671648979187
8.515448570251465
8.523319959640503
8.531501412391663
8.539020657539368
8.545892000198364
8.552572965621948
8.559628009796143
8.385221481323242
8.392139077186584
8.39926552772522
8.408161640167236
8.416441917419434
8.424958109855652
8.484618902206421
8.492900490760803
8.500866889953613
8.50915789604187
8.51660144329071
8.523900985717773
8.53094208240509
8.5374915599823
8.544170022010803
8.5504390001297
8.572558522224426
8.588056445121765
8.595908522605896
8.603630423545837
8.629121541976929
8.644891619682312
8.652836561203003
8.662389874458313
8.668663501739502
8.698443055152893
8.70518946647644
8.711920976638794
8.718229055404663
8.724989414215088
8.73149049282074
8.754249572753906
8.762169003486633
8.770790576934814
8.777762532234192
8.801446437835693
8.80730140209198
8.815194010734558
8.821985960006714
8.828785061836243
8.83482551574707
8.841948509216309
8.848341464996338
8.855364918708801
8.862103462219238
8.86854350566864
8.87629759311676
8.883695483207703
8.89135992527008
8.898703455924988
9.385366439819336
9.393839478492737
9.400984048843384
9.408530712127686
9.437568426132202
9.444972038269043
9.45018756389618
9.456148386001587
9.46285355091095
9.470367908477783
9.477779984474182
9.484379529953003
9.491778016090393
9.49938452243805
9.507513880729675
9.515497088432312
9.523380994796753
9.530734896659851
9.539277076721191
9.546870470046997
9.570891499519348
9.586653113365173
9.594371914863586
9.602241516113281
9.614382028579712
9.640622019767761
9.647905468940735
9.655151009559631
9.662093997001648
9.669541954994202
9.67655861377716
9.68400239944458
9.690639019012451
9.696990966796875
9.703379511833191
9.724234938621521
9.730299472808838
9.741928935050964
9.747982501983643
9.754706978797913
9.775863528251648
9.788460969924927
9.796167016029358
9.802751421928406
9.603949546813965
9.61262595653534
9.638790011405945
9.655550956726074
9.665061593055725
9.784680485725403
9.792503476142883
9.823973059654236
9.83620297908783
9.84345555305481
9.850037455558777
9.870184063911438
9.87707793712616
9.887986421585083
9.895128965377808
9.901495099067688
9.921265959739685
9.933194041252136
9.939707517623901
9.946470141410828
9.95232903957367
9.95805048942566
9.964404463768005
9.970195412635803
9.97602903842926
9.997722387313843
10.003988981246948
10.017125606536865
10.024218559265137
10.031214833259583
10.053095579147339
10.061426401138306
10.075162053108215
10.082673072814941
10.090502500534058
10.102988600730896
10.111459851264954
10.119390606880188
10.126346111297607
10.150864481925964
10.16252601146698
10.170294523239136
10.176876664161682
10.182834386825562
10.205715417861938
10.216766476631165
10.223596572875977
10.229332447052002
10.234618425369263
10.239444494247437
10.244073987007141
10.661832094192505
10.666727066040039
10.67234992980957
10.67813503742218
10.688372492790222
10.695085525512695
10.702096462249756
10.708187460899353
10.71480906009674
10.724072575569153
10.73060154914856
10.737971544265747
10.744935393333435
10.752151489257812
10.758410573005676
10.765342473983765
10.772202491760254
10.902271032333374
10.908759593963623
10.915735960006714
10.922698497772217
10.929435968399048
10.936037540435791
10.942509531974792
10.949461936950684
10.956583023071289
10.978602528572083
10.986825942993164
10.994329452514648
11.001118540763855
11.00944995880127
11.030323505401611
11.03832757472992
11.0449880361557
11.052217364311218
11.070435523986816
11.081193447113037
11.088236451148987
11.094232559204102
11.100589990615845
11.107738494873047
11.127509355545044
11.138426423072815
11.146379590034485
11.154144525527954
11.162521839141846
11.17027759552002
11.180174946784973
11.188822984695435
11.197511076927185
11.207455515861511
11.216601490974426
11.225530862808228
11.255599021911621
11.273085117340088
11.283906102180481
11.294824957847595
11.304530024528503
11.314980030059814
11.345602989196777
11.364187002182007
11.374160408973694
11.383962035179138
11.393584966659546
11.403002381324768
11.41134250164032
11.42065942287445
11.444910645484924
11.454671382904053
11.46180248260498
11.468869090080261
11.475642561912537
11.482429027557373
11.503806471824646
11.612744450569153
11.62907099723816
11.639548063278198
11.651614904403687
11.679431915283203
11.694217085838318
11.70322847366333
11.711886525154114
11.719972133636475
11.727939009666443
11.738882064819336
11.747217655181885
11.756191492080688
11.76312792301178
11.77069354057312
11.79447853565216
11.802650094032288
11.808317422866821
11.814022064208984
11.819201946258545
11.824701428413391
11.838786005973816
11.859087944030762
11.865506410598755
11.872117042541504
11.879707932472229
11.886313915252686
11.89198899269104
