1274.5
2004.125
1237.0
1959.75
1199.5
1909.25
1162.0
1922.625
1124.5
1881.5
1087.0
1903.375
1049.5
1876.625
1012.0
1837.125
974.5
1914.375
937.0
1851.875
899.5
1789.375
862.0
1726.875
824.5
1664.375
787.0
1601.875
749.5
1539.375
721.0
2253.25
1472.125
2178.75
1434.625
2116.25
1397.125
2053.75
1359.625
1991.25
1322.125
1928.75
1284.625
1866.25
1247.125
1803.75
1214.25
2522.25
1189.25
2447.25
1940.75
2381.375
1903.25
2318.875
2568.625
2259.25
2519.375
2985.25
3266.0
2923.75
3216.0
2873.75
3166.0
2823.75
3674.75
2783.75
3612.25
2746.25
3549.75
2708.75
3487.25
2671.25
3424.75
2633.75
3362.25
2596.25
3299.75
2558.75
3237.25
2521.25
3174.75
2483.75
3112.25
2446.25
3049.75
2408.75
2987.25
2371.25
2924.75
2333.75
2862.25
2296.25
2799.75
2258.75
2737.25
2221.25
2674.75
2183.75
2612.25
2146.25
2549.75
2108.75
2487.25
2071.25
2424.75
2033.75
2362.25
1996.25
2299.75
1958.75
2237.25
1921.25
2174.75
1883.75
2108.125
1850.375
2045.625
1812.875
1979.875
1778.625
1914.25
1744.25
1860.75
1697.75
1823.25
1635.25
1776.125
1582.375
1720.375
1538.125
1661.75
1496.75
1598.0
1460.5
1535.375
1423.125
1460.875
1397.625
1393.75
1364.75
1346.25
1312.25
1291.875
1266.625
1235.5
1223.0
1175.125
1183.375
1126.0
1132.5
1066.625
1091.875
1011.5
1047.0
962.625
995.875
903.875
954.625
853.0
905.5
808.25
850.25
760.0
798.5
722.0
736.5
672.0
686.5
619.0
639.5
564.125
594.375
520.625
537.875
483.125
475.375
445.625
412.875
408.125
350.375
363.125
295.375
317.875
240.625
258.0
200.5
195.5
163.0
145.375
113.125
92.875
65.625
30.375
28.125
