4.644323348999023
4.644397616386414
4.698390632867813
4.698509901762009
4.810623675584793
4.810706913471222
4.829542011022568
4.8296632170677185
4.877949297428131
4.878748178482056
4.905944734811783
4.906033545732498
4.9867494106292725
4.987142384052277
4.996800243854523
4.997074663639069
5.046796947717667
5.046919137239456
5.062539279460907
5.062637597322464
5.1055271327495575
5.111421138048172
5.142423003911972
5.142517983913422
5.152519911527634
5.152616530656815
5.173724740743637
5.17379966378212
5.278596431016922
5.278714895248413
5.574714720249176
5.574946850538254
5.982808858156204
5.982893854379654
6.064774841070175
6.0648616552352905
6.13364651799202
6.133726924657822
6.1303286254405975
6.1305102705955505
6.152619421482086
6.152726352214813
6.225748628377914
6.225841164588928
6.3089679479599
6.3091341853141785
6.704336404800415
6.704415172338486
6.7410034239292145
6.741070508956909
7.170663565397263
7.170734375715256
7.19830909371376
7.19838747382164
7.632299453020096
7.632380962371826
8.192555755376816
8.192642629146576
8.630724608898163
8.630793035030365
8.691287130117416
8.69138291478157
8.725375026464462
8.725442260503769
8.99922639131546
8.999295890331268
9.03918007016182
9.039251387119293
9.083735436201096
9.08379790186882
9.170298665761948
9.170358031988144
9.138555973768234
9.138622105121613
9.221532136201859
9.221612721681595
9.336400389671326
9.33648231625557
9.356524378061295
9.356591522693634
9.349734157323837
9.349798649549484
9.404109358787537
9.404190629720688
9.469545543193817
9.46960985660553
9.505328506231308
9.505405575037003
9.361026018857956
9.361093163490295
9.410166263580322
9.410246729850769
9.359863221645355
9.359930872917175
9.48549023270607
9.48556500673294
9.493233621120453
9.49330934882164
9.581640839576721
9.581711113452911
9.519548058509827
9.519627749919891
9.476738095283508
9.476840615272522
9.420271247625351
9.420337945222855
9.33390548825264
9.333969414234161
9.290705740451813
9.290771633386612
9.369582027196884
9.36965125799179
9.324695646762848
9.324766755104065
9.281372398138046
9.281440764665604
9.218635648488998
9.21870681643486
9.215629488229752
9.215702474117279
9.172043025493622
9.172107875347137
9.178741067647934
9.178805500268936
9.143512636423111
9.143580257892609
9.11225152015686
9.112343907356262
9.109807759523392
9.109873950481415
9.122505575418472
9.12257769703865
9.093863785266876
9.093925297260284
8.998916387557983
8.998988091945648
9.098928332328796
9.09899127483368
8.93358901143074
8.933655440807343
9.103173017501831
9.10324016213417
8.939099490642548
8.939158231019974
8.919500201940536
8.919562727212906
8.884100407361984
8.884163677692413
8.87228399515152
8.872354120016098
8.883118450641632
8.883194208145142
8.933236867189407
8.933331847190857
8.94869914650917
8.94876104593277
8.806475639343262
8.806539297103882
9.129374921321869
9.129439502954483
9.111028999090195
9.111087262630463
9.16457423567772
9.164657145738602
9.12884908914566
9.128906965255737
9.079342037439346
9.079399645328522
9.172744005918503
9.172797858715057
9.288926869630814
9.288981884717941
9.315849661827087
9.315909445285797
9.265727311372757
9.265782654285431
9.245915859937668
9.245973378419876
9.208140581846237
9.208204925060272
9.391191273927689
9.391270965337753
9.419563740491867
9.41963717341423
9.387794882059097
9.387854278087616
9.430588185787201
9.430645078420639
9.445177257061005
9.44523561000824
9.425007969141006
9.425061851739883
9.39226746559143
9.39233210682869
