6.639520724614461
6.658208966255188
6.704920490582784
6.702570637067159
6.80362073580424
6.796696146329244
6.82304835319519
6.933286865552266
7.155075709025065
7.131513198216756
7.180593967437744
7.264044165611267
7.181406736373901
7.030470410982768
7.076066017150879
7.0907119909922285
7.312302668889363
7.313777407010396
7.415148138999939
7.442729473114014
7.282991488774617
7.469584822654724
7.48553995291392
7.765181660652161
7.799269954363505
8.128463506698608
8.158221324284872
8.173628211021423
8.213850021362305
8.246200323104858
8.275895714759827
8.325071056683859
8.359934647878012
8.349674900372824
8.382331689198812
8.416096448898315
8.422396302223206
8.40662682056427
8.49399165312449
8.387924671173096
8.53830591837565
8.511443495750427
8.51795220375061
8.522072275479635
8.567788283030191
8.57145619392395
8.53315003712972
8.418911298116049
8.419231136639914
8.423473477363586
8.684558153152466
8.68191393216451
8.655919313430786
8.639850378036499
8.646839141845703
8.628174344698587
8.612999240557352
8.578434507052103
8.578553517659506
8.59671417872111
8.581122914950052
8.57090445359548
8.560044725735983
8.621793230374655
8.608411828676859
8.554404973983765
8.531606952349344
8.51713260014852
8.504318435986837
8.505324045817057
8.50754733880361
8.521942337354025
8.528603712717691
8.529021501541138
8.561367789904276
8.590459942817688
8.594218015670776
8.612432479858398
8.620822310447693
8.625596324602762
8.646503329277039
8.655414779980978
8.690797845522562
8.707600951194763
8.712829987208048
8.708733399709066
8.721753120422363
8.706874330838522
8.709731658299765
8.689069151878357
8.673071344693502
8.638278484344482
8.591549356778463
