6694.333333333333
6824.833333333333
6552.166666666667
6705.0
6432.333333333333
6555.0
6327.666666666667
6450.333333333333
6194.0
6316.666666666667
6072.333333333333
6209.166666666667
5936.5
6059.166666666667
5786.5
5909.166666666667
5636.5
5759.166666666667
5486.5
5609.166666666667
5336.5
5459.166666666667
5186.5
5309.166666666667
5036.5
5159.166666666667
4886.5
5009.166666666667
4736.5
4859.166666666667
4586.5
4709.166666666667
4436.5
4559.166666666667
4286.5
4409.166666666667
4136.5
4259.166666666667
3986.5
4109.166666666667
3836.5
3959.1666666666665
3686.5
3809.1666666666665
3536.5
3659.1666666666665
3386.5
3509.1666666666665
3236.5
3359.1666666666665
3086.5
3203.6666666666665
2942.0
3037.0
2808.6666666666665
2870.3333333333335
2675.3333333333335
2703.6666666666665
2542.0
2537.0
2408.6666666666665
2370.3333333333335
2275.3333333333335
2208.5
2137.1666666666665
2058.5
1987.1666666666667
1908.5
1837.1666666666667
1758.5
1687.1666666666667
1608.5
1537.1666666666667
1458.5
1387.1666666666667
1308.5
1237.1666666666667
1158.5
1087.1666666666667
1008.5
937.1666666666666
858.5
787.1666666666666
708.5
637.1666666666666
558.5
487.1666666666667
408.5
337.1666666666667
258.5
187.16666666666666
108.5
37.166666666666664
