3.29430890083313
3.294376492500305
3.3636056184768677
3.363679528236389
3.556936502456665
3.557434916496277
3.7523339986801147
3.775788426399231
4.012226939201355
4.0123454332351685
4.3117910623550415
4.311861515045166
4.460518002510071
4.460632562637329
4.597133994102478
4.597193002700806
4.720857501029968
4.720919489860535
4.880479097366333
4.880544066429138
5.0369603633880615
5.037159442901611
5.113760471343994
5.113821983337402
5.300584554672241
5.3006720542907715
5.3484885692596436
5.34855055809021
5.398711562156677
5.398772597312927
5.414920926094055
5.414983034133911
5.4050246477127075
5.405082583427429
5.404310822486877
5.40436851978302
5.384767651557922
5.384824633598328
5.347342610359192
5.347402095794678
5.392223000526428
5.392299056053162
5.396731972694397
5.396790504455566
5.378933072090149
5.378990530967712
5.368928551673889
5.368984937667847
5.67917799949646
5.679233908653259
5.689298987388611
5.689356446266174
5.677610516548157
5.677666544914246
5.709972023963928
5.710025906562805
5.708623051643372
5.708679556846619
5.670182943344116
5.670235991477966
5.694932579994202
5.694991111755371
5.666048049926758
5.66610312461853
5.615850448608398
5.6159045696258545
5.637512564659119
5.63805615901947
5.674759030342102
5.67481255531311
5.571457505226135
5.571510076522827
5.584266901016235
5.5843284130096436
5.578666925430298
5.578723907470703
5.91092050075531
5.910975933074951
5.895734906196594
5.895789980888367
5.89515745639801
5.895215392112732
5.90171754360199
5.901779532432556
5.891538023948669
5.891602993011475
5.876728892326355
5.876786470413208
5.8591614961624146
5.859215497970581
6.006936073303223
6.007036089897156
6.0049309730529785
6.005254507064819
5.991437911987305
5.99149751663208
5.972774505615234
5.972830533981323
5.943549156188965
5.943603515625
5.907227873802185
5.907286882400513
5.882771968841553
5.882829546928406
5.8657450675964355
5.865799069404602
5.837400555610657
5.837453603744507
6.204862952232361
6.204917907714844
6.19226598739624
6.192322015762329
6.179229021072388
6.179286956787109
6.519724488258362
6.5197833776474
6.510777950286865
6.510833501815796
6.508872985839844
6.508931994438171
6.479089975357056
6.479147434234619
6.453946948051453
6.454003930091858
6.436681866645813
6.436738014221191
6.595791935920715
6.5958476066589355
6.598253488540649
6.598307490348816
6.381633043289185
6.381687521934509
6.581822872161865
6.58187997341156
6.552539587020874
6.5525959730148315
6.621252059936523
6.62130606174469
6.512584567070007
6.512640595436096
6.445921063423157
6.445976495742798
6.341948986053467
6.342004895210266
6.314053416252136
6.314107894897461
6.294771909713745
6.294824957847595
6.29215133190155
6.292207479476929
6.518514156341553
6.5185935497283936
6.584475874900818
6.58452844619751
6.476086974143982
6.47614049911499
6.3361393213272095
6.33619487285614
6.320953607559204
6.321009993553162
6.308690905570984
6.308748483657837
6.624529480934143
6.624586462974548
6.889010548591614
6.889067530632019
6.899118542671204
6.8991769552230835
6.850846529006958
6.8509039878845215
6.844996094703674
6.845053434371948
6.826602935791016
6.826659440994263
6.816130995750427
6.816190481185913
6.848881959915161
6.848939538002014
6.632298946380615
6.632354974746704
6.644749402999878
6.644821405410767
6.659446597099304
6.659502625465393
6.547842502593994
6.547899484634399
6.547775506973267
6.547834515571594
6.538881421089172
6.538936495780945
6.808344483375549
6.808401942253113
6.798227906227112
6.798281908035278
6.6250388622283936
6.625094890594482
6.6300694942474365
6.6301270723342896
6.618597507476807
6.6186524629592896
6.759459018707275
6.7595134973526
6.689681529998779
6.6897395849227905
6.996334552764893
6.996393084526062
6.906178951263428
6.906236529350281
6.983188033103943
6.983242034912109
6.9039294719696045
6.903989553451538
6.9021689891815186
6.902228593826294
7.095792531967163
7.095848560333252
7.053513526916504
7.053568959236145
7.050928592681885
7.050987005233765
7.034207582473755
7.034265637397766
7.034965395927429
7.035026431083679
7.103589415550232
7.103645920753479
7.087477445602417
7.087535500526428
7.119524002075195
7.119580030441284
7.283865571022034
7.285282611846924
7.171162486076355
7.171220541000366
6.984418511390686
6.984474539756775
6.993039965629578
6.993095517158508
6.980774521827698
6.980831503868103
6.976736903190613
6.976794481277466
6.989151477813721
6.989214539527893
6.978856444358826
6.978914976119995
6.9707770347595215
6.97083055973053
7.222759008407593
7.2228124141693115
7.29141092300415
7.2914674282073975
7.196962475776672
7.197015404701233
7.584257483482361
7.584317564964294
7.524195551872253
7.5242600440979
7.868522882461548
7.86857795715332
7.716329455375671
7.716383934020996
7.737842559814453
7.737903594970703
7.729064464569092
7.729121565818787
7.722236514091492
7.722294449806213
7.714221000671387
7.714278936386108
7.713758111000061
7.713826060295105
7.697576880455017
7.69763445854187
7.680423974990845
7.6804845333099365
7.49425208568573
7.494309425354004
7.276980042457581
7.2770373821258545
7.507310390472412
7.50736939907074
7.49466609954834
7.494750142097473
7.496216535568237
7.496275067329407
7.552280068397522
7.552338004112244
7.550127625465393
7.550183534622192
7.95364248752594
7.953700542449951
7.723127484321594
7.723188519477844
7.728182554244995
7.728241562843323
7.958480954170227
7.9585360288619995
7.530490040779114
7.530545473098755
7.53680694103241
7.536864399909973
7.529205083847046
7.529263973236084
7.652569055557251
7.65262508392334
7.64275336265564
7.642808437347412
7.636629939079285
7.636688470840454
7.640680432319641
7.640739560127258
7.629662990570068
7.629719018936157
8.246634483337402
8.24668550491333
8.2289479970932
8.229002475738525
8.235348582267761
8.23540210723877
8.255373358726501
8.25543487071991
8.249202609062195
8.249253511428833
8.296540021896362
8.296594977378845
8.306738018989563
8.306795001029968
8.702659130096436
8.702713012695312
8.706510543823242
8.706565499305725
8.582997918128967
8.583051443099976
8.801143407821655
8.801312923431396
8.851823925971985
8.851877570152283
8.45971953868866
8.4597749710083
8.490638017654419
8.490694522857666
8.73533308506012
8.735387086868286
8.901677012443542
8.901732444763184
8.745997071266174
8.74605119228363
8.719549536705017
8.719602465629578
9.034561514854431
9.034616589546204
9.028846502304077
9.028900980949402
9.014466047286987
9.014520049095154
9.006765484809875
9.006818890571594
9.03019094467163
9.030280351638794
9.012563467025757
9.012614488601685
8.99583649635315
8.995890498161316
9.073891401290894
9.073946952819824
9.099724531173706
9.099778056144714
9.081571578979492
9.08162260055542
9.07406997680664
9.074122548103333
9.065377116203308
9.065433502197266
8.979157567024231
8.979212045669556
8.985704898834229
8.985758423805237
8.980144619941711
8.98020613193512
9.01701557636261
9.017076015472412
8.966431140899658
8.96648359298706
9.035650491714478
9.035726547241211
9.212831974029541
9.212886452674866
9.195255994796753
9.195309519767761
9.196605563163757
9.196664094924927
9.194782614707947
9.194836497306824
9.200256109237671
9.200309991836548
9.217952489852905
9.218004941940308
9.19887900352478
9.19893205165863
9.20242190361023
9.202474474906921
9.199034571647644
9.19908857345581
9.302169561386108
9.302227973937988
9.205626487731934
9.205680131912231
9.208063006401062
9.208115577697754
9.238001585006714
9.238054037094116
9.235570430755615
9.235625505447388
9.262340426445007
9.262423515319824
9.253156423568726
9.253209948539734
9.269692063331604
9.2697514295578
9.260476350784302
9.260528445243835
9.434908986091614
9.434961915016174
9.389626026153564
9.389680981636047
9.362905621528625
9.36298406124115
9.648198008537292
9.64825165271759
9.642120003700256
9.642172932624817
9.644055962562561
9.644110441207886
9.634541988372803
9.634596943855286
9.701528906822205
9.701583862304688
9.653394937515259
9.65345048904419
9.676819443702698
9.676873922348022
9.708475470542908
9.708532929420471
9.826833605766296
9.82688856124878
9.794647932052612
9.794703960418701
9.78635847568512
9.786419987678528
10.153925061225891
10.153982639312744
10.146716117858887
10.146772146224976
10.139374613761902
10.139430522918701
10.143585085868835
10.143649101257324
10.126111507415771
10.12616741657257
10.127982497215271
10.128036975860596
10.11979353427887
10.119848489761353
9.924169421195984
9.92422354221344
9.874550938606262
9.874605536460876
9.925238013267517
9.925292491912842
10.13681948184967
10.136871933937073
9.951730966567993
9.95178484916687
9.900913000106812
9.900992512702942
9.887205004692078
9.887260556221008
9.89162790775299
9.89176094532013
9.82133400440216
9.821388602256775
9.987814903259277
9.987893462181091
9.976703882217407
9.976758003234863
10.452066421508789
10.452120900154114
10.457708954811096
10.45776355266571
10.449678421020508
10.449732899665833
10.456363916397095
10.456419467926025
10.444733500480652
10.444790482521057
10.45186197757721
10.451918005943298
10.403866410255432
10.403927445411682
11.031409502029419
11.031466007232666
11.021086692810059
11.021141529083252
10.891070485115051
10.89112651348114
10.876597046852112
10.876654505729675
10.902509450912476
10.902565002441406
10.907414436340332
10.907479524612427
10.897068619728088
10.897124409675598
10.908969521522522
10.909027934074402
10.900766491889954
10.900823473930359
10.937634468078613
10.937689423561096
10.944576382637024
10.944631934165955
10.949682593345642
10.949739575386047
11.068447589874268
11.068504452705383
11.058274865150452
11.058333039283752
11.036091089248657
11.036148071289062
11.07858395576477
11.078649401664734
11.074211478233337
11.07426655292511
11.065101504325867
11.065162062644958
11.089977979660034
11.090034484863281
11.0713210105896
11.071378469467163
11.048684477806091
11.048737645149231
11.3810054063797
11.381060004234314
11.111937046051025
11.111991047859192
11.088483095169067
11.088539600372314
11.095536470413208
11.095592498779297
11.143454909324646
11.143512487411499
11.149436950683594
11.149494051933289
11.135977983474731
11.13603401184082
11.123738050460815
11.123793959617615
11.341094374656677
11.34115195274353
11.333993554115295
11.334049582481384
11.342677474021912
11.342735528945923
11.351344585418701
11.351402521133423
11.321623086929321
11.321680545806885
11.38146448135376
11.381521463394165
11.368900537490845
11.368957042694092
11.366532444953918
11.366592526435852
11.35984194278717
11.359898447990417
11.382080435752869
11.382136464118958
11.364904046058655
11.364960551261902
11.360466480255127
11.360522985458374
11.648624062538147
11.648678541183472
11.640310525894165
11.640366435050964
11.651181101799011
11.651239037513733
11.40540361404419
11.405461549758911
11.450012922286987
11.45006799697876
11.455049991607666
11.455106019973755
11.470423460006714
11.470481395721436
11.473180055618286
11.473237037658691
11.478082418441772
11.478140473365784
11.472627401351929
11.47268545627594
11.46298098564148
11.463034868240356
11.444786429405212
11.44484293460846
11.63274097442627
11.6327965259552
11.628764033317566
11.62882149219513
11.624595165252686
11.624723076820374
11.580734491348267
11.580790996551514
11.613512516021729
11.613569021224976
11.618121027946472
11.618175983428955
11.605425119400024
11.605481624603271
11.630940914154053
11.630996942520142
11.581739902496338
11.58179795742035
11.713391065597534
11.71344792842865
11.925301909446716
11.925360441207886
12.237924575805664
12.23798155784607
12.09983503818512
12.099893927574158
12.243987441062927
12.24404501914978
12.231099486351013
12.23115599155426
12.109466552734375
12.109524011611938
12.267294526100159
12.267364025115967
12.26116394996643
12.261222004890442
11.947784066200256
11.947843551635742
11.911421418190002
11.911479473114014
11.882408499717712
11.882467031478882
12.136264085769653
12.136321544647217
12.069886922836304
12.069945454597473
12.131794571876526
12.131853103637695
12.330061554908752
12.330119490623474
12.20224153995514
12.20229697227478
12.222443103790283
12.222501039505005
12.219958066940308
12.220014572143555
12.084339380264282
12.084398984909058
12.085529565811157
12.08559799194336
12.056279063224792
12.056336641311646
12.048588037490845
12.048644065856934
12.082046031951904
12.082106471061707
12.09370756149292
12.093766927719116
12.243420004844666
12.243509411811829
12.2362459897995
12.236305475234985
12.431777596473694
12.431838631629944
12.19970703125
12.199764490127563
12.19128668308258
12.191346645355225
12.184580564498901
12.184638619422913
12.361191034317017
12.36124861240387
12.353955149650574
12.354012608528137
12.364150047302246
12.364209055900574
12.365246057510376
12.365303039550781
12.357760906219482
12.3578200340271
12.317565560340881
12.317625164985657
12.564077019691467
12.564135074615479
12.55828857421875
12.558348417282104
12.56749153137207
12.567551493644714
12.560018420219421
12.560107827186584
12.566406965255737
12.566492080688477
12.565959572792053
12.566017985343933
12.559759974479675
12.559815049171448
12.553832054138184
12.553890585899353
12.577909350395203
12.577968001365662
12.90164840221405
12.901751041412354
12.988606452941895
12.988697052001953
12.727570414543152
12.727627515792847
12.732503890991211
12.732562899589539
12.745782375335693
12.745840430259705
12.744353532791138
12.744413018226624
12.736952424049377
12.737011432647705
12.743214011192322
12.743276476860046
12.732621431350708
12.732700109481812
12.783543467521667
12.783601999282837
12.774563312530518
12.774621844291687
12.763895869255066
12.763954997062683
12.771465063095093
12.771525025367737
12.786168575286865
12.786226034164429
12.77992308139801
12.779983043670654
12.80412209033966
12.804181575775146
13.082192540168762
13.08225154876709
13.086013913154602
13.086073517799377
13.07645845413208
13.076537370681763
13.097525000572205
13.09758448600769
13.08720350265503
13.087270021438599
13.088459968566895
13.08851957321167
13.16596794128418
13.166026949882507
13.160269021987915
13.160328984260559
13.612157464027405
13.61223840713501
13.60080897808075
13.60086703300476
13.5911785364151
13.591237425804138
13.631544470787048
13.63160240650177
13.619536995887756
13.619593977928162
13.590130925178528
13.590188980102539
13.68690049648285
13.686958074569702
13.663856506347656
13.663915514945984
13.327574968338013
13.327636003494263
13.319654941558838
13.319713473320007
13.316266417503357
13.316324949264526
13.264490008354187
13.264549970626831
13.248517513275146
13.248576998710632
13.36825144290924
13.36830997467041
13.345920443534851
13.34597897529602
13.304144024848938
13.304203510284424
13.295090913772583
13.295148372650146
13.471771955490112
13.471832871437073
13.48249089717865
13.482547998428345
13.4777330160141
13.47779107093811
13.47126841545105
13.471326470375061
13.478330969810486
13.47839105129242
13.490910053253174
13.490968585014343
13.997346997261047
13.997406005859375
13.643568515777588
13.643627524375916
13.600868582725525
13.600927472114563
13.80822503566742
13.808284044265747
13.81466543674469
13.814725399017334
13.81653904914856
13.816596508026123
13.806638360023499
13.806697010993958
13.810160875320435
13.810219407081604
13.808735489845276
13.80879259109497
13.81495201587677
13.815017461776733
13.813336491584778
13.813395023345947
13.805548548698425
13.805607557296753
13.796980500221252
13.797040104866028
13.815277457237244
13.815361380577087
14.33654499053955
14.336602926254272
14.28731656074524
14.287375092506409
13.681740522384644
13.681801080703735
14.262824058532715
14.26290762424469
14.503499031066895
14.503596425056458
14.224968552589417
14.225025534629822
14.218226075172424
14.218285083770752
14.216610431671143
14.216668963432312
14.215692043304443
14.215749502182007
14.20811641216278
14.208175420761108
14.2155100107193
14.215569019317627
14.220115542411804
14.220173954963684
14.213372945785522
14.213433027267456
14.224089980125427
14.224147915840149
14.215543031692505
14.215600609779358
14.181120038032532
14.181178569793701
14.69646441936493
14.696523070335388
14.683859467506409
14.683919548988342
14.155142545700073
14.155202031135559
14.6717848777771
14.671844482421875
14.612685441970825
14.612744450569153
14.62215006351471
14.622210502624512
15.088826060295105
15.088889956474304
15.07744550704956
15.077504396438599
15.077322483062744
15.077387571334839
15.059918522834778
15.059978008270264
15.04612398147583
15.046182513237
15.045814990997314
15.045876383781433
15.035616993904114
15.03572154045105
15.015620470046997
15.015681982040405
15.047073483467102
15.047136902809143
15.03272008895874
15.0327810049057
15.037240386009216
15.037300944328308
15.025364995002747
15.025424480438232
15.016559481620789
15.016628980636597
15.02289092540741
15.022974371910095
15.032397508621216
15.032507538795471
15.029967427253723
15.03002941608429
15.022200465202332
15.022262930870056
15.011430501937866
15.011492609977722
15.037557005882263
15.037619471549988
15.03442656993866
15.034487009048462
15.027245998382568
15.027308464050293
15.052307963371277
15.052366971969604
15.047498345375061
15.047557950019836
15.05995500087738
15.060016989707947
15.052297472953796
15.052358984947205
15.040727019309998
15.040788054466248
15.03407108783722
15.034132480621338
15.0478515625
15.04791510105133
15.501443982124329
15.501506567001343
15.47728943824768
15.477374911308289
15.51222050189972
15.51228153705597
15.906219601631165
15.90627896785736
15.885863542556763
15.885922908782959
15.87188196182251
15.871941566467285
15.868114471435547
15.86817753314972
15.865442514419556
15.865504026412964
15.858585119247437
15.858649015426636
15.85478389263153
15.854846000671387
15.84732210636139
15.84738802909851
15.84906256198883
15.849122524261475
15.847875475883484
15.847977995872498
15.840877532958984
15.840935468673706
15.82486605644226
15.82492709159851
15.818039536476135
15.81810200214386
15.842565536499023
15.84262752532959
15.837722063064575
15.837785124778748
15.833121061325073
15.833178520202637
15.827374458312988
15.827433466911316
15.820415496826172
15.820474982261658
15.842284917831421
15.842345476150513
15.839867949485779
15.839929461479187
15.828617930412292
15.828681468963623
15.816910982131958
15.816970467567444
15.824106454849243
15.824164867401123
15.832024335861206
15.832085490226746
15.829413056373596
15.829473972320557
15.817972421646118
15.818046927452087
15.809982419013977
15.810043931007385
15.750197052955627
15.750259041786194
