2.7218005657196045
2.721886992454529
2.72195041179657
2.7220094203948975
2.7221325635910034
2.7222249507904053
2.7223010063171387
2.7223615646362305
2.795768618583679
2.795885682106018
2.7959766387939453
2.79671049118042
2.7968406677246094
2.7969125509262085
2.7969995737075806
2.7975711822509766
2.8333635330200195
2.8334394693374634
2.833501935005188
2.8335609436035156
2.8336349725723267
2.8337360620498657
2.8338370323181152
2.8339545726776123
2.8615435361862183
2.8616185188293457
2.8616799116134644
2.8617395162582397
2.861796021461487
2.861886501312256
2.8619900941848755
2.862107992172241
2.9351450204849243
2.935231924057007
2.935294032096863
2.9353519678115845
2.935409903526306
2.935465455055237
2.9355214834213257
2.9355770349502563
2.9824864864349365
2.982569456100464
2.9826329946517944
2.9826905727386475
2.982748031616211
2.982802987098694
2.982913017272949
2.9832435846328735
3.043048620223999
3.0431231260299683
3.043228507041931
3.0433956384658813
3.05104660987854
3.0511730909347534
3.051287531852722
3.051360011100769
3.1132419109344482
3.1133135557174683
3.113374948501587
3.1134610176086426
3.1135324239730835
3.113609552383423
3.1136828660964966
3.113787055015564
3.0973246097564697
3.0973970890045166
3.0974600315093994
3.0976409912109375
3.097720503807068
3.097777485847473
3.097835063934326
3.097890615463257
3.246575951576233
3.246664524078369
3.246725916862488
3.2467830181121826
3.2468384504318237
3.246893882751465
3.246948003768921
3.2470020055770874
3.326142907142639
3.326250910758972
3.32636034488678
3.326432943344116
3.3265539407730103
3.326617956161499
3.3266754150390625
3.3267308473587036
3.275462508201599
3.275536060333252
3.275918483734131
3.2764334678649902
3.276522994041443
3.276583433151245
3.276643991470337
3.276700496673584
3.308772921562195
3.3088419437408447
3.308901071548462
3.3091315031051636
3.3092164993286133
3.3092758655548096
3.309332847595215
3.3093883991241455
3.3578100204467773
3.3578840494155884
3.3579444885253906
3.358054041862488
3.358538508415222
3.358610510826111
3.3586699962615967
3.35872745513916
3.398132562637329
3.3982045650482178
3.398305058479309
3.3984010219573975
3.398470640182495
3.3985260725021362
3.3985811471939087
3.3986340761184692
3.4376111030578613
3.4376825094223022
3.4377834796905518
3.4450196027755737
3.445202112197876
3.4452730417251587
3.4453340768814087
3.4454740285873413
3.7074015140533447
3.708395481109619
3.708545446395874
3.7087494134902954
3.716692090034485
3.7167749404907227
3.716989517211914
3.717061996459961
3.6287139654159546
3.6287829875946045
3.6292920112609863
3.629377007484436
3.6298190355300903
3.629921078681946
3.629987955093384
3.6301469802856445
3.685822010040283
3.68588387966156
3.6936389207839966
3.6937350034713745
3.6937954425811768
3.6938499212265015
3.693905472755432
3.6940250396728516
3.6919153928756714
3.6919939517974854
3.692054033279419
3.69210946559906
3.692312002182007
3.692379951477051
3.6924389600753784
3.6925655603408813
3.719859004020691
3.720724582672119
3.729092001914978
3.72917902469635
3.729238510131836
3.729398012161255
3.7294729948043823
3.7296210527420044
3.779572010040283
3.7807395458221436
3.780823588371277
3.7808820009231567
3.780938506126404
3.7809940576553345
3.7810490131378174
3.7811025381088257
3.823639988899231
3.8237149715423584
3.8237783908843994
3.8238348960876465
3.823891043663025
3.823944926261902
3.82399845123291
3.8240514993667603
4.194307923316956
4.194377899169922
4.194523453712463
4.202484965324402
4.202572464942932
4.202630996704102
4.202893018722534
4.202967524528503
4.202170014381409
4.202234506607056
4.2022929191589355
4.202349424362183
4.202404856681824
4.202458381652832
4.202512979507446
4.202566385269165
4.251238465309143
4.251308083534241
4.251368522644043
4.25142502784729
4.251479506492615
4.251531958580017
4.251587510108948
4.2516419887542725
4.285221338272095
4.285290479660034
4.285349011421204
4.285404443740845
4.2854578495025635
4.285510420799255
4.285629391670227
4.2856868505477905
4.317351460456848
4.31742250919342
4.317486524581909
4.317589044570923
4.3176610469818115
4.317716002464294
4.317770004272461
4.317905068397522
4.334178566932678
4.3343271017074585
4.334397554397583
4.3344550132751465
4.334513068199158
4.334566116333008
4.334686517715454
4.33475649356842
5.1568814516067505
5.156945466995239
5.157003998756409
5.157257437705994
5.157325506210327
5.157382011413574
5.157435894012451
5.157490491867065
5.152026057243347
5.152086019515991
5.152142524719238
5.152196526527405
5.152248501777649
5.152299523353577
5.152350068092346
5.152401447296143
5.192773103713989
5.192925453186035
5.193001627922058
5.19306206703186
5.193118572235107
5.19317352771759
5.193228006362915
5.193283438682556
5.250531077384949
5.2505940198898315
5.250652551651001
5.25070858001709
5.250769019126892
5.250823616981506
5.250880002975464
5.25093412399292
5.235787391662598
5.235852479934692
5.235911965370178
5.235969424247742
5.236027479171753
5.23608136177063
5.236133933067322
5.23618745803833
5.336996555328369
5.337059020996094
5.337117075920105
5.337173581123352
5.337301969528198
5.337370038032532
5.337427496910095
5.3374855518341064
5.353216528892517
5.353278040885925
5.353335022926331
5.353390097618103
5.353444576263428
5.353496551513672
5.353548049926758
5.3536070585250854
5.328577041625977
5.328635931015015
5.328691482543945
5.328744411468506
5.328796982765198
5.328847885131836
5.3288984298706055
5.328950524330139
5.289710521697998
5.289767861366272
5.28982400894165
5.289876937866211
5.289950013160706
5.29001247882843
5.290068984031677
5.290122985839844
5.275624990463257
5.275690078735352
5.275749564170837
5.275807976722717
5.275864601135254
5.275968551635742
5.27603805065155
5.276097536087036
5.246348023414612
5.246410012245178
5.246467471122742
5.246524453163147
5.246579527854919
5.246632933616638
5.24668550491333
5.246739983558655
5.191789984703064
5.19185197353363
5.191908478736877
5.191962480545044
5.192017555236816
5.192070007324219
5.192123532295227
5.192176938056946
5.18815803527832
5.188215494155884
5.188270092010498
5.188322067260742
5.1883721351623535
5.188421010971069
5.1884695291519165
5.188520073890686
5.24796199798584
5.248022079467773
5.2480785846710205
5.248164534568787
5.248254060745239
5.248307585716248
5.248358607292175
5.248410582542419
6.15696394443512
6.157024025917053
6.157096862792969
6.157154440879822
6.157207489013672
6.1572585105896
6.157307028770447
6.157359004020691
6.071445941925049
6.071505904197693
6.071562051773071
6.071619987487793
6.071673035621643
6.071723937988281
6.071772456169128
6.07182502746582
6.058135509490967
6.058197498321533
6.058281064033508
6.058337450027466
6.058391451835632
6.058441996574402
6.058490514755249
6.058541536331177
6.010704040527344
6.010760545730591
6.010813593864441
6.010864019393921
6.010916113853455
6.010966062545776
6.011012554168701
6.011062026023865
5.976303935050964
5.976359963417053
5.976412534713745
5.976464033126831
5.976513981819153
5.976563453674316
5.976611018180847
5.976668477058411
6.098289966583252
6.098346471786499
6.098403453826904
6.098456025123596
6.098512530326843
6.098562002182007
6.098609447479248
6.098659992218018
6.075513482093811
6.075568914413452
6.075623035430908
6.0756765604019165
6.075757026672363
6.07581102848053
6.075860500335693
6.075912952423096
6.043600559234619
6.043653964996338
6.043706059455872
6.043754458427429
6.043801546096802
6.043848037719727
6.043892502784729
6.043939471244812
5.911710977554321
5.911767959594727
5.911821484565735
5.911871433258057
5.911919832229614
5.911967515945435
5.91203236579895
5.912086367607117
5.871251463890076
5.871304988861084
5.8713566064834595
5.871405005455017
5.871453046798706
5.871500015258789
5.8715455532073975
5.871594071388245
5.98999547958374
5.990051984786987
5.990105986595154
5.990157961845398
5.9902104139328
5.99026095867157
5.990312457084656
5.9903634786605835
5.837570071220398
5.837627053260803
5.837679982185364
5.837732434272766
5.83778703212738
5.837835431098938
5.837881565093994
5.837931036949158
5.964537501335144
5.964593052864075
5.964646935462952
5.964697957038879
5.964746952056885
5.964794993400574
5.96484100818634
5.964890480041504
5.930231928825378
5.930283427238464
5.930331468582153
5.930378437042236
5.9304234981536865
5.930467963218689
5.930509448051453
5.930564522743225
5.876416563987732
5.876469969749451
5.876521468162537
5.876572012901306
5.876620531082153
5.876667499542236
5.876713037490845
5.876761436462402
5.784408450126648
5.784472942352295
5.784524440765381
5.784716844558716
5.784778475761414
5.784829378128052
5.784876465797424
5.784927010536194
5.836040496826172
5.836095094680786
5.8361464738845825
5.83619749546051
5.836245536804199
5.836293578147888
5.836345076560974
5.8363940715789795
5.776915431022644
5.77696692943573
5.7770185470581055
5.777066469192505
5.777114033699036
5.7771605253219604
5.7772040367126465
5.777251958847046
5.654732942581177
5.654791593551636
5.654848098754883
5.654946446418762
5.655032515525818
5.655089497566223
5.655140042304993
5.655192971229553
5.60061252117157
5.600679993629456
5.600741028785706
5.600796461105347
5.60084855556488
5.60089898109436
5.600947618484497
5.601061463356018
5.548200011253357
5.548257112503052
5.54831063747406
5.548362493515015
5.548412084579468
5.548461079597473
5.548508167266846
5.548557162284851
5.4919105768203735
5.491966485977173
5.492026448249817
5.492078900337219
5.492128491401672
5.4921770095825195
5.492223024368286
5.492272973060608
5.4271299839019775
5.4271849393844604
5.427235960960388
5.427325487136841
5.427377462387085
5.42742645740509
5.427482008934021
5.4275360107421875
6.223090052604675
6.223149657249451
6.223205089569092
6.223260045051575
6.223320007324219
6.223369002342224
6.223415970802307
6.2234660387039185
6.151165127754211
6.151220917701721
6.151275038719177
6.15132749080658
6.1513789892196655
6.151427984237671
6.151474952697754
6.151525974273682
6.084621548652649
6.084679484367371
6.0847355127334595
6.084787487983704
6.084836959838867
6.084885001182556
6.084931015968323
6.084981560707092
6.869638562202454
6.869695544242859
6.869747042655945
6.869818568229675
6.869891047477722
6.869940996170044
6.869987607002258
6.870038032531738
6.8292999267578125
6.829357385635376
6.82940936088562
6.829460382461548
6.829511880874634
6.829558372497559
6.829605460166931
6.829654932022095
6.7604464292526245
6.760502815246582
6.760555863380432
6.76060688495636
6.760656476020813
6.76070249080658
6.760752439498901
6.760802388191223
6.835209965705872
6.835266947746277
6.835318922996521
6.835370421409607
6.8354198932647705
6.835476875305176
6.83552098274231
6.835568904876709
6.79932165145874
6.7993751764297485
6.7994256019592285
6.79947555065155
6.7995240688323975
6.799569606781006
6.7996145486831665
6.7996625900268555
6.737586498260498
6.737639427185059
6.737690448760986
6.737740516662598
6.737788915634155
6.7378339767456055
6.737881422042847
6.737930417060852
6.72201144695282
6.7220669984817505
6.722118973731995
6.722169995307922
6.722219944000244
6.722265958786011
6.722311496734619
6.722360372543335
6.730214953422546
6.730275988578796
6.730330586433411
6.730385065078735
6.73043692111969
6.730485439300537
6.730533003807068
6.730585098266602
6.700160026550293
6.7002174854278564
6.700270056724548
6.700324058532715
6.700375437736511
6.700423955917358
6.700474977493286
6.700526475906372
6.6602665185928345
6.6603264808654785
6.660382032394409
6.660437107086182
6.660488963127136
6.660537600517273
6.660585045814514
6.660640120506287
6.640058875083923
6.640114426612854
6.64016592502594
6.640240907669067
6.640295028686523
6.640357971191406
6.640405535697937
6.640457510948181
6.618013024330139
6.618070602416992
6.618123531341553
6.618174910545349
6.618225932121277
6.618271470069885
6.618317008018494
6.618367075920105
6.6387550830841064
6.638810992240906
6.638864159584045
6.638916015625
6.638968586921692
6.639016032218933
6.6390620470047
6.639112591743469
6.58110511302948
6.58116602897644
6.581222057342529
6.58127748966217
6.581342577934265
6.581408500671387
6.581461071968079
6.58151912689209
6.5599305629730225
6.559990048408508
6.560046553611755
6.560101509094238
6.560155630111694
6.560205578804016
6.560253620147705
6.560307025909424
6.5182600021362305
6.51831841468811
6.518373012542725
6.518431544303894
6.5185240507125854
6.518581986427307
6.5186320543289185
6.518692970275879
6.516249895095825
6.516315460205078
6.516371846199036
6.516423940658569
6.516475439071655
6.516522407531738
6.516568899154663
6.516619443893433
6.574237585067749
6.574291110038757
6.574341058731079
6.574390530586243
6.574438571929932
6.574483036994934
6.57452654838562
6.574573516845703
6.472615957260132
6.472672820091248
6.472751975059509
6.472833871841431
6.472916841506958
6.472982883453369
6.473034381866455
6.473088383674622
6.440163493156433
6.440223574638367
6.440279006958008
6.440334439277649
6.440413475036621
6.440466046333313
6.440516471862793
6.440572023391724
6.407519578933716
6.407586097717285
6.407642483711243
6.407698035240173
6.407750964164734
6.407800555229187
6.407848954200745
6.4079025983810425
6.371690988540649
6.371769070625305
6.37182354927063
6.371877431869507
6.37196147441864
6.372019052505493
6.37206757068634
6.372120022773743
6.573688983917236
6.573745489120483
6.5737974643707275
6.573850035667419
6.573901534080505
6.573948502540588
6.573994517326355
6.5740450620651245
6.433987498283386
6.434046030044556
6.434097528457642
6.434147953987122
6.434198498725891
6.4342440366744995
6.43428897857666
6.434338569641113
6.391492962837219
6.391559958457947
6.391613006591797
6.391674995422363
6.391726016998291
6.391772031784058
6.391852498054504
6.391911506652832
6.487266898155212
6.487324357032776
6.487377882003784
6.487430930137634
6.487482905387878
6.487557411193848
6.487607359886169
6.4876638650894165
6.441741108894348
6.441803574562073
6.441860556602478
6.441915512084961
6.441969513893127
6.442020535469055
6.44207501411438
6.442129015922546
6.381661891937256
6.381722450256348
6.381778359413147
6.3818323612213135
6.381884813308716
6.381934404373169
6.381982326507568
6.3820343017578125
6.312699913978577
6.312758922576904
6.312814950942993
6.312873005867004
6.3129249811172485
6.3129730224609375
6.313021540641785
6.313073396682739
6.379840016365051
6.3798980712890625
6.379952073097229
6.380003094673157
6.3800530433654785
6.380099534988403
6.3801445960998535
6.3801960945129395
6.293455958366394
6.293511986732483
6.293563961982727
6.293615937232971
6.2936660051345825
6.293712496757507
6.293757438659668
6.293806433677673
6.350359082221985
6.350416541099548
6.350470662117004
6.350524067878723
6.350576043128967
6.350625038146973
6.350672125816345
6.350725054740906
6.2519025802612305
6.251965045928955
6.252020478248596
6.252076983451843
6.252132534980774
6.2521830797195435
6.252232551574707
6.2522876262664795
6.206723570823669
6.206778526306152
6.206830620765686
6.206883072853088
6.206933975219727
6.20698094367981
6.207027554512024
6.2070780992507935
6.21806001663208
6.218116044998169
6.218171954154968
6.218222975730896
6.21827244758606
6.218317985534668
6.218362927436829
6.218411564826965
6.1641587018966675
6.164225101470947
6.164280533790588
6.16433310508728
6.16438364982605
6.164433121681213
6.164504647254944
6.1645625829696655
6.300458550453186
6.300514578819275
6.300566554069519
6.300617098808289
6.300666093826294
6.30072557926178
6.300771117210388
6.300822496414185
6.248231053352356
6.248288035392761
6.248345494270325
6.248399019241333
6.248451113700867
6.248499512672424
6.248546481132507
6.248598098754883
6.191885590553284
6.191940546035767
6.191991925239563
6.1920435428619385
6.19209349155426
6.192140579223633
6.1921855211257935
6.192234396934509
6.138603925704956
6.138657331466675
6.13870894908905
6.138759016990662
6.138808846473694
6.138854384422302
6.138899445533752
6.138948440551758
6.099313974380493
6.099370956420898
6.099424481391907
6.099477410316467
6.099528551101685
6.099575400352478
6.099621891975403
6.099671959877014
6.215088963508606
6.215145945549011
6.215200424194336
6.215261459350586
6.215324521064758
6.215386986732483
6.21545147895813
6.215520024299622
6.182711958885193
6.182770490646362
6.182824015617371
6.182876467704773
6.1829304695129395
6.182985544204712
6.183032035827637
6.183082938194275
6.155056595802307
6.155115008354187
6.155168175697327
6.155219078063965
6.155269503593445
6.155315637588501
6.155360579490662
6.155409574508667
6.030739068984985
6.03080153465271
6.0308555364608765
6.030907988548279
6.03095805644989
6.031005024909973
6.0310505628585815
6.031124472618103
6.056592583656311
6.056652665138245
6.056707143783569
6.05676007270813
6.056811571121216
6.056860089302063
6.056907057762146
6.056959509849548
6.009952425956726
6.010011911392212
6.010067939758301
6.010147929191589
6.010204434394836
6.01025390625
6.010301470756531
6.0103520154953
5.983047008514404
5.983119010925293
5.983176946640015
5.9832295179367065
5.983315587043762
5.9833714962005615
5.983423471450806
5.983475565910339
5.9408265352249146
5.940885543823242
5.9409403800964355
5.940994024276733
5.941085457801819
5.9411399364471436
5.941189408302307
5.941241502761841
6.242296576499939
6.242358446121216
6.2424139976501465
6.242470026016235
6.242522597312927
6.242572069168091
6.24261999130249
6.242674946784973
6.189226508140564
6.189286470413208
6.189340949058533
6.189393997192383
6.189447522163391
6.189514875411987
6.189567446708679
6.189623475074768
6.138538837432861
6.138596892356873
6.138652443885803
6.138704419136047
6.1387540102005005
6.138800501823425
6.138845920562744
6.138894438743591
6.105652928352356
6.105709910392761
6.105761408805847
6.105812907218933
6.105863451957703
6.105912923812866
6.105958938598633
6.1060099601745605
6.074371933937073
6.074432015419006
6.074485898017883
6.074540495872498
6.0745929479599
6.074642539024353
6.074690580368042
6.07474148273468
6.021287560462952
6.021344423294067
6.021397948265076
6.021456003189087
6.021508574485779
6.021556496620178
6.021603584289551
6.021654486656189
5.969400644302368
5.969457626342773
5.969509601593018
5.969561576843262
5.969611644744873
5.969658136367798
5.9697041511535645
5.969753623008728
6.949306488037109
6.949373006820679
6.94942843914032
6.949482440948486
6.949535012245178
6.949583530426025
6.949630975723267
6.9496824741363525
8.081357479095459
8.08141541481018
8.081467986106873
8.081519961357117
8.081568956375122
8.08161449432373
8.08165955543518
8.081707000732422
8.045138597488403
8.04519498348236
8.045251965522766
8.045305013656616
8.045356512069702
8.045403480529785
8.045449018478394
8.045498967170715
8.009519577026367
8.009572982788086
8.009624481201172
8.009675979614258
8.009724020957947
8.009771466255188
8.00981605052948
8.009862422943115
8.086868047714233
8.0869220495224
8.086974024772644
8.087026000022888
8.087098598480225
8.087146997451782
8.087220072746277
8.087324619293213
8.049490571022034
8.04957103729248
8.0496324300766
8.049699544906616
8.04975152015686
8.049797534942627
8.049842953681946
8.049891591072083
8.020776510238647
8.0208340883255
8.020887613296509
8.020941495895386
8.020992159843445
8.021040558815002
8.021087050437927
8.021152019500732
7.988083481788635
7.988139390945435
7.988192439079285
7.988244414329529
7.9882988929748535
7.988345980644226
7.988391995429993
7.988461971282959
7.952622056007385
7.952684044837952
7.952735066413879
7.952786087989807
7.952833533287048
7.952879548072815
7.952952980995178
7.953003525733948
7.9431843757629395
7.9432419538497925
7.943297386169434
7.9433499574661255
7.943405866622925
7.943451881408691
7.943496942520142
7.943542957305908
7.936344504356384
7.936403512954712
7.936458587646484
7.936512470245361
7.936563491821289
7.93661093711853
7.936658501625061
7.936707496643066
7.924268484115601
7.924329519271851
7.9244160652160645
7.92448103427887
7.924532890319824
7.92458188533783
7.924633979797363
7.924685478210449
7.892221093177795
7.892279028892517
7.892332077026367
7.8923845291137695
7.892435073852539
7.89248263835907
7.892533659934998
7.892583608627319
7.858710527420044
7.858768105506897
7.858822584152222
7.858875036239624
7.858924984931946
7.858972549438477
7.859019041061401
7.859068036079407
7.824363589286804
7.824419975280762
7.824473023414612
7.824525594711304
7.8245755434036255
7.82462203502655
7.824668526649475
7.824717044830322
7.780466556549072
7.7805235385894775
7.78057599067688
7.780627965927124
7.780676484107971
7.780722498893738
7.780767917633057
7.780815482139587
7.754567503929138
7.754622101783752
7.75467312335968
7.754725456237793
7.75477409362793
7.754819989204407
7.754865646362305
7.754913091659546
7.83473002910614
7.834785461425781
7.834837436676025
7.834889531135559
7.8349385261535645
7.834985017776489
7.835031032562256
7.835078954696655
7.793931007385254
7.794017910957336
7.794077515602112
7.794155955314636
7.794218063354492
7.794268012046814
7.794314980506897
7.794363498687744
7.76368260383606
7.7637399435043335
7.763792991638184
7.763844966888428
7.763895034790039
7.763942003250122
7.763988494873047
7.764037013053894
7.708376526832581
7.708432555198669
7.708485007286072
7.7085371017456055
7.708585977554321
7.708631992340088
7.708678483963013
7.70872700214386
7.675171852111816
7.675241947174072
7.675320982933044
7.6753764152526855
7.6754268407821655
7.675473928451538
7.675518870353699
7.675565958023071
7.7355570793151855
7.735615491867065
7.735667586326599
7.735720634460449
7.735795617103577
7.735864520072937
7.735916018486023
7.735965132713318
7.696323037147522
7.696382999420166
7.696440577507019
7.696494936943054
7.696547985076904
7.69659698009491
7.696643948554993
7.69669497013092
7.671574950218201
7.67163348197937
7.671688437461853
7.6717435121536255
7.671795010566711
7.671842455863953
7.671889424324036
7.671943426132202
7.632571458816528
7.632628440856934
7.632680416107178
7.632738947868347
7.632786989212036
7.6328325271606445
7.632876515388489
7.632922410964966
7.570210337638855
7.570266842842102
7.57037889957428
7.570443391799927
7.570494890213013
7.570541858673096
7.5705883502960205
7.570660829544067
7.570002555847168
7.570055961608887
7.570106506347656
7.570158004760742
7.570211052894592
7.570257067680359
7.570301532745361
7.570348501205444
7.503020644187927
7.5030776262283325
7.503131151199341
7.503186106681824
7.503262162208557
7.503315687179565
7.503363609313965
7.503414630889893
7.440793991088867
7.440852522850037
7.440906405448914
7.4409589767456055
7.4410094022750854
7.441057443618774
7.441103935241699
7.441153407096863
8.081953048706055
8.082011580467224
8.082067012786865
8.082119584083557
8.082169532775879
8.08221709728241
8.082262992858887
8.082309007644653
8.137463569641113
8.137520432472229
8.137574434280396
8.137627482414246
8.137677431106567
8.137724995613098
8.137771487236023
8.137817978858948
8.100244402885437
8.100300312042236
8.100353837013245
8.100405931472778
8.100455403327942
8.100523829460144
8.100577354431152
8.100646495819092
8.053343653678894
8.053401589393616
8.053455591201782
8.053507566452026
8.053557634353638
8.053605079650879
8.053678631782532
8.05373764038086
8.003975987434387
8.004034876823425
8.00408947467804
8.004142999649048
8.004194378852844
8.004248023033142
8.004294991493225
8.00434148311615
8.036854028701782
8.03691053390503
8.036992073059082
8.037050008773804
8.037103533744812
8.037152528762817
8.037199974060059
8.037246942520142
8.008764505386353
8.008828997612
8.008889079093933
8.008949518203735
8.009005069732666
8.009057521820068
8.00911009311676
8.009162545204163
7.971975564956665
7.972035050392151
7.97209107875824
7.972144603729248
7.97219717502594
7.972245097160339
7.972292542457581
7.972340106964111
7.932991981506348
7.933050513267517
7.933106064796448
7.9331594705581665
7.93320894241333
7.933256030082703
7.933303475379944
7.933349967002869
7.961696982383728
7.961753010749817
7.961805939674377
7.961856961250305
7.961905002593994
7.961951494216919
7.961997985839844
7.962043523788452
7.937522053718567
7.937581539154053
7.937637090682983
7.93769097328186
7.937740921974182
7.937789559364319
7.937836527824402
7.937883496284485
7.899775981903076
7.899835467338562
7.899893045425415
7.8999470472335815
7.8999985456466675
7.900047063827515
7.900094509124756
7.900141954421997
7.862081408500671
7.862138986587524
7.862192988395691
7.86224639415741
7.862297415733337
7.8623493909835815
7.8623963594436646
7.862443447113037
7.898455500602722
7.898512005805969
7.8985655307769775
7.898617386817932
7.898667573928833
7.898714065551758
7.898759484291077
7.898805022239685
7.860020995140076
7.8600815534591675
7.860140442848206
7.860195517539978
7.860273003578186
7.860326409339905
7.860376477241516
7.860424518585205
7.803408980369568
7.803465962409973
7.803519010543823
7.803571462631226
7.803621530532837
7.80366849899292
7.803715467453003
7.8037614822387695
7.880756497383118
7.880813479423523
7.8808664083480835
7.880919456481934
7.880967974662781
7.8810155391693115
7.88106107711792
7.881106495857239
7.824666500091553
7.824722051620483
7.824773550033569
7.8248255252838135
7.824874043464661
7.824919581413269
7.824964642524719
7.82500958442688
7.796425938606262
7.79648745059967
7.7965439558029175
7.7965989112854
7.796651005744934
7.796700358390808
7.796748399734497
7.796795964241028
7.810420870780945
7.810479521751404
7.810532450675964
7.810584902763367
7.810638427734375
7.810685396194458
7.810731887817383
7.810777425765991
7.724081993103027
7.7241370677948
7.72419011592865
7.724241495132446
7.724295496940613
7.724342107772827
7.724387526512146
7.724432110786438
7.758394002914429
7.75845193862915
7.758507966995239
7.758562445640564
7.7586129903793335
7.758661508560181
7.758708477020264
7.758755564689636
7.71000611782074
7.710065007209778
7.710119605064392
7.710174083709717
7.7102251052856445
7.71027410030365
7.710320949554443
7.710368514060974
7.677970886230469
7.678029894828796
7.678088426589966
7.678142428398132
7.678193926811218
7.678241491317749
7.678288459777832
7.678334474563599
7.772300481796265
7.7723565101623535
7.772408127784729
7.772459983825684
7.772508978843689
7.772555470466614
7.772605538368225
7.7726510763168335
7.618257522583008
7.618314981460571
7.618368983268738
7.618422031402588
7.618480920791626
7.618530035018921
7.618577480316162
7.618625521659851
7.794224977493286
7.794283986091614
7.79433798789978
7.794391989707947
7.794442534446716
7.794490933418274
7.7945380210876465
7.794584035873413
7.74764358997345
7.74770200252533
7.747755527496338
7.747810125350952
7.74786102771759
7.747910022735596
7.7479575872421265
7.748005151748657
7.857661008834839
7.857717990875244
7.857771396636963
7.857822418212891
7.857870936393738
7.857917428016663
7.857963442802429
7.858008980751038
7.806805372238159
7.806859850883484
7.806910872459412
7.806961894035339
7.8070104122161865
7.807055950164795
7.807101011276245
7.807150363922119
7.75396192073822
7.7540165185928345
7.754068970680237
7.754120945930481
7.754169464111328
7.754215955734253
7.754261493682861
7.754306435585022
7.706535577774048
7.7065935134887695
7.706647515296936
7.70670211315155
7.7068846225738525
7.7069480419158936
7.706999063491821
7.707046627998352
7.640233039855957
7.640287637710571
7.640339493751526
7.6403950452804565
7.64044451713562
7.640491008758545
7.640536069869995
7.640581011772156
7.592466592788696
7.592521071434021
7.592572569847107
7.592624545097351
7.592673659324646
7.592719554901123
7.5927650928497314
7.592810153961182
8.754968404769897
8.755028009414673
8.75508189201355
8.75513744354248
8.755188941955566
8.755236506462097
8.75528359413147
8.755329966545105
8.720079064369202
8.720133423805237
8.720188975334167
8.720240473747253
8.720288395881653
8.720345497131348
8.720391511917114
8.720436930656433
8.675541520118713
8.675595998764038
8.675656080245972
8.675709009170532
8.675758600234985
8.675817489624023
8.675874590873718
8.675921440124512
8.655043959617615
8.655100464820862
8.655152559280396
8.65520453453064
8.655253410339355
8.655299425125122
8.655344486236572
8.655389547348022
8.631901502609253
8.631961464881897
8.632017016410828
8.632071495056152
8.632122993469238
8.632171511650085
8.632220029830933
8.632266521453857
8.59639859199524
8.596454620361328
8.596504926681519
8.596555948257446
8.596605062484741
8.59665060043335
8.596696019172668
8.59674060344696
8.556318998336792
8.556376099586487
8.556428074836731
8.556479096412659
8.556531071662903
8.556581139564514
8.556625008583069
8.556669116020203
8.518041968345642
8.518099069595337
8.518149971961975
8.518201470375061
8.518249988555908
8.518295526504517
8.518339991569519
8.518384456634521
8.717738032341003
8.717795014381409
8.717846632003784
8.717898964881897
8.717949032783508
8.717995524406433
8.718042492866516
8.718088030815125
8.680086970329285
8.680145859718323
8.680200457572937
8.680253386497498
8.680303454399109
8.680349469184875
8.6803959608078
8.680441498756409
8.649170875549316
8.649229526519775
8.649281978607178
8.64933443069458
8.649383902549744
8.649430871009827
8.649477481842041
8.64952290058136
8.613770008087158
8.613829016685486
8.613912463188171
8.613973021507263
8.614025473594666
8.614073514938354
8.614124417304993
8.614171504974365
8.573957562446594
8.574015378952026
8.574068427085876
8.574121475219727
8.574172019958496
8.574219465255737
8.574265003204346
8.574309945106506
8.533527493476868
8.533586025238037
8.533637523651123
8.533690571784973
8.53374195098877
8.533789038658142
8.53383457660675
8.533880472183228
8.507058501243591
8.507117509841919
8.507176518440247
8.507229924201965
8.507279992103577
8.507327437400818
8.507378458976746
8.50742495059967
8.456364870071411
8.456424355506897
8.456477880477905
8.456530928611755
8.456610918045044
8.456674456596375
8.456727385520935
8.456774353981018
8.404521942138672
8.404580950737
8.40463650226593
8.404690980911255
8.404741406440735
8.404790043830872
8.404837965965271
8.404883861541748
8.465575456619263
8.465636491775513
8.46569049358368
8.465751051902771
8.465800046920776
8.465847492218018
8.465893507003784
8.465939044952393
8.413798451423645
8.413860440254211
8.413916945457458
8.413974523544312
8.414027571678162
8.414076566696167
8.414143085479736
8.414204955101013
8.747190952301025
8.74725091457367
8.747307062149048
8.747361540794373
8.747413516044617
8.747462034225464
8.747509956359863
8.747593522071838
8.711152076721191
8.711213111877441
8.711269497871399
8.711325645446777
8.711378574371338
8.711427092552185
8.711475491523743
8.711522579193115
8.675917029380798
8.675978541374207
8.67604947090149
8.676137447357178
8.676193952560425
8.676247000694275
8.676295518875122
8.676343441009521
8.663263440132141
8.663390517234802
8.663457036018372
8.663517951965332
8.663572549819946
8.663623571395874
8.663671970367432
8.663721442222595
8.612199544906616
8.612262487411499
8.612319469451904
8.612380504608154
8.612434983253479
8.612485408782959
8.61253547668457
8.612584590911865
8.561965942382812
8.562029004096985
8.56208598613739
8.562142491340637
8.562316060066223
8.562371969223022
8.56242299079895
8.562472462654114
8.593862891197205
8.59392249584198
8.593976974487305
8.59408700466156
8.594143986701965
8.594195365905762
8.594244956970215
8.59429395198822
8.558263421058655
8.558329463005066
8.558387994766235
8.558444499969482
8.558498978614807
8.558549880981445
8.558599948883057
8.558648943901062
8.5062655210495
8.506329417228699
8.506386399269104
8.506446361541748
8.506538391113281
8.506594896316528
8.506651401519775
8.506720423698425
8.449045062065125
8.44910752773285
8.44916546344757
8.449220538139343
8.449272990226746
8.449324011802673
8.449403047561646
8.449495553970337
8.39019238948822
8.390253901481628
8.390308380126953
8.390363454818726
8.39041543006897
8.390465021133423
8.390512943267822
8.390560388565063
8.339087963104248
8.33914840221405
8.339203953742981
8.339259028434753
8.339311003684998
8.339359521865845
8.339407563209534
8.339455008506775
8.276952624320984
8.277016043663025
8.27707302570343
8.277132034301758
8.277186036109924
8.277236580848694
8.277284979820251
8.277334094047546
8.802942514419556
8.80300760269165
8.803063035011292
8.803117990493774
8.803170084953308
8.803226590156555
8.80328094959259
8.803330540657043
8.737207412719727
8.737269401550293
8.737324476242065
8.737379550933838
8.737430453300476
8.737479448318481
8.73752748966217
8.737574934959412
8.944784998893738
8.944844961166382
8.944902062416077
8.94495952129364
8.945014595985413
8.945065021514893
8.94511353969574
8.945162057876587
8.884010553359985
8.88407051563263
8.884125471115112
8.884179472923279
8.884243488311768
8.88429307937622
8.884342074394226
8.884389996528625
8.825515031814575
8.825572490692139
8.825628519058228
8.825685024261475
8.825736045837402
8.825783491134644
8.825831055641174
8.825878024101257
8.757309556007385
8.757369995117188
8.757423996925354
8.757480025291443
8.757532000541687
8.757580041885376
8.757627606391907
8.7576744556427
8.698046922683716
8.69810688495636
8.69815993309021
8.698215365409851
8.698267340660095
8.69831645488739
8.698363900184631
8.698411464691162
8.661215901374817
8.661276936531067
8.661341428756714
8.661396384239197
8.661450386047363
8.661499500274658
8.6615469455719
8.66159451007843
8.609972596168518
8.610039591789246
8.610094547271729
8.610150575637817
8.610202550888062
8.610251545906067
8.61029851436615
8.610345602035522
8.57476544380188
8.574824929237366
8.57487940788269
8.574934959411621
8.57498550415039
8.57503604888916
8.575082898139954
8.575129389762878
8.521093487739563
8.521153092384338
8.521206021308899
8.521260023117065
8.521311402320862
8.521358489990234
8.52140498161316
8.521450996398926
8.484777450561523
8.484837412834167
8.484928846359253
8.485012888908386
8.485069394111633
8.485118865966797
8.485166907310486
8.48521339893341
8.435388326644897
8.435447931289673
8.43550193309784
8.435555458068848
8.43560540676117
8.435653448104858
8.4357008934021
8.435757398605347
8.484028458595276
8.48408555984497
8.48414397239685
8.484194040298462
8.48424208164215
8.484287023544312
8.484331011772156
8.484375
8.43084192276001
8.430897951126099
8.430948495864868
8.43100094795227
8.43104898929596
8.431095480918884
8.431139945983887
8.43118441104889
8.375541090965271
8.375598549842834
8.375650525093079
8.375702023506165
8.37575113773346
8.375796556472778
8.375841498374939
8.37588655948639
8.658867597579956
8.658925652503967
8.658978581428528
8.65903103351593
8.659084558486938
8.65913212299347
8.659208536148071
8.659258604049683
8.609727501869202
8.609787106513977
8.609866619110107
8.609925031661987
8.60997748374939
8.610026597976685
8.610073566436768
8.610119938850403
8.557559967041016
8.55762004852295
8.557672500610352
8.557727932929993
8.557777523994446
8.557823538780212
8.557868957519531
8.557914018630981
8.50516152381897
8.505221962928772
8.505275011062622
8.505327463150024
8.505375981330872
8.505422472953796
8.505468010902405
8.505512475967407
8.466114044189453
8.466172099113464
8.466225028038025
8.466277599334717
8.466327548027039
8.466374635696411
8.466421008110046
8.466468572616577
9.436131477355957
9.43618905544281
9.436242938041687
9.436295986175537
9.4363454580307
9.436393022537231
9.43644404411316
9.436491012573242
9.387477397918701
9.387537479400635
9.387592434883118
9.387646555900574
9.387699007987976
9.387801051139832
9.387861490249634
9.387911438941956
9.329204440116882
9.329263925552368
9.329317927360535
9.329382419586182
9.329439997673035
9.329488515853882
9.32953655719757
9.329583406448364
10.55582344532013
10.555882573127747
10.555962443351746
10.556018471717834
10.556101560592651
10.556154012680054
10.556202054023743
10.556262493133545
10.546968936920166
10.5470290184021
10.547083616256714
10.547135591506958
10.54718804359436
10.547237038612366
10.547285079956055
10.547332525253296
10.529945492744446
10.530012488365173
10.530071020126343
10.530126452445984
10.530181050300598
10.530349969863892
10.530418515205383
10.530471444129944
10.497460007667542
10.497522115707397
10.497579097747803
10.497666597366333
10.49773359298706
10.497785568237305
10.49783456325531
10.497883081436157
10.469098448753357
10.469165921211243
10.469220995903015
10.469272494316101
10.469323515892029
10.46937096118927
10.469417452812195
10.46946394443512
10.459321975708008
10.459383487701416
10.459438443183899
10.45949101448059
10.459542036056519
10.459591031074524
10.459638476371765
10.459686040878296
10.443957090377808
10.444018125534058
10.444073557853699
10.44412648677826
10.44417953491211
10.444229483604431
10.444289088249207
10.444336533546448
10.431058049201965
10.431118488311768
10.43117356300354
10.431225538253784
10.431276082992554
10.431324481964111
10.43137264251709
10.431420087814331
10.402904629707336
10.402963042259216
10.40302050113678
10.40307092666626
10.403120994567871
10.403168082237244
10.40321397781372
10.403259038925171
10.353406548500061
10.35346257686615
10.353514552116394
10.353565096855164
10.353615522384644
10.353661060333252
10.35370659828186
10.353751540184021
10.335802435874939
10.335859537124634
10.335912466049194
10.335963487625122
10.336012482643127
10.3360595703125
10.336115002632141
10.336161494255066
10.373046517372131
10.373112082481384
10.373165011405945
10.373219013214111
10.373268604278564
10.3733149766922
10.373360514640808
10.373405456542969
10.277334332466125
10.277392387390137
10.277446389198303
10.277497291564941
10.277546882629395
10.277595400810242
10.277641415596008
10.277687907218933
10.342617630958557
10.34267508983612
10.342727541923523
10.342778086662292
10.3428316116333
10.342878580093384
10.342923998832703
10.34297001361847
10.223168015480042
10.223225951194763
10.223278999328613
10.223327994346619
10.223376989364624
10.223422527313232
10.223467588424683
10.223513007164001
10.177587509155273
10.177645087242126
10.177698969841003
10.177750587463379
10.1778005361557
10.177849054336548
10.17789602279663
10.177943587303162
10.126334547996521
10.126394510269165
10.12644910812378
10.126500606536865
10.126552104949951
10.126600503921509
10.12664806842804
10.126695036888123
10.221599459648132
10.221656918525696
10.22170901298523
10.221757531166077
10.221806526184082
10.221852540969849
10.22189748287201
10.22194242477417
10.17892587184906
10.178982377052307
10.179033875465393
10.179083943367004
10.179131388664246
10.179176330566406
10.17922592163086
10.179269909858704
10.052109003067017
10.052168488502502
10.052224397659302
10.052277445793152
10.052328944206238
10.052378416061401
10.052427411079407
10.052474975585938
10.103754043579102
10.103820085525513
10.103875160217285
10.10392713546753
10.10397756099701
10.104025602340698
10.104072570800781
10.104119062423706
10.247761964797974
10.24782109260559
10.247874975204468
10.247925996780396
10.247981071472168
10.248028993606567
10.248075485229492
10.248123407363892
10.305421471595764
10.305477499961853
10.305528998374939
10.305578470230103
10.305627465248108
10.305674076080322
10.3057199716568
10.305765509605408
10.189522385597229
10.189640402793884
10.18969988822937
10.189754962921143
10.189807891845703
10.189857959747314
10.189906477928162
10.189953923225403
10.130404472351074
10.130465984344482
10.130520939826965
10.13058090209961
10.130631446838379
10.130679368972778
10.13072645664215
10.130772948265076
10.198242545127869
10.198302030563354
10.198355555534363
10.19840657711029
10.198456525802612
10.198503613471985
10.19854998588562
10.198595523834229
10.080373525619507
10.08043110370636
10.080482006072998
10.08053195476532
10.080581068992615
10.08062756061554
10.080673098564148
10.080718040466309
10.012584924697876
10.012643456459045
10.012696385383606
10.012745380401611
10.012794852256775
10.0128413438797
10.012887358665466
10.012932419776917
10.066510438919067
10.066565036773682
10.066614985466003
10.066662430763245
10.066709995269775
10.066754460334778
10.066797971725464
10.06684148311615
9.713503003120422
9.713569045066833
9.713643550872803
9.713696002960205
9.713762998580933
9.71381950378418
9.713875532150269
9.713915467262268
9.614840507507324
9.614899516105652
9.614953517913818
9.615004539489746
9.61505651473999
9.615105986595154
9.615153551101685
9.615201115608215
9.695577502250671
9.695635557174683
9.695688486099243
9.69574248790741
9.695792555809021
9.695840001106262
9.695886492729187
9.695932984352112
9.62733542919159
9.627391457557678
9.627442002296448
9.62748908996582
9.627536058425903
9.627580404281616
9.627630472183228
9.627672910690308
9.590752482414246
9.590811967849731
9.590875029563904
9.590927958488464
9.59097945690155
9.591057896614075
9.591109991073608
9.591158986091614
9.529964089393616
9.53002405166626
9.530080080032349
9.53013300895691
9.530189514160156
9.530238509178162
9.53028655052185
9.530333518981934
9.4768146276474
9.47687292098999
9.476927042007446
9.476978540420532
9.477029085159302
9.477076530456543
9.477123498916626
9.47716999053955
9.435707926750183
9.43576991558075
9.435826063156128
9.435877919197083
9.435929536819458
9.435977458953857
9.436025500297546
9.43607246875763
9.928280353546143
9.928340911865234
9.928395390510559
9.928445935249329
9.928497314453125
9.928561925888062
9.92862343788147
9.928673505783081
9.87602150440216
9.876080513000488
9.876135468482971
9.876187443733215
9.876237511634827
9.876285433769226
9.876333475112915
9.876381993293762
9.8002450466156
9.80030345916748
9.80035650730133
9.8004070520401
9.800456523895264
9.800503969192505
9.800554513931274
9.800600528717041
9.785929441452026
9.78598952293396
9.786043047904968
9.786094069480896
9.786145448684692
9.786193490028381
9.786239981651306
9.786286473274231
9.731433510780334
9.731494545936584
9.731549501419067
9.731600522994995
9.731650471687317
9.731698513031006
9.73174500465393
9.73179292678833
9.694813966751099
9.694873452186584
9.694926500320435
9.694977521896362
9.695027112960815
9.695075988769531
9.695122480392456
9.69516897201538
9.643093466758728
9.643150448799133
9.643203496932983
9.643252491950989
9.643303036689758
9.643348932266235
9.643394470214844
9.643439531326294
9.7271568775177
9.727211952209473
9.727285981178284
9.72733998298645
9.727391958236694
9.727457404136658
9.727502465248108
9.7275470495224
9.673970580101013
9.674026131629944
9.674075603485107
9.674123525619507
9.674171090126038
9.674216032028198
9.674259543418884
9.674303531646729
9.63669466972351
9.636753559112549
9.63680613040924
9.636856079101562
9.636906147003174
9.636952638626099
9.636998176574707
9.63704252243042
9.585049033164978
9.585106015205383
9.585161089897156
9.585211038589478
9.585262060165405
9.585309505462646
9.58535611629486
9.585402607917786
9.613464951515198
9.61352288722992
9.613577008247375
9.613627910614014
9.613679051399231
9.613726019859314
9.61377203464508
9.613824486732483
10.56554400920868
10.565601587295532
10.56565809249878
10.565705060958862
10.56575357913971
10.565808534622192
10.565852999687195
10.56589663028717
10.510778069496155
10.51083254814148
10.510887503623962
10.510940074920654
10.510988593101501
10.511071562767029
10.511120080947876
10.51118803024292
10.468366980552673
10.468425869941711
10.468480467796326
10.468532919883728
10.468606948852539
10.468659043312073
10.468707919120789
10.46875548362732
10.412342071533203
10.412400126457214
10.412453055381775
10.412501573562622
10.412551999092102
10.412647604942322
10.412729978561401
10.41278862953186
11.035613417625427
11.035683035850525
11.035770893096924
11.03582489490509
11.035876512527466
11.035943984985352
11.036015391349792
11.036073923110962
10.983502507209778
10.98358404636383
10.983643054962158
10.983693599700928
10.983747005462646
10.983795046806335
10.983842492103577
10.98388946056366
10.944873094558716
10.944934487342834
10.944992065429688
10.945042490959167
10.94510006904602
10.9451504945755
10.945199966430664
10.945249080657959
10.907387018203735
10.90746808052063
10.907533526420593
10.907586097717285
10.907637476921082
10.907686948776245
10.907734990119934
10.907782554626465
10.867421984672546
10.86748194694519
10.867535471916199
10.867584943771362
10.867676973342896
10.867766499519348
10.867835879325867
10.867897987365723
10.820992946624756
10.82105004787445
10.821101427078247
10.821148991584778
10.821197509765625
10.821243047714233
10.821287989616394
10.821332573890686
10.796567916870117
10.796629428863525
10.796685934066772
10.796735882759094
10.796787977218628
10.796837449073792
10.796885371208191
10.796932935714722
10.76650094985962
10.76656198501587
10.766615986824036
10.76667046546936
10.766720533370972
10.766798377037048
10.766855001449585
10.76690399646759
10.713305592536926
10.713368535041809
10.713422060012817
10.713471531867981
10.713522553443909
10.713570952415466
10.71361756324768
10.713664531707764
10.669891476631165
10.669952869415283
10.670089483261108
10.670150995254517
10.670202374458313
10.670249938964844
10.670294880867004
10.670339941978455
10.63143253326416
10.631492376327515
10.631547927856445
10.631597399711609
10.631647944450378
10.63169550895691
10.63174307346344
10.631790399551392
10.58616304397583
10.586221575737
10.586275577545166
10.58632516860962
10.586375117301941
10.586424469947815
10.58647108078003
10.586518049240112
10.635864019393921
10.63592004776001
10.635973453521729
10.636020541191101
10.636068105697632
10.636114001274109
10.636159062385559
10.63620400428772
10.517884492874146
10.517940640449524
10.517991542816162
10.518037557601929
10.518085598945618
10.51813006401062
10.518174648284912
10.518218040466309
10.475256443023682
10.47531533241272
10.47537088394165
10.475420355796814
10.475470900535583
10.475518941879272
10.47556746006012
10.475614309310913
10.633949398994446
10.63400650024414
10.634060025215149
10.634107947349548
10.634157538414001
10.634203910827637
10.634249448776245
10.634295582771301
10.59492039680481
10.594977498054504
10.59502899646759
10.595075488090515
10.595122933387756
10.595167994499207
10.59521198272705
10.595256447792053
10.424916505813599
10.424970507621765
10.42501950263977
10.425066947937012
10.425114035606384
10.425158023834229
10.425202488899231
10.425246000289917
10.762276411056519
10.762333393096924
10.762388944625854
10.762439966201782
10.762487888336182
10.76253342628479
10.762578010559082
10.762621879577637
10.721764087677002
10.721832990646362
10.72188651561737
10.721938490867615
10.72198748588562
10.722048044204712
10.722118496894836
10.722176551818848
10.594510555267334
10.594565510749817
10.594616532325745
10.594662427902222
10.59473705291748
10.59478759765625
10.594833970069885
10.594878554344177
10.556665897369385
10.556728839874268
10.556784868240356
10.5568368434906
10.55688989162445
10.55693793296814
10.556985974311829
10.557034969329834
10.628080010414124
10.628137588500977
10.628191471099854
10.628239512443542
10.628289103507996
10.628337025642395
10.62838351726532
10.628429532051086
10.50322151184082
10.503280997276306
10.503334999084473
10.503383994102478
10.503438949584961
10.503487467765808
10.503535032272339
10.503582000732422
10.559510588645935
10.559568643569946
10.559621572494507
10.559669494628906
10.559718608856201
10.559765577316284
10.559810519218445
10.559856057167053
11.1251220703125
11.125179529190063
11.125234007835388
11.125283002853394
11.125336050987244
11.125385642051697
11.12544310092926
11.125490546226501
10.989606022834778
10.989688038825989
10.989747524261475
10.98979902267456
10.989851117134094
10.98989999294281
10.989948034286499
10.989995956420898
11.041427493095398
11.041485905647278
11.041540026664734
11.041588425636292
11.041642904281616
11.041690587997437
11.041738033294678
11.04178500175476
10.976915836334229
10.976981401443481
10.977035999298096
10.977083921432495
10.977133393287659
10.977179884910583
10.977232456207275
10.977278470993042
10.861858010292053
10.86191701889038
10.861971497535706
10.862022042274475
10.862073063850403
10.86212158203125
10.862169623374939
10.862217545509338
10.946455597877502
10.946514964103699
10.94657039642334
10.946620464324951
10.946671962738037
10.9467214345932
10.94676947593689
10.946817398071289
10.878527522087097
10.878586530685425
10.878640532493591
10.87869107723236
10.878742456436157
10.87882912158966
10.878886580467224
10.878936052322388
10.818067073822021
10.81812608242035
10.818180084228516
10.818228602409363
10.818277478218079
10.818324565887451
10.818370580673218
10.818415999412537
10.761815905570984
10.761873483657837
10.761926889419556
10.761975407600403
10.762025475502014
10.762072920799255
10.76211941242218
10.762165904045105
10.708877086639404
10.70893657207489
10.708990573883057
10.70904004573822
10.70909059047699
10.709137678146362
10.709184527397156
10.70923101902008
10.670390009880066
10.67044746875763
10.67050051689148
10.670548439025879
10.670597434043884
10.670644402503967
10.67069137096405
10.670736908912659
10.61832308769226
10.618382453918457
10.618435502052307
10.61848497390747
10.618534564971924
10.618581056594849
10.618626952171326
10.618673086166382
10.568935990333557
10.568993926048279
10.569047570228577
10.569095492362976
10.56914508342743
10.569191455841064
10.56923758983612
10.56928300857544
10.518711566925049
10.518771052360535
10.518834471702576
10.518882036209106
10.518933057785034
10.5190269947052
10.519080519676208
10.519127488136292
10.482088565826416
10.48214852809906
10.482206583023071
10.482254981994629
10.482305526733398
10.482352495193481
10.482398986816406
10.482445120811462
10.436922907829285
10.436982989311218
10.437037944793701
10.437087893486023
10.437141418457031
10.437190055847168
10.437236905097961
10.437284469604492
10.665553092956543
10.665613055229187
10.665666580200195
10.6657155752182
10.66576611995697
10.665813088417053
10.665859580039978
10.665904998779297
11.456336975097656
11.456449389457703
11.456504464149475
11.456552028656006
11.456601977348328
11.456648468971252
11.45669400691986
11.45673942565918
11.40120542049408
11.401262879371643
11.401315450668335
11.401363968849182
11.401413559913635
11.401459574699402
11.401504874229431
11.401549935340881
11.357212543487549
11.357275485992432
11.357331037521362
11.35741114616394
11.357473015785217
11.357524633407593
11.35757303237915
11.357621550559998
11.304687023162842
11.304748058319092
11.304803609848022
11.304853558540344
11.304906010627747
11.304954528808594
11.305002450942993
11.305057048797607
11.252188444137573
11.252245545387268
11.252297401428223
11.252344489097595
11.252392411231995
11.252438426017761
11.252483487129211
11.252527594566345
11.212900996208191
11.21295964717865
11.213014483451843
11.213067531585693
11.213117599487305
11.213164567947388
11.213210463523865
11.213257074356079
11.152981996536255
11.153042554855347
11.153096914291382
11.153146028518677
11.153196454048157
11.15324354171753
11.153290510177612
11.153337001800537
11.10341203212738
11.103473424911499
11.103528022766113
11.103577494621277
11.10362696647644
11.103674054145813
11.103724479675293
11.10377061367035
11.055363416671753
11.055424928665161
11.055480003356934
11.055529952049255
11.055581450462341
11.055631875991821
11.05567991733551
11.055727481842041
10.991465091705322
10.991528511047363
10.99158501625061
10.991650938987732
10.991703987121582
10.991753578186035
10.991802096366882
10.991850018501282
10.937748074531555
10.937808513641357
10.937861919403076
10.937911033630371
10.93796157836914
10.93800950050354
10.938055992126465
10.938103079795837
10.900509595870972
10.90056848526001
10.900622963905334
10.900672435760498
10.90072250366211
10.900770425796509
10.90081799030304
10.900872468948364
11.087002038955688
11.08706247806549
11.08711862564087
11.08716905117035
11.087219595909119
11.08726716041565
11.087315082550049
11.087361574172974
11.033856511116028
11.033913493156433
11.033966064453125
11.034013986587524
11.034062385559082
11.034108400344849
11.034153461456299
11.034198999404907
10.998198390007019
10.998257994651794
10.99831247329712
10.998361468315125
10.998412013053894
10.998459458351135
10.998506903648376
10.99855351448059
10.948492527008057
10.94855260848999
10.948606014251709
10.948655486106873
10.948707461357117
10.948755502700806
10.948803663253784
10.948850989341736
10.895903468132019
10.895962953567505
10.896021485328674
10.896070957183838
10.89612102508545
10.89616847038269
10.896214962005615
10.89626145362854
10.844991445541382
10.845049977302551
10.845102906227112
10.8451509475708
10.845200419425964
10.845246315002441
10.84529185295105
10.8453369140625
10.81261944770813
10.812680959701538
10.812741994857788
10.812792539596558
10.812846064567566
10.81289553642273
10.812943935394287
10.812991499900818
10.924086570739746
10.924144983291626
10.924198627471924
10.92424750328064
10.924301028251648
10.924347996711731
10.92439353466034
10.924440026283264
10.868074655532837
10.8681321144104
10.868184089660645
10.868231177330017
10.868279576301575
10.868325114250183
10.868369579315186
10.868413090705872
10.829167485237122
10.829227924346924
10.82928192615509
10.829331994056702
10.829382419586182
10.829431533813477
10.829479455947876
10.829526901245117
10.777958989143372
10.778018951416016
10.778087496757507
10.77815055847168
10.778204441070557
10.77825403213501
10.778301477432251
10.778349041938782
10.911422491073608
10.911481499671936
10.911534905433655
10.911582946777344
10.911637425422668
10.911685585975647
10.911731958389282
10.911776900291443
10.924918055534363
10.924970984458923
10.925019025802612
10.925071477890015
10.92511761188507
10.92516005039215
10.925201535224915
10.925243139266968
11.09248399734497
11.092544555664062
11.09260106086731
11.092651009559631
11.092703580856323
11.092751502990723
11.092799425125122
11.092847466468811
11.039451360702515
11.039512395858765
11.039566993713379
11.039616465568542
11.03966748714447
11.03971552848816
11.039762377738953
11.039809465408325
10.986661672592163
10.986719012260437
10.986771583557129
10.986820101737976
10.986868143081665
10.986914157867432
10.98695957660675
10.987005591392517
10.942928552627563
10.942986607551575
10.943040609359741
10.943090558052063
10.94314169883728
10.943190574645996
10.94324266910553
10.94329059123993
12.130169987678528
12.130223035812378
12.130274534225464
12.130321979522705
12.130371451377869
12.130417943000793
12.13046395778656
12.13050889968872
12.075843572616577
12.075897932052612
12.075968503952026
12.07602858543396
12.076130509376526
12.076197028160095
12.076253056526184
12.076299548149109
12.026322960853577
12.026376366615295
12.026427507400513
12.02647352218628
12.026521921157837
12.026597499847412
12.02664589881897
12.026691436767578
12.100834012031555
12.100889444351196
12.100942969322205
12.100990414619446
12.101039409637451
12.101085424423218
12.101131558418274
12.101175904273987
12.199607014656067
12.199667572975159
12.199720025062561
12.199767112731934
12.199814558029175
12.199859499931335
12.19990360736847
12.199946999549866
12.142704010009766
12.142757534980774
12.14280891418457
12.14285659790039
12.142906069755554
12.14295244216919
12.142997980117798
12.143043518066406
12.099010467529297
12.099063992500305
12.099116444587708
12.099165558815002
12.099227547645569
12.099274039268494
12.099319458007812
12.099364995956421
12.077668905258179
12.077728509902954
12.07778286933899
12.0778329372406
12.077884316444397
12.077931880950928
12.07798147201538
12.078027963638306
12.028801560401917
12.028858542442322
12.02891206741333
12.028960585594177
12.029034495353699
12.029093027114868
12.029143571853638
12.029192566871643
12.03783106803894
12.037885546684265
12.037940979003906
12.037988543510437
12.038040518760681
12.038086533546448
12.038132548332214
12.038177490234375
12.304862022399902
12.304916501045227
12.304972410202026
12.305019497871399
12.305067420005798
12.305112957954407
12.305156469345093
12.305200457572937
12.288350462913513
12.288408517837524
12.28846287727356
12.288511395454407
12.288563966751099
12.288612484931946
12.288659453392029
12.288708925247192
12.233474493026733
12.233532071113586
12.233586549758911
12.233636021614075
12.233687400817871
12.233765006065369
12.233815908432007
12.233865022659302
12.204723358154297
12.204776883125305
12.204829454421997
12.204877376556396
12.20492696762085
12.204973459243774
12.205018997192383
12.205063939094543
12.184950470924377
12.185009479522705
12.185064554214478
12.185116529464722
12.185168504714966
12.18521761894226
12.185274004936218
12.185322046279907
12.14995014667511
12.150010108947754
12.150066137313843
12.15011715888977
12.150175094604492
12.150225520133972
12.150273561477661
12.150321125984192
12.112844824790955
12.112900376319885
12.11295235157013
12.11299991607666
12.113051891326904
12.113100409507751
12.113146901130676
12.113192915916443
12.091205596923828
12.091261982917786
12.09131646156311
12.09139347076416
12.091450929641724
12.091540455818176
12.09159243106842
12.091641545295715
12.056423544883728
12.056480526924133
12.0565345287323
12.056583523750305
12.056632995605469
12.056681990623474
12.056728959083557
12.056775093078613
13.169066429138184
13.16912591457367
13.169172883033752
13.169235348701477
13.169281363487244
13.169325470924377
13.169368386268616
13.169411420822144
13.134706974029541
13.134774565696716
13.134832501411438
13.134899973869324
13.134957551956177
13.135022044181824
13.135067105293274
13.135130524635315
13.12645947933197
13.126511454582214
13.126562476158142
13.12660801410675
13.12668788433075
13.126737475395203
13.126805543899536
13.126865983009338
13.191115021705627
13.191192030906677
13.191264033317566
13.191318988800049
13.191388010978699
13.191442489624023
13.191508054733276
13.19156301021576
13.178728342056274
13.17879045009613
13.17884349822998
13.178908467292786
13.17897641658783
13.179028987884521
13.179082989692688
13.179124355316162
13.134266018867493
13.134321570396423
13.134371042251587
13.134418487548828
13.134469628334045
13.13451600074768
13.134562015533447
13.134607076644897
13.083137512207031
13.083189487457275
13.083235502243042
13.083280563354492
13.083327531814575
13.083371996879578
13.083415627479553
13.083458542823792
13.058810591697693
13.058865070343018
13.058920502662659
13.058967113494873
13.059013962745667
13.059059023857117
13.05910348892212
13.059147596359253
13.015223503112793
13.015278458595276
13.015328526496887
13.015376567840576
13.015426993370056
13.015475034713745
13.015522480010986
13.015569567680359
12.964537382125854
12.964593410491943
12.964643359184265
12.964691877365112
12.96474289894104
12.96479082107544
12.96483838558197
12.964884877204895
12.9153391122818
12.915392518043518
12.915441989898682
12.91549003124237
12.91554057598114
12.915632009506226
12.91568648815155
12.915735483169556
13.145852446556091
13.145907998085022
13.14595901966095
13.146008491516113
13.1460599899292
13.146108984947205
13.146156907081604
13.146204471588135
13.10741901397705
13.107474565505981
13.107528567314148
13.107577562332153
13.107627511024475
13.107674956321716
13.107726573944092
13.10777199268341
13.055121660232544
13.055176496505737
13.055226564407349
13.055274605751038
13.05532455444336
13.055371642112732
13.055417656898499
13.055472612380981
13.008612513542175
13.008666515350342
13.008715510368347
13.008762001991272
13.008812069892883
13.008859038352966
13.008904457092285
13.008949995040894
12.973779559135437
12.97384488582611
12.973896503448486
12.973945021629333
12.973997950553894
12.974045515060425
12.974092483520508
12.974137902259827
12.925319910049438
12.925374388694763
12.925468921661377
12.925555944442749
12.925624966621399
12.92573344707489
12.925809025764465
12.925863862037659
12.881009459495544
12.881062984466553
12.8811115026474
12.881157994270325
12.881210923194885
12.881256937980652
12.881301999092102
12.881347060203552
12.850623488426208
12.85071313381195
12.85076653957367
12.85082757472992
12.850881457328796
12.850937128067017
12.850981593132019
12.851025581359863
12.92771589756012
12.927770495414734
12.927818417549133
12.927865028381348
12.927913427352905
12.927959442138672
12.92800498008728
12.9280503988266
12.894261479377747
12.894317030906677
12.894366979598999
12.894413471221924
12.894462585449219
12.894536972045898
12.894585490226746
12.89463198184967
12.849671483039856
12.84972596168518
12.849774837493896
12.849820852279663
12.849870443344116
12.849915862083435
12.84998345375061
12.850040435791016
12.856555581092834
12.85661494731903
12.856661558151245
12.856706023216248
12.8567556142807
12.856800079345703
12.856848001480103
12.856891632080078
12.859643936157227
12.85970938205719
12.859761357307434
12.859837412834167
12.859891891479492
12.859954357147217
12.860032439231873
12.860102415084839
12.810406923294067
12.81046736240387
12.810521006584167
12.810572028160095
12.810625910758972
12.810676455497742
12.810725808143616
12.810775399208069
12.828835606575012
12.828894019126892
12.828945517539978
12.8289954662323
12.829048037528992
12.829097986221313
12.829148530960083
12.829198956489563
12.778659582138062
12.778714537620544
12.778765082359314
12.778814554214478
12.778866052627563
12.778918504714966
12.778966069221497
12.77901303768158
12.807700514793396
12.807758569717407
12.80782949924469
12.807891130447388
12.807946562767029
12.808006048202515
12.808081030845642
12.808133006095886
12.736693978309631
12.736753463745117
12.736806511878967
12.73687756061554
12.736941933631897
12.736993432044983
12.737043499946594
12.737092018127441
12.767400979995728
12.767457485198975
12.767509579658508
12.767558455467224
12.767609000205994
12.76765751838684
12.767703533172607
12.76775050163269
12.777176022529602
12.777231097221375
12.777281045913696
12.777330040931702
12.777380585670471
12.777428030967712
12.777474045753479
12.777520060539246
12.724595069885254
12.724651455879211
12.724703550338745
12.724751591682434
12.724802017211914
12.724872469902039
12.724928498268127
12.72497808933258
12.656941413879395
12.656996369361877
12.657046437263489
12.657094478607178
12.657144904136658
12.657192945480347
12.65723991394043
12.657286524772644
12.603714108467102
12.603769063949585
12.603821516036987
12.60386848449707
12.60391902923584
12.603965520858765
12.604010939598083
12.604056000709534
12.62452507019043
12.624578475952148
12.624626398086548
12.624672412872314
12.624720454216003
12.624765992164612
12.624810457229614
12.624855995178223
12.577732563018799
12.577787041664124
12.57783555984497
12.57788097858429
12.577929973602295
12.577975034713745
12.578019618988037
12.578067064285278
12.543427586555481
12.543487548828125
12.543565034866333
12.5436270236969
12.543707132339478
12.543760180473328
12.543809056282043
12.543856143951416
12.700222969055176
12.700278997421265
12.70032799243927
12.700414061546326
12.700469017028809
12.70051646232605
12.700562953948975
12.70060908794403
12.50580894947052
12.505863070487976
12.505910992622375
12.505957961082458
12.506012082099915
12.506111979484558
12.506201982498169
12.506261467933655
12.642205119132996
12.642269611358643
12.642348051071167
12.6424001455307
12.642499566078186
12.642549633979797
12.642597556114197
12.642645597457886
12.590898513793945
12.59097695350647
12.591044068336487
12.591103553771973
12.591184496879578
12.591271996498108
12.591323494911194
12.591370940208435
12.537989974021912
12.538042902946472
12.538091540336609
12.538136959075928
12.538185000419617
12.53822946548462
12.53827452659607
12.538318991661072
12.487447500228882
12.487511396408081
12.487560868263245
12.487607479095459
12.487657308578491
12.487790822982788
12.487850427627563
12.487916469573975
12.635598421096802
12.635791420936584
12.635854005813599
12.635949969291687
12.636003971099854
12.6360844373703
12.6361403465271
12.636188983917236
13.772428393363953
13.77249300479889
13.772544860839844
13.772592902183533
13.772639989852905
13.772686839103699
13.772732973098755
13.772778868675232
13.720274567604065
13.720331072807312
13.720381498336792
13.720429062843323
13.720476984977722
13.720523595809937
13.72057056427002
13.720617532730103
13.661107659339905
13.661164164543152
13.661232113838196
13.661288142204285
13.66133713722229
13.661384105682373
13.661433577537537
13.66148066520691
13.730101585388184
13.73016107082367
13.730214953422546
13.730278015136719
13.730356574058533
13.730409502983093
13.730460524559021
13.730510950088501
13.647987484931946
13.648042559623718
13.648093581199646
13.64815902709961
13.648207068443298
13.648254990577698
13.648303151130676
13.648383021354675
13.659811615943909
13.659871101379395
13.659923553466797
13.659973502159119
13.66002357006073
13.660072565078735
13.660120010375977
13.660175085067749
13.619994521141052
13.620053052902222
13.620104551315308
13.620182991027832
13.620259523391724
13.620338916778564
13.620389580726624
13.62043809890747
13.579502940177917
13.579564929008484
13.579619526863098
13.579671025276184
13.579721450805664
13.579771995544434
13.57982349395752
13.579904913902283
13.541081547737122
13.54116404056549
13.541234970092773
13.541290044784546
13.541339993476868
13.54138994216919
13.541439533233643
13.541488528251648
13.528661966323853
13.52872347831726
13.528777480125427
13.528828978538513
13.528879046440125
13.528928399085999
13.528977513313293
13.529026508331299
13.506359457969666
13.50641942024231
13.506477952003479
13.506529927253723
13.506579875946045
13.50662899017334
13.506677985191345
13.506725907325745
13.654874563217163
13.65494155883789
13.65499496459961
13.655047059059143
13.655113458633423
13.655189990997314
13.655253529548645
13.65530550479889
13.461960554122925
13.46203362941742
13.462087035179138
13.462138056755066
13.462188124656677
13.462237000465393
13.462286591529846
13.46234905719757
13.609873533248901
13.609933376312256
13.609986424446106
13.610036969184875
13.610087990760803
13.610137343406677
13.610186457633972
13.610235452651978
13.57704246044159
13.577102541923523
13.577155470848083
13.577206492424011
13.577256083488464
13.577305555343628
13.5774085521698
13.577463030815125
13.543277144432068
13.543336153030396
13.54338812828064
13.543437957763672
13.543493509292603
13.543543100357056
13.543591499328613
13.54364013671875
13.520971059799194
13.521043419837952
13.521131038665771
13.521187424659729
13.521238923072815
13.521288990974426
13.521342515945435
13.521393537521362
13.519691944122314
13.519795894622803
13.519852042198181
13.519904494285583
13.519977450370789
13.520045042037964
13.520124435424805
13.520190477371216
13.631019473075867
13.63107943534851
13.63113248348236
13.631183385848999
13.631232976913452
13.631282567977905
13.631330966949463
13.631380438804626
13.615150451660156
13.61520791053772
13.615260362625122
13.615338444709778
13.615395426750183
13.61544644832611
13.615496039390564
13.61554491519928
13.574082493782043
13.574210524559021
13.574314951896667
13.574389457702637
13.574449062347412
13.574511885643005
13.574571967124939
13.574622392654419
13.564759016036987
13.564823508262634
13.5648775100708
13.564929008483887
13.564979076385498
13.56505000591278
13.56510055065155
13.565165519714355
14.30509090423584
14.305148482322693
14.305200457572937
14.30527400970459
14.305356502532959
14.305408000946045
14.30545699596405
14.305505990982056
14.25417447090149
14.254233002662659
14.254285454750061
14.254336476325989
14.254409432411194
14.254461407661438
14.254546403884888
14.25460147857666
14.30522358417511
14.305280566215515
14.305331945419312
14.305380582809448
14.305429577827454
14.305477976799011
14.3055260181427
14.305573463439941
14.21975290775299
14.219810962677002
14.21986198425293
14.219910979270935
14.219961881637573
14.220010042190552
14.220057487487793
14.220104575157166
14.224076390266418
14.224132537841797
14.224182963371277
14.224230408668518
14.22427749633789
14.224323987960815
14.224369883537292
14.2244154214859
14.163094520568848
14.163151025772095
14.163201093673706
14.163248062133789
14.163294553756714
14.16334056854248
14.16338562965393
14.163430571556091
14.089920997619629
14.089975476264954
14.090024948120117
14.090072989463806
14.090119481086731
14.090165376663208
14.090211391448975
14.090257406234741
14.028865933418274
14.028921604156494
14.02897047996521
14.029018521308899
14.02909255027771
14.02914297580719
14.029190063476562
14.029236555099487
14.06865406036377
14.06870949268341
14.068760991096497
14.068809509277344
14.068856954574585
14.068904519081116
14.068951487541199
14.068998456001282
14.024240851402283
14.024306893348694
14.024359941482544
14.024409413337708
14.02445638179779
14.024503946304321
14.024549961090088
14.024596452713013
13.967739939689636
13.967798948287964
13.967851519584656
13.96790099143982
13.967948913574219
13.967996954917908
13.968044400215149
13.968092441558838
13.918813467025757
13.918874025344849
13.91892695426941
13.918977618217468
13.919028520584106
13.919077515602112
13.919126987457275
13.919175505638123
13.873663067817688
13.873721480369568
13.87377142906189
13.873819470405579
13.87386703491211
13.873915433883667
13.873961448669434
13.874007940292358
13.94915497303009
13.949221014976501
13.949272990226746
13.94932246208191
13.949370980262756
13.949419021606445
13.949466943740845
13.949514389038086
13.8883615732193
13.88841998577118
13.888471484184265
13.88852047920227
13.888568997383118
13.888616561889648
13.888663530349731
13.888711094856262
13.8441561460495
13.844213604927063
13.844266057014465
13.844313502311707
13.844408631324768
13.844476103782654
13.84452760219574
13.84457552433014
13.792631983757019
13.792688488960266
13.792737603187561
13.792784094810486
13.792884111404419
13.792938590049744
13.792986512184143
13.793034076690674
13.77707552909851
13.777129411697388
13.777178049087524
13.77722454071045
13.777298927307129
13.777357459068298
13.777407050132751
13.77745246887207
13.733659029006958
13.733714938163757
13.73376452922821
13.733811497688293
13.733857989311218
13.733904480934143
13.73395049571991
13.733996987342834
13.695444583892822
13.695513010025024
13.695573449134827
13.695622563362122
13.695670008659363
13.695716500282288
13.695763111114502
13.695809960365295
13.695175886154175
13.695232033729553
13.695282459259033
13.695331454277039
13.69537901878357
13.695425987243652
13.695473551750183
13.695519924163818
13.647591471672058
13.647652506828308
13.647707104682922
13.647757887840271
13.647807955741882
13.647857546806335
13.647906422615051
13.647955536842346
14.292466521263123
14.292523980140686
14.292575597763062
14.292625069618225
14.292683124542236
14.292731046676636
14.292779445648193
14.292831540107727
14.230174541473389
14.2302325963974
14.230283617973328
14.230332612991333
14.230381488800049
14.230432033538818
14.23048198223114
14.230529546737671
14.175288915634155
14.175343990325928
14.17539393901825
14.17544150352478
14.17548954486847
14.17553699016571
14.175585985183716
14.175632953643799
14.22073745727539
14.220790982246399
14.220839500427246
14.220885992050171
14.22093951702118
14.220986485481262
14.221030473709106
14.22107458114624
14.169457912445068
14.169511318206787
14.169559478759766
14.169606447219849
14.169660449028015
14.169705986976624
14.169751405715942
14.169795870780945
14.128424048423767
14.128482103347778
14.128533482551575
14.12858247756958
14.128630995750427
14.128679037094116
14.128754019737244
14.128806471824646
14.033767461776733
14.033843517303467
14.033893942832947
14.033941388130188
14.033987402915955
14.034032940864563
14.034078478813171
14.03412389755249
13.984861969947815
13.984914541244507
13.984963417053223
13.985010027885437
13.985056042671204
13.985101461410522
13.985146403312683
13.985191941261292
13.94385552406311
13.943912506103516
13.943963050842285
13.94401204586029
13.944059014320374
13.944107055664062
13.944153547286987
13.94420051574707
13.892054080963135
13.89211106300354
13.892160177230835
13.892208099365234
13.89225459098816
13.892300128936768
13.892346620559692
13.892391562461853
14.026030540466309
14.026087045669556
14.026137471199036
14.026185035705566
14.02623200416565
14.026280045509338
14.026326537132263
14.026373147964478
13.999424934387207
13.999502420425415
13.99955701828003
13.99960744380951
13.99965488910675
13.999700903892517
13.999746918678284
13.99979293346405
13.947611927986145
13.947664856910706
13.947712898254395
13.947758913040161
13.947803974151611
13.94784939289093
13.94789445400238
13.947938919067383
13.927133440971375
13.927186965942383
13.927234411239624
13.927280902862549
13.92732548713684
13.927369832992554
13.927415370941162
13.927459836006165
13.877526044845581
13.877580046653748
13.877627968788147
13.877673983573914
13.87771999835968
13.87776505947113
13.877809405326843
13.877854466438293
13.820096850395203
13.820150971412659
13.820199370384216
13.820245385169983
13.820290923118591
13.820335388183594
13.820379972457886
13.820425033569336
13.779708981513977
13.779762983322144
13.779812335968018
13.77985942363739
13.779905438423157
13.779951453208923
13.779996991157532
13.780043482780457
13.726996064186096
13.727052092552185
13.7271009683609
13.727147936820984
13.72719395160675
13.727239489555359
13.72728443145752
13.727329015731812
13.7698335647583
13.769888162612915
13.769937515258789
13.769985556602478
13.770032048225403
13.770079135894775
13.770125031471252
13.770171046257019
13.807904362678528
13.807960987091064
13.808010935783386
13.808058381080627
13.808104991912842
13.808151006698608
13.808197498321533
13.808242917060852
13.749989986419678
13.750043511390686
13.750092029571533
13.750138521194458
13.750183463096619
13.750228524208069
13.750272989273071
13.750316977500916
