-1.0
1406.0
-1.0
-1.0
-1.0
2841.5
-1.0
-1.0
-1.0
1356.0
-1.0
-1.0
-1.0
2791.5
-1.0
-1.0
-1.0
1306.0
-1.0
-1.0
-1.0
2741.5
-1.0
-1.0
-1.0
1256.0
-1.0
-1.0
-1.0
2691.5
-1.0
-1.0
-1.0
1577.0
-1.0
-1.0
-1.0
2641.5
-1.0
-1.0
-1.0
1527.0
-1.0
-1.0
-1.0
2591.5
-1.0
-1.0
-1.0
1477.0
-1.0
-1.0
-1.0
2541.5
-1.0
-1.0
-1.0
1633.5
-1.0
-1.0
-1.0
2491.5
-1.0
-1.0
-1.0
2656.0
-1.0
-1.0
-1.0
2441.5
-1.0
-1.0
-1.0
2606.0
-1.0
-1.0
-1.0
2391.5
-1.0
-1.0
-1.0
2556.0
-1.0
-1.0
-1.0
2341.5
-1.0
-1.0
-1.0
2506.0
-1.0
-1.0
-1.0
2291.5
-1.0
-1.0
-1.0
2456.0
-1.0
-1.0
-1.0
2241.5
-1.0
-1.0
-1.0
2406.0
-1.0
-1.0
-1.0
2191.5
-1.0
-1.0
-1.0
2356.0
-1.0
-1.0
-1.0
2141.5
-1.0
-1.0
-1.0
2306.0
-1.0
-1.0
-1.0
2091.5
-1.0
-1.0
-1.0
2256.0
-1.0
-1.0
-1.0
2041.5
-1.0
-1.0
-1.0
2206.0
-1.0
-1.0
-1.0
1991.5
-1.0
-1.0
-1.0
2156.0
-1.0
-1.0
-1.0
1941.5
-1.0
-1.0
-1.0
2106.0
-1.0
-1.0
-1.0
1891.5
-1.0
-1.0
-1.0
2056.0
-1.0
-1.0
-1.0
1841.5
-1.0
-1.0
-1.0
2006.0
-1.0
-1.0
-1.0
1791.5
-1.0
-1.0
-1.0
1956.0
-1.0
-1.0
-1.0
1741.5
-1.0
-1.0
-1.0
1906.0
-1.0
-1.0
-1.0
1691.5
-1.0
-1.0
-1.0
1856.0
-1.0
-1.0
-1.0
1641.5
-1.0
-1.0
-1.0
1806.0
-1.0
-1.0
-1.0
1591.5
-1.0
-1.0
-1.0
1756.0
-1.0
-1.0
-1.0
1541.5
-1.0
-1.0
-1.0
1706.0
-1.0
-1.0
-1.0
1491.5
-1.0
-1.0
-1.0
1656.0
-1.0
-1.0
-1.0
1441.5
-1.0
-1.0
-1.0
1648.5
-1.0
-1.0
-1.0
1391.5
3064.5
-1.0
-1.0
1648.5
-1.0
-1.0
-1.0
1341.5
3014.5
-1.0
-1.0
1648.5
-1.0
-1.0
-1.0
1291.5
2964.5
-1.0
-1.0
1648.5
-1.0
-1.0
-1.0
1241.5
2914.5
-1.0
-1.0
1648.5
-1.0
-1.0
-1.0
1191.5
2864.5
-1.0
-1.0
1648.5
-1.0
-1.0
-1.0
1141.5
2814.5
-1.0
-1.0
1648.5
-1.0
-1.0
-1.0
1091.5
2764.5
-1.0
-1.0
1648.5
-1.0
-1.0
-1.0
1041.5
2714.5
-1.0
-1.0
1648.5
-1.0
-1.0
-1.0
991.5
2664.5
-1.0
-1.0
1648.5
-1.0
-1.0
-1.0
941.5
2614.5
-1.0
-1.0
1648.5
-1.0
-1.0
-1.0
891.5
2564.5
-1.0
-1.0
1648.5
-1.0
-1.0
-1.0
841.5
2514.5
-1.0
-1.0
1648.5
-1.0
-1.0
-1.0
791.5
2464.5
-1.0
-1.0
1648.5
-1.0
-1.0
-1.0
741.5
2414.5
-1.0
-1.0
1648.5
-1.0
-1.0
-1.0
734.5
5462.0
-1.0
-1.0
1648.5
-1.0
-1.0
-1.0
734.5
5362.0
-1.0
-1.0
1648.5
-1.0
-1.0
-1.0
734.5
5262.0
-1.0
-1.0
1648.5
-1.0
-1.0
-1.0
734.5
5162.0
-1.0
-1.0
1648.5
-1.0
-1.0
-1.0
734.5
5062.0
-1.0
-1.0
1648.5
-1.0
-1.0
-1.0
734.5
4962.0
-1.0
-1.0
1648.5
-1.0
-1.0
-1.0
734.5
4862.0
-1.0
-1.0
1648.5
-1.0
-1.0
-1.0
734.5
4762.0
-1.0
-1.0
1648.5
-1.0
-1.0
-1.0
734.5
4662.0
-1.0
-1.0
1648.5
-1.0
-1.0
-1.0
734.5
4562.0
-1.0
-1.0
1648.5
-1.0
-1.0
-1.0
734.5
4462.0
-1.0
-1.0
1648.5
-1.0
-1.0
-1.0
734.5
4362.0
-1.0
-1.0
1648.5
-1.0
-1.0
-1.0
734.5
4262.0
-1.0
-1.0
1648.5
-1.0
-1.0
-1.0
734.5
4162.0
-1.0
-1.0
1648.5
-1.0
-1.0
-1.0
734.5
4062.0
-1.0
-1.0
1648.5
-1.0
-1.0
-1.0
734.5
3962.0
-1.0
-1.0
1648.5
-1.0
-1.0
-1.0
734.5
3862.0
-1.0
-1.0
1648.5
-1.0
-1.0
-1.0
734.5
3762.0
-1.0
-1.0
1648.5
-1.0
-1.0
-1.0
734.5
3662.0
-1.0
-1.0
1648.5
-1.0
-1.0
-1.0
734.5
3562.0
-1.0
-1.0
1648.5
-1.0
-1.0
-1.0
734.5
3462.0
-1.0
-1.0
1648.5
-1.0
-1.0
-1.0
734.5
3362.0
-1.0
-1.0
1648.5
-1.0
-1.0
-1.0
734.5
3262.0
-1.0
-1.0
1648.5
-1.0
-1.0
-1.0
3793.5
3210.5
-1.0
-1.0
1648.5
-1.0
-1.0
-1.0
3743.5
3160.5
-1.0
-1.0
1648.5
-1.0
-1.0
-1.0
3693.5
3110.5
-1.0
-1.0
1648.5
3133.5
-1.0
-1.0
3643.5
3068.5
-1.0
-1.0
1648.5
3083.5
-1.0
-1.0
3593.5
3068.5
-1.0
-1.0
1648.5
3033.5
-1.0
-1.0
3543.5
3068.5
-1.0
-1.0
1648.5
2983.5
-1.0
-1.0
3493.5
3068.5
-1.0
-1.0
1648.5
2933.5
-1.0
-1.0
3443.5
3068.5
-1.0
-1.0
1648.5
2883.5
-1.0
-1.0
3393.5
3068.5
-1.0
-1.0
1648.5
2833.5
-1.0
-1.0
3343.5
3068.5
-1.0
-1.0
1648.5
2783.5
-1.0
-1.0
3293.5
3068.5
-1.0
-1.0
1648.5
2733.5
-1.0
-1.0
3243.5
3068.5
-1.0
-1.0
1648.5
2683.5
-1.0
-1.0
3193.5
3068.5
-1.0
-1.0
1648.5
2633.5
-1.0
-1.0
3143.5
3068.5
-1.0
-1.0
1648.5
2583.5
-1.0
-1.0
3093.5
3068.5
-1.0
-1.0
1648.5
2533.5
-1.0
-1.0
3043.5
3068.5
-1.0
-1.0
1648.5
2483.5
-1.0
-1.0
2993.5
3068.5
-1.0
-1.0
1648.5
2433.5
-1.0
-1.0
2943.5
3068.5
-1.0
-1.0
1648.5
2383.5
-1.0
-1.0
2893.5
3068.5
-1.0
-1.0
1648.5
2333.5
-1.0
-1.0
2843.5
3068.5
-1.0
-1.0
1648.5
2283.5
-1.0
-1.0
2793.5
3068.5
-1.0
-1.0
1648.5
2233.5
-1.0
-1.0
2743.5
3068.5
-1.0
-1.0
1648.5
2183.5
-1.0
-1.0
2693.5
3068.5
-1.0
-1.0
1648.5
2133.5
-1.0
-1.0
2643.5
3068.5
-1.0
-1.0
1648.5
2083.5
-1.0
-1.0
2593.5
3068.5
-1.0
-1.0
1648.5
2033.5
-1.0
-1.0
2543.5
3068.5
-1.0
-1.0
1648.5
1983.5
-1.0
-1.0
2493.5
3068.5
-1.0
-1.0
1648.5
1933.5
-1.0
-1.0
2443.5
3068.5
-1.0
-1.0
1648.5
1883.5
-1.0
-1.0
2393.5
3068.5
-1.0
-1.0
1648.5
1833.5
-1.0
-1.0
2343.5
3068.5
-1.0
-1.0
1648.5
1783.5
-1.0
-1.0
2293.5
3068.5
-1.0
-1.0
1648.5
1733.5
-1.0
-1.0
2243.5
3068.5
-1.0
-1.0
1648.5
1683.5
-1.0
-1.0
2193.5
3068.5
-1.0
-1.0
1648.5
1633.5
-1.0
-1.0
2143.5
3068.5
-1.0
-1.0
1648.5
1583.5
-1.0
-1.0
2093.5
3068.5
-1.0
-1.0
1648.5
1533.5
-1.0
-1.0
2043.5
3068.5
-1.0
-1.0
1648.5
1483.5
-1.0
-1.0
1993.5
3068.5
-1.0
-1.0
1648.5
1433.5
-1.0
-1.0
1943.5
3068.5
-1.0
-1.0
1648.5
1383.5
-1.0
-1.0
1893.5
3068.5
-1.0
-1.0
1648.5
1333.5
-1.0
-1.0
1843.5
3068.5
-1.0
-1.0
1648.5
1283.5
-1.0
-1.0
1793.5
3068.5
-1.0
-1.0
1648.5
1233.5
-1.0
-1.0
1743.5
3068.5
-1.0
-1.0
1648.5
1183.5
-1.0
-1.0
1693.5
3068.5
-1.0
-1.0
1648.5
1133.5
-1.0
-1.0
1643.5
3068.5
-1.0
-1.0
1648.5
1083.5
-1.0
-1.0
1593.5
3068.5
-1.0
-1.0
1648.5
1033.5
-1.0
-1.0
1543.5
3068.5
-1.0
-1.0
1648.5
983.5
-1.0
-1.0
1493.5
3068.5
-1.0
-1.0
1648.5
933.5
-1.0
-1.0
1443.5
3068.5
-1.0
-1.0
1648.5
883.5
-1.0
-1.0
1393.5
3068.5
-1.0
-1.0
1648.5
833.5
-1.0
-1.0
1343.5
3068.5
-1.0
-1.0
1648.5
824.5
-1.0
-1.0
1252.5
3068.5
-1.0
-1.0
1648.5
824.5
-1.0
-1.0
1152.5
3068.5
-1.0
-1.0
1604.0
824.5
-1.0
-1.0
1097.0
3068.5
-1.0
-1.0
1554.0
824.5
-1.0
-1.0
1047.0
3068.5
-1.0
-1.0
1504.0
824.5
-1.0
-1.0
997.0
3068.5
-1.0
-1.0
1454.0
824.5
-1.0
-1.0
947.0
3068.5
-1.0
-1.0
1404.0
824.5
-1.0
-1.0
897.0
3068.5
-1.0
-1.0
1354.0
824.5
-1.0
-1.0
847.0
3068.5
-1.0
-1.0
1304.0
824.5
-1.0
-1.0
797.0
3068.5
-1.0
-1.0
1277.5
824.5
-1.0
3082.0
747.0
3068.5
-1.0
-1.0
1277.5
824.5
-1.0
3032.0
728.0
3068.5
3109.5
-1.0
1277.5
824.5
-1.0
2982.0
728.0
3068.5
3059.5
-1.0
1277.5
824.5
-1.0
2932.0
728.0
3068.5
3009.5
-1.0
1277.5
824.5
-1.0
2882.0
728.0
3068.5
2959.5
-1.0
1277.5
824.5
-1.0
2832.0
728.0
3068.5
2909.5
-1.0
1277.5
824.5
-1.0
2782.0
728.0
3068.5
2859.5
-1.0
1277.5
824.5
-1.0
2732.0
728.0
3068.5
2809.5
-1.0
1277.5
824.5
-1.0
2682.0
728.0
3068.5
2759.5
-1.0
1277.5
824.5
-1.0
2632.0
728.0
3068.5
2709.5
-1.0
1277.5
824.5
-1.0
2582.0
728.0
3068.5
2659.5
-1.0
1277.5
824.5
-1.0
2532.0
728.0
3068.5
2609.5
-1.0
1277.5
824.5
-1.0
2482.0
728.0
3068.5
2559.5
-1.0
1277.5
824.5
-1.0
2432.0
728.0
3068.5
2509.5
-1.0
1277.5
824.5
-1.0
2382.0
728.0
3068.5
2459.5
-1.0
1277.5
824.5
-1.0
2332.0
728.0
3068.5
2409.5
-1.0
1277.5
824.5
-1.0
2282.0
728.0
3068.5
2359.5
-1.0
1277.5
824.5
-1.0
2232.0
728.0
3068.5
2309.5
-1.0
1277.5
824.5
-1.0
2182.0
728.0
3068.5
2259.5
-1.0
1277.5
824.5
-1.0
2132.0
728.0
3068.5
2209.5
-1.0
1277.5
824.5
-1.0
2082.0
728.0
3068.5
2159.5
-1.0
1277.5
824.5
-1.0
2032.0
728.0
3068.5
2109.5
-1.0
1277.5
824.5
-1.0
1982.0
728.0
3068.5
2059.5
-1.0
1277.5
824.5
-1.0
1932.0
728.0
3068.5
2009.5
-1.0
1277.5
824.5
-1.0
1882.0
728.0
3068.5
1959.5
-1.0
1277.5
824.5
-1.0
1832.0
728.0
3068.5
1909.5
-1.0
1277.5
824.5
-1.0
1782.0
728.0
3068.5
1859.5
-1.0
1277.5
824.5
-1.0
1732.0
728.0
3068.5
1809.5
-1.0
1277.5
824.5
-1.0
1682.0
728.0
3068.5
1759.5
-1.0
1277.5
824.5
-1.0
1632.0
728.0
3068.5
1709.5
-1.0
1277.5
824.5
-1.0
1626.0
728.0
3068.5
4722.5
-1.0
1277.5
824.5
-1.0
1626.0
728.0
3068.5
4622.5
-1.0
1277.5
824.5
-1.0
1626.0
728.0
3068.5
4522.5
-1.0
1277.5
824.5
-1.0
1626.0
728.0
3068.5
4422.5
-1.0
1277.5
824.5
-1.0
1626.0
728.0
3068.5
4322.5
-1.0
1277.5
824.5
-1.0
1626.0
728.0
3068.5
4222.5
-1.0
1277.5
824.5
-1.0
1626.0
728.0
3068.5
4122.5
-1.0
1277.5
824.5
-1.0
1626.0
728.0
3068.5
4022.5
-1.0
1277.5
824.5
-1.0
1626.0
728.0
3068.5
3922.5
-1.0
1277.5
824.5
-1.0
1626.0
728.0
3068.5
3822.5
-1.0
1277.5
824.5
-1.0
1626.0
728.0
3068.5
3722.5
-1.0
1277.5
824.5
-1.0
1626.0
728.0
3068.5
3622.5
-1.0
1277.5
824.5
-1.0
1626.0
728.0
3068.5
3522.5
-1.0
1277.5
824.5
-1.0
1626.0
728.0
3068.5
3422.5
-1.0
1277.5
824.5
-1.0
1626.0
728.0
3068.5
3322.5
-1.0
1277.5
824.5
-1.0
1626.0
728.0
3068.5
3222.5
-1.0
1277.5
824.5
-1.0
1626.0
728.0
3068.5
3122.5
-1.0
1277.5
824.5
-1.0
1626.0
728.0
3068.5
3022.5
-1.0
1277.5
824.5
-1.0
1626.0
728.0
3068.5
2922.5
-1.0
1277.5
824.5
-1.0
1626.0
728.0
3068.5
2822.5
-1.0
1277.5
824.5
-1.0
1626.0
728.0
3068.5
2722.5
-1.0
1277.5
824.5
-1.0
1626.0
728.0
3068.5
2622.5
-1.0
1277.5
824.5
-1.0
1626.0
728.0
3068.5
2522.5
-1.0
1277.5
824.5
-1.0
1626.0
728.0
3068.5
2422.5
-1.0
1277.5
824.5
-1.0
1626.0
728.0
3068.5
2322.5
-1.0
1277.5
824.5
-1.0
1626.0
728.0
3068.5
2222.5
-1.0
1277.5
796.5
-1.0
1626.0
728.0
3068.5
2150.5
-1.0
1277.5
746.5
-1.0
1626.0
728.0
3068.5
2100.5
-1.0
1277.5
696.5
-1.0
1626.0
728.0
3068.5
2050.5
-1.0
1277.5
646.5
-1.0
1626.0
728.0
3068.5
2000.5
-1.0
1277.5
596.5
-1.0
1626.0
728.0
3068.5
1950.5
-1.0
1277.5
546.5
-1.0
1626.0
728.0
3068.5
1900.5
-1.0
1277.5
496.5
-1.0
1626.0
728.0
3068.5
1850.5
-1.0
1277.5
446.5
-1.0
1626.0
728.0
3068.5
1800.5
3137.5
1277.5
398.5
-1.0
1626.0
728.0
3068.5
1750.5
3087.5
1277.5
398.5
-1.0
1626.0
728.0
3068.5
1700.5
3037.5
1277.5
398.5
-1.0
1626.0
728.0
3068.5
1650.5
2987.5
1277.5
398.5
-1.0
1626.0
728.0
3068.5
1600.5
2937.5
1277.5
398.5
-1.0
1626.0
728.0
3068.5
1550.5
2887.5
1277.5
398.5
-1.0
1626.0
728.0
3068.5
1500.5
2837.5
1277.5
398.5
-1.0
1626.0
728.0
3068.5
1450.5
2787.5
1277.5
398.5
-1.0
1626.0
728.0
3068.5
1400.5
2737.5
1277.5
398.5
-1.0
1626.0
728.0
3068.5
1350.5
2687.5
1277.5
398.5
-1.0
1626.0
728.0
3068.5
1300.5
2637.5
1277.5
398.5
-1.0
1626.0
728.0
3068.5
1250.5
2587.5
1277.5
398.5
-1.0
1626.0
728.0
3068.5
1200.5
2537.5
1277.5
398.5
-1.0
1626.0
728.0
3068.5
1150.5
2487.5
1277.5
398.5
-1.0
1626.0
728.0
3068.5
1100.5
2437.5
1277.5
398.5
-1.0
1626.0
728.0
3068.5
1050.5
2387.5
1277.5
398.5
-1.0
1626.0
728.0
3068.5
1000.5
2337.5
1277.5
398.5
-1.0
1626.0
728.0
3068.5
950.5
2287.5
1277.5
398.5
-1.0
1626.0
728.0
3068.5
900.5
2237.5
1277.5
398.5
-1.0
1626.0
728.0
3068.5
850.5
2187.5
1277.5
398.5
-1.0
1577.5
728.0
3068.5
849.0
2137.5
1277.5
398.5
-1.0
1527.5
728.0
3068.5
849.0
2087.5
1277.5
398.5
-1.0
1477.5
728.0
3068.5
849.0
2037.5
1277.5
398.5
-1.0
1427.5
728.0
3068.5
849.0
1987.5
1277.5
398.5
-1.0
1377.5
728.0
3068.5
849.0
1937.5
1277.5
398.5
-1.0
1327.5
728.0
3068.5
849.0
1887.5
1277.5
398.5
-1.0
1277.5
728.0
3068.5
849.0
1837.5
1277.5
398.5
-1.0
1227.5
728.0
3068.5
849.0
1787.5
1277.5
398.5
-1.0
1177.5
728.0
3068.5
849.0
1737.5
1277.5
398.5
-1.0
1127.5
728.0
3068.5
849.0
1687.5
1277.5
398.5
-1.0
1077.5
728.0
3068.5
849.0
1637.5
1277.5
398.5
-1.0
1027.5
728.0
3068.5
849.0
1587.5
1277.5
398.5
-1.0
977.5
728.0
3068.5
849.0
1537.5
1277.5
398.5
-1.0
933.5
728.0
3062.5
849.0
1487.5
1277.5
398.5
-1.0
933.5
728.0
3012.5
849.0
1437.5
1277.5
398.5
-1.0
933.5
728.0
2962.5
849.0
1387.5
1277.5
398.5
-1.0
933.5
728.0
2912.5
849.0
1337.5
1277.5
398.5
-1.0
933.5
728.0
2862.5
849.0
1287.5
1277.5
398.5
-1.0
933.5
728.0
2812.5
849.0
1237.5
1277.5
398.5
-1.0
933.5
728.0
2762.5
849.0
1187.5
1277.5
398.5
-1.0
933.5
728.0
2712.5
849.0
1137.5
1277.5
398.5
-1.0
933.5
728.0
2662.5
849.0
1087.5
1277.5
398.5
-1.0
933.5
728.0
2612.5
849.0
1037.5
1277.5
398.5
-1.0
933.5
728.0
2562.5
849.0
987.5
1277.5
398.5
-1.0
933.5
728.0
2512.5
849.0
937.5
1277.5
398.5
-1.0
933.5
728.0
2462.5
849.0
887.5
1277.5
398.5
-1.0
933.5
728.0
2412.5
849.0
837.5
1277.5
398.5
-1.0
933.5
728.0
2362.5
849.0
787.5
1277.5
398.5
-1.0
933.5
728.0
2312.5
849.0
737.5
1277.5
398.5
-1.0
933.5
728.0
2262.5
849.0
687.5
1277.5
398.5
-1.0
933.5
728.0
2212.5
849.0
637.5
1277.5
398.5
-1.0
933.5
728.0
2162.5
849.0
587.5
1277.5
398.5
-1.0
933.5
728.0
2112.5
849.0
537.5
1277.5
398.5
-1.0
933.5
728.0
2062.5
849.0
3582.0
1277.5
398.5
-1.0
933.5
728.0
2026.0
849.0
3482.0
1277.5
398.5
-1.0
933.5
728.0
2026.0
849.0
3382.0
1277.5
398.5
-1.0
933.5
728.0
2026.0
849.0
3330.0
1277.5
398.5
3093.5
933.5
728.0
2026.0
849.0
3280.0
1277.5
398.5
3043.5
933.5
728.0
2026.0
849.0
3230.0
1277.5
398.5
2993.5
933.5
728.0
2026.0
849.0
3180.0
1277.5
398.5
2943.5
933.5
728.0
2026.0
849.0
3130.0
1277.5
398.5
2893.5
933.5
728.0
2026.0
849.0
3080.0
1277.5
398.5
2843.5
933.5
728.0
2026.0
849.0
3030.0
1277.5
398.5
2793.5
933.5
728.0
2026.0
849.0
2980.0
1277.5
398.5
2743.5
933.5
728.0
2026.0
849.0
2930.0
1277.5
398.5
2693.5
933.5
728.0
2026.0
849.0
2880.0
1277.5
398.5
2643.5
933.5
728.0
2026.0
849.0
2830.0
1277.5
398.5
2593.5
933.5
728.0
2026.0
849.0
2780.0
1277.5
398.5
2543.5
933.5
728.0
2026.0
849.0
2730.0
1277.5
398.5
2493.5
933.5
728.0
2026.0
849.0
2680.0
1277.5
398.5
2443.5
933.5
728.0
2026.0
849.0
2630.0
1277.5
398.5
2393.5
933.5
728.0
2026.0
849.0
2580.0
1277.5
398.5
2343.5
933.5
728.0
2026.0
849.0
2530.0
1277.5
398.5
2293.5
933.5
728.0
2026.0
849.0
2480.0
1277.5
398.5
2243.5
933.5
728.0
2026.0
849.0
2430.0
1277.5
398.5
2193.5
933.5
728.0
2026.0
849.0
2380.0
1277.5
398.5
2143.5
933.5
728.0
2026.0
849.0
2330.0
1277.5
398.5
2093.5
933.5
728.0
2026.0
849.0
2280.0
1277.5
398.5
2043.5
933.5
728.0
2026.0
849.0
2230.0
1277.5
398.5
1993.5
933.5
728.0
2026.0
849.0
2180.0
1277.5
398.5
1943.5
933.5
728.0
2026.0
849.0
2130.0
1277.5
398.5
1893.5
933.5
728.0
2026.0
849.0
2080.0
1277.5
398.5
1843.5
933.5
728.0
2026.0
849.0
2030.0
1277.5
398.5
1793.5
933.5
728.0
2026.0
849.0
1980.0
1277.5
398.5
1743.5
933.5
728.0
2026.0
849.0
1930.0
1277.5
398.5
1693.5
933.5
728.0
2026.0
849.0
1880.0
1277.5
395.5
1646.5
933.5
728.0
2026.0
849.0
1830.0
1277.5
345.5
1646.5
933.5
728.0
2026.0
849.0
1780.0
1277.5
295.5
1646.5
933.5
728.0
2026.0
849.0
1730.0
1277.5
245.5
1646.5
933.5
728.0
2026.0
849.0
1680.0
1277.5
195.5
1646.5
933.5
728.0
2026.0
849.0
1630.0
1277.5
145.5
1646.5
933.5
728.0
2026.0
849.0
1580.0
1277.5
95.5
1646.5
933.5
728.0
2026.0
849.0
1530.0
1277.5
45.5
1646.5
933.5
728.0
2026.0
849.0
1480.0
1277.5
-1.5
1646.5
933.5
728.0
2023.0
849.0
1430.0
1277.5
-1.5
1646.5
933.5
728.0
1973.0
849.0
1380.0
1277.5
-1.5
1646.5
933.5
728.0
1923.0
849.0
1330.0
1277.5
-1.5
1646.5
933.5
728.0
1873.0
849.0
1280.0
1277.5
-1.5
1646.5
933.5
728.0
1823.0
849.0
1230.0
1277.5
-1.5
1646.5
933.5
728.0
1773.0
849.0
1180.0
1277.5
-1.5
1646.5
933.5
728.0
1723.0
849.0
1130.0
1277.5
-1.5
1646.5
933.5
728.0
1673.0
849.0
1080.0
1277.5
-1.5
1646.5
933.5
728.0
1623.0
849.0
1030.0
1277.5
-1.5
1646.5
933.5
728.0
1573.0
849.0
980.0
1277.5
-1.5
1646.5
933.5
728.0
1523.0
849.0
930.0
1277.5
-1.5
1646.5
933.5
703.5
1497.5
849.0
890.5
1277.5
-1.5
4743.5
933.5
653.5
1497.5
849.0
890.5
1277.5
-1.5
4693.5
933.5
603.5
1497.5
849.0
890.5
1277.5
-1.5
4643.5
933.5
553.5
1497.5
849.0
890.5
1277.5
-1.5
4593.5
933.5
503.5
1497.5
849.0
890.5
1277.5
-1.5
4495.0
933.5
502.0
1497.5
849.0
890.5
1277.5
-1.5
4395.0
933.5
502.0
1497.5
849.0
890.5
1277.5
-1.5
4295.0
933.5
502.0
1497.5
849.0
890.5
1277.5
-1.5
4195.0
933.5
502.0
1497.5
849.0
890.5
1277.5
-1.5
4095.0
933.5
502.0
1497.5
849.0
890.5
1277.5
-1.5
3995.0
933.5
502.0
1497.5
849.0
890.5
1277.5
-1.5
3895.0
933.5
502.0
1497.5
849.0
890.5
1277.5
-1.5
3795.0
933.5
502.0
1497.5
849.0
890.5
1277.5
-1.5
3695.0
933.5
502.0
1497.5
849.0
890.5
1277.5
-1.5
3595.0
933.5
502.0
1497.5
849.0
890.5
1277.5
-1.5
3495.0
933.5
502.0
1497.5
849.0
890.5
1277.5
-1.5
3395.0
933.5
502.0
1497.5
849.0
890.5
1277.5
-1.5
3295.0
933.5
502.0
1497.5
849.0
890.5
1277.5
-1.5
3195.0
933.5
502.0
1497.5
849.0
890.5
1277.5
-1.5
3095.0
933.5
502.0
1497.5
849.0
890.5
1277.5
-1.5
2999.0
933.5
502.0
1493.5
849.0
890.5
1277.5
-1.5
2949.0
933.5
502.0
1443.5
849.0
890.5
1277.5
-1.5
2899.0
933.5
502.0
1393.5
849.0
846.0
1277.5
-1.5
2849.0
933.5
502.0
1388.0
849.0
796.0
1277.5
-1.5
2799.0
933.5
502.0
1388.0
849.0
746.0
1277.5
-1.5
2749.0
933.5
502.0
1388.0
849.0
696.0
1277.5
-1.5
2699.0
933.5
502.0
1388.0
849.0
646.0
1277.5
-1.5
2649.0
933.5
502.0
1388.0
849.0
596.0
1277.5
-1.5
2599.0
933.5
502.0
1388.0
849.0
546.0
1277.5
-1.5
2549.0
933.5
502.0
1388.0
849.0
512.0
1277.5
-1.5
2483.0
933.5
502.0
1388.0
849.0
512.0
1277.5
-1.5
2383.0
933.5
502.0
1388.0
849.0
512.0
1277.5
-1.5
2283.0
933.5
502.0
1388.0
849.0
512.0
1277.5
-1.5
2183.0
933.5
502.0
1388.0
849.0
512.0
1277.5
-1.5
2083.0
933.5
502.0
1388.0
849.0
512.0
1277.5
-1.5
1983.0
933.5
502.0
1388.0
849.0
512.0
1277.5
-1.5
1883.0
933.5
502.0
1388.0
849.0
512.0
1277.5
-1.5
1783.0
933.5
502.0
1388.0
849.0
512.0
1277.5
-1.5
1683.0
933.5
502.0
1388.0
849.0
512.0
1277.5
-1.5
1583.0
933.5
502.0
1388.0
849.0
512.0
1277.5
-1.5
1483.0
933.5
502.0
1388.0
849.0
512.0
1277.5
-1.5
1383.0
933.5
502.0
1388.0
849.0
512.0
1277.5
-1.5
1283.0
933.5
502.0
1388.0
849.0
512.0
1277.5
-1.5
1183.0
933.5
502.0
1388.0
849.0
512.0
1277.5
-1.5
1083.0
933.5
502.0
1388.0
849.0
512.0
1277.5
-1.5
983.0
933.5
502.0
1388.0
849.0
512.0
1277.5
-1.5
883.0
933.5
502.0
1388.0
849.0
512.0
1277.5
-1.5
795.5
933.5
502.0
1375.5
849.0
512.0
1277.5
-1.5
745.5
933.5
502.0
1325.5
849.0
512.0
1277.5
-1.5
695.5
933.5
502.0
1275.5
849.0
512.0
1277.5
-1.5
645.5
933.5
502.0
1225.5
849.0
512.0
1277.5
-1.5
595.5
933.5
502.0
1175.5
849.0
512.0
1277.5
-1.5
545.5
933.5
502.0
1125.5
849.0
512.0
1277.5
-1.5
495.5
933.5
502.0
1075.5
849.0
512.0
1277.5
-1.5
445.5
933.5
502.0
1025.5
849.0
512.0
1277.5
-1.5
395.5
933.5
502.0
975.5
849.0
512.0
1277.5
-1.5
345.5
933.5
502.0
925.5
849.0
512.0
1277.5
-1.5
295.5
933.5
502.0
875.5
849.0
512.0
1277.5
-1.5
245.5
933.5
502.0
825.5
849.0
512.0
1277.5
-1.5
222.5
933.5
502.0
775.5
822.0
512.0
1277.5
-1.5
222.5
933.5
502.0
725.5
772.0
512.0
1277.5
-1.5
222.5
933.5
502.0
675.5
722.0
512.0
1277.5
-1.5
222.5
933.5
502.0
625.5
672.0
512.0
1277.5
-1.5
222.5
933.5
502.0
575.5
622.0
512.0
1277.5
-1.5
222.5
933.5
502.0
525.5
572.0
512.0
1277.5
-1.5
222.5
933.5
502.0
475.5
522.0
473.5
1277.5
-1.5
222.5
933.5
502.0
425.5
510.5
423.5
1277.5
-1.5
222.5
933.5
502.0
375.5
510.5
373.5
1277.5
-1.5
222.5
933.5
502.0
325.5
510.5
323.5
1277.5
-1.5
222.5
933.5
502.0
275.5
510.5
273.5
1277.5
-1.5
222.5
933.5
502.0
225.5
510.5
215.0
1277.5
-1.5
222.5
933.5
502.0
220.0
474.5
165.0
1277.5
-1.5
222.5
933.5
502.0
220.0
424.5
115.0
1277.5
-1.5
222.5
933.5
502.0
220.0
374.5
65.0
1277.5
-1.5
222.5
933.5
502.0
220.0
324.5
15.0
1277.5
-1.5
222.5
933.5
502.0
220.0
274.5
-2.0
4390.0
-1.5
189.5
933.5
502.0
220.0
253.5
-2.0
4340.0
-1.5
139.5
933.5
502.0
220.0
253.5
-2.0
4290.0
-1.5
89.5
933.5
502.0
220.0
253.5
-2.0
4240.0
-1.5
39.5
933.5
502.0
220.0
253.5
-2.0
4190.0
-1.5
-2.0
933.5
502.0
211.5
253.5
-2.0
4140.0
-1.5
-2.0
933.5
502.0
161.5
253.5
-2.0
4090.0
-1.5
-2.0
933.5
502.0
111.5
253.5
-2.0
4040.0
-1.5
-2.0
933.5
502.0
61.5
253.5
-2.0
3990.0
-1.5
-2.0
933.5
502.0
11.5
253.5
-2.0
3940.0
-1.5
-2.0
933.5
465.5
-2.0
253.5
-2.0
3890.0
-1.5
-2.0
933.5
415.5
-2.0
253.5
-2.0
3840.0
-1.5
-2.0
933.5
365.5
-2.0
253.5
-2.0
3790.0
-1.5
-2.0
933.5
315.5
-2.0
253.5
-2.0
3740.0
-1.5
-2.0
933.5
265.5
-2.0
253.5
-2.0
3690.0
-1.5
-2.0
933.5
215.5
-2.0
253.5
-2.0
3640.0
-1.5
-2.0
933.5
165.5
-2.0
253.5
-2.0
3590.0
-1.5
-2.0
933.5
115.5
-2.0
253.5
-2.0
3540.0
-1.5
-2.0
933.5
65.5
-2.0
253.5
-2.0
3490.0
-1.5
-2.0
933.5
15.5
-2.0
253.5
-2.0
3440.0
3072.5
-2.0
933.5
-2.0
-2.0
253.5
-2.0
3390.0
3022.5
-2.0
933.5
-2.0
-2.0
253.5
-2.0
3340.0
2972.5
-2.0
933.5
-2.0
-2.0
253.5
-2.0
3290.0
2922.5
-2.0
933.5
-2.0
-2.0
253.5
-2.0
3240.0
2872.5
-2.0
933.5
-2.0
-2.0
253.5
-2.0
3190.0
2822.5
-2.0
933.5
-2.0
-2.0
253.5
-2.0
3140.0
2772.5
-2.0
933.5
-2.0
-2.0
253.5
-2.0
3090.0
2722.5
-2.0
933.5
-2.0
-2.0
253.5
-2.0
3040.0
2672.5
-2.0
933.5
-2.0
-2.0
253.5
-2.0
2990.0
2622.5
-2.0
933.5
-2.0
-2.0
253.5
-2.0
2940.0
2572.5
-2.0
933.5
-2.0
-2.0
253.5
-2.0
2890.0
2522.5
-2.0
933.5
-2.0
-2.0
253.5
-2.0
2840.0
2472.5
-2.0
933.5
-2.0
-2.0
253.5
-2.0
2790.0
2422.5
-2.0
933.5
-2.0
-2.0
253.5
-2.0
2740.0
2372.5
-2.0
933.5
-2.0
-2.0
253.5
-2.0
2690.0
2322.5
-2.0
933.5
-2.0
-2.0
253.5
-2.0
2640.0
2272.5
-2.0
933.5
-2.0
-2.0
253.5
-2.0
2590.0
2222.5
-2.0
933.5
-2.0
-2.0
253.5
-2.0
2540.0
2172.5
-2.0
933.5
-2.0
-2.0
253.5
-2.0
2490.0
2122.5
-2.0
933.5
-2.0
-2.0
253.5
-2.0
2440.0
2072.5
-2.0
933.5
-2.0
-2.0
253.5
-2.0
2390.0
2022.5
-2.0
933.5
-2.0
-2.0
253.5
-2.0
2340.0
1972.5
-2.0
933.5
-2.0
-2.0
253.5
-2.0
2290.0
1922.5
-2.0
933.5
-2.0
-2.0
253.5
-2.0
2240.0
1872.5
-2.0
933.5
-2.0
-2.0
253.5
-2.0
2190.0
1822.5
-2.0
933.5
-2.0
-2.0
253.5
-2.0
2140.0
1772.5
-2.0
933.5
-2.0
-2.0
253.5
-2.0
2090.0
1722.5
-2.0
933.5
-2.0
-2.0
253.5
-2.0
2040.0
1672.5
-2.0
933.5
-2.0
-2.0
253.5
-2.0
1990.0
1622.5
-2.0
933.5
-2.0
-2.0
253.5
-2.0
1940.0
1572.5
-2.0
933.5
-2.0
-2.0
253.5
-2.0
1890.0
1522.5
-2.0
933.5
-2.0
-2.0
253.5
-2.0
1840.0
1472.5
-2.0
933.5
-2.0
-2.0
253.5
-2.0
1790.0
1422.5
-2.0
933.5
-2.0
-2.0
253.5
-2.0
1740.0
1372.5
-2.0
933.5
-2.0
-2.0
253.5
-2.0
1690.0
1322.5
-2.0
933.5
-2.0
-2.0
253.5
-2.0
1640.0
1272.5
-2.0
933.5
-2.0
-2.0
253.5
-2.0
1590.0
1222.5
-2.0
933.5
-2.0
-2.0
253.5
-2.0
1540.0
1172.5
-2.0
933.5
-2.0
-2.0
253.5
-2.0
1490.0
1122.5
-2.0
933.5
-2.0
-2.0
253.5
-2.0
1440.0
1072.5
-2.0
933.5
-2.0
-2.0
253.5
-2.0
1390.0
1022.5
-2.0
933.5
-2.0
-2.0
253.5
-2.0
1340.0
972.5
-2.0
933.5
-2.0
-2.0
253.5
-2.0
1290.0
922.5
-2.0
933.5
-2.0
-2.0
253.5
-2.0
1277.0
872.5
-2.0
4039.0
-2.0
-2.0
253.5
-2.0
1277.0
822.5
-2.0
3989.0
-2.0
-2.0
253.5
-2.0
1277.0
772.5
-2.0
3939.0
-2.0
-2.0
253.5
-2.0
1277.0
722.5
-2.0
3889.0
-2.0
-2.0
253.5
-2.0
1277.0
672.5
-2.0
3839.0
-2.0
-2.0
253.5
-2.0
1277.0
622.5
-2.0
3789.0
-2.0
-2.0
253.5
-2.0
1277.0
572.5
-2.0
3739.0
-2.0
-2.0
253.5
-2.0
1277.0
522.5
-2.0
3689.0
-2.0
-2.0
253.5
-2.0
1277.0
472.5
-2.0
3639.0
-2.0
-2.0
253.5
-2.0
1277.0
422.5
-2.0
3589.0
-2.0
-2.0
253.5
-2.0
1277.0
372.5
-2.0
3539.0
-2.0
-2.0
253.5
-2.0
1277.0
322.5
-2.0
3489.0
-2.0
-2.0
253.5
-2.0
1277.0
272.5
-2.0
3439.0
-2.0
-2.0
253.5
-2.0
1277.0
222.5
-2.0
3389.0
-2.0
-2.0
253.5
-2.0
1277.0
172.5
-2.0
3339.0
-2.0
-2.0
253.5
-2.0
1277.0
122.5
-2.0
3289.0
-2.0
-2.0
253.5
-2.0
1277.0
72.5
-2.0
3239.0
-2.0
-2.0
253.5
-2.0
1277.0
22.5
-2.0
3189.0
-2.0
-2.0
253.5
-2.0
1251.5
-2.0
-2.0
3139.0
-2.0
-2.0
253.5
-2.0
1201.5
-2.0
-2.0
3089.0
-2.0
-2.0
253.5
-2.0
1151.5
-2.0
-2.0
3039.0
-2.0
-2.0
253.5
-2.0
1101.5
-2.0
-2.0
2989.0
-2.0
-2.0
253.5
-2.0
1054.5
-2.0
-2.0
2936.0
-2.0
-2.0
253.5
-2.0
1004.5
-2.0
-2.0
2886.0
-2.0
-2.0
253.5
-2.0
954.5
-2.0
-2.0
2836.0
-2.0
-2.0
253.5
-2.0
904.5
-2.0
-2.0
2786.0
-2.0
-2.0
253.5
-2.0
854.5
-2.0
-2.0
2736.0
-2.0
-2.0
253.5
-2.0
804.5
-2.0
-2.0
2686.0
-2.0
-2.0
253.5
-2.0
754.5
-2.0
-2.0
2636.0
-2.0
-2.0
253.5
-2.0
704.5
-2.0
-2.0
2586.0
-2.0
-2.0
253.5
-2.0
654.5
-2.0
-2.0
2536.0
-2.0
-2.0
253.5
-2.0
604.5
-2.0
-2.0
2486.0
-2.0
-2.0
253.5
-2.0
554.5
-2.0
-2.0
2436.0
-2.0
-2.0
253.5
-2.0
504.5
-2.0
-2.0
2386.0
-2.0
-2.0
253.5
-2.0
454.5
-2.0
-2.0
2336.0
-2.0
-2.0
253.5
-2.0
404.5
-2.0
-2.0
2286.0
-2.0
-2.0
253.5
-2.0
354.5
-2.0
-2.0
2236.0
-2.0
-2.0
253.5
-2.0
304.5
-2.0
-2.0
2186.0
-2.0
-2.0
253.5
-2.0
254.5
-2.0
-2.0
2136.0
-2.0
-2.0
253.5
-2.0
204.5
-2.0
-2.0
2086.0
-2.0
-2.0
253.5
-2.0
154.5
-2.0
-2.0
2036.0
-2.0
-2.0
253.5
-2.0
104.5
-2.0
-2.0
1986.0
-2.0
-2.0
253.5
-2.0
54.5
-2.0
-2.0
1936.0
-2.0
-2.0
253.5
-2.0
4.5
-2.0
-2.0
1886.0
-2.0
-2.0
253.5
-2.0
-2.0
-2.0
-2.0
1792.5
-2.0
-2.0
253.5
-2.0
-2.0
-2.0
-2.0
1692.5
-2.0
-2.0
253.5
-2.0
-2.0
-2.0
-2.0
1592.5
-2.0
-2.0
253.5
-2.0
-2.0
-2.0
-2.0
1492.5
-2.0
-2.0
253.5
-2.0
-2.0
-2.0
-2.0
1392.5
-2.0
-2.0
253.5
-2.0
-2.0
-2.0
-2.0
1292.5
-2.0
-2.0
253.5
-2.0
-2.0
-2.0
-2.0
1192.5
-2.0
-2.0
253.5
-2.0
-2.0
-2.0
-2.0
1092.5
-2.0
-2.0
253.5
-2.0
-2.0
-2.0
-2.0
992.5
-2.0
-2.0
253.5
-2.0
-2.0
-2.0
-2.0
892.5
-2.0
-2.0
253.5
-2.0
-2.0
-2.0
-2.0
792.5
-2.0
-2.0
253.5
-2.0
-2.0
-2.0
-2.0
692.5
-2.0
-2.0
253.5
-2.0
-2.0
-2.0
-2.0
592.5
-2.0
-2.0
253.5
-2.0
-2.0
-2.0
-2.0
492.5
-2.0
-2.0
253.5
-2.0
-2.0
-2.0
-2.0
392.5
-2.0
-2.0
253.5
-2.0
-2.0
-2.0
-2.0
292.5
-2.0
-2.0
253.5
-2.0
-2.0
-2.0
-2.0
192.5
-2.0
-2.0
253.5
-2.0
-2.0
-2.0
-2.0
92.5
-2.0
-2.0
253.5
-2.0
-2.0
-2.0
-2.0
4.0
-2.0
-2.0
242.0
-2.0
-2.0
-2.0
-2.0
-2.0
-2.0
-2.0
148.0
-2.0
-2.0
-2.0
-2.0
-2.0
-2.0
-2.0
48.0
