3281.5
3553.0
3258.0
3503.0
4559.5
3453.0
4509.5
3403.0
6070.5
4794.5
6853.5
6999.5
10122.0
12149.0
10072.0
12099.0
12048.0
12049.0
11998.0
11999.0
11948.0
11949.0
11898.0
11899.0
11848.0
11849.0
11798.0
11799.0
11748.0
11749.0
11698.0
11699.0
11648.0
11649.0
11598.0
11599.0
11548.0
11549.0
11498.0
11499.0
11448.0
11449.0
11398.0
11399.0
11348.0
11349.0
11298.0
11299.0
11248.0
11249.0
11198.0
11199.0
11148.0
11149.0
11098.0
11099.0
11048.0
11049.0
10998.0
10999.0
10948.0
10949.0
10898.0
10899.0
10848.0
10849.0
10798.0
10799.0
10748.0
10749.0
10698.0
10699.0
10648.0
10649.0
10598.0
10599.0
10548.0
10549.0
10498.0
10499.0
10448.0
10449.0
10398.0
10399.0
10348.0
10349.0
10298.0
10299.0
10248.0
10249.0
10198.0
10199.0
10148.0
10149.0
10098.0
10099.0
10048.0
10049.0
9998.0
9999.0
9948.0
9949.0
9898.0
9899.0
9848.0
9849.0
9798.0
9799.0
9748.0
9749.0
9698.0
9699.0
9648.0
9649.0
9598.0
9599.0
9548.0
9549.0
9498.0
9499.0
9448.0
9449.0
9398.0
9399.0
9348.0
9349.0
9298.0
9299.0
9248.0
9249.0
9198.0
9199.0
9148.0
9149.0
9098.0
9099.0
9048.0
9049.0
8998.0
8999.0
8948.0
8949.0
8898.0
8899.0
21301.5
8894.5
21201.5
8894.5
21101.5
8894.5
21001.5
8894.5
20901.5
8894.5
20801.5
8894.5
20701.5
8894.5
20601.5
8894.5
20501.5
8894.5
20401.5
8894.5
20301.5
8894.5
20201.5
8894.5
20101.5
8894.5
20001.5
8894.5
19901.5
8894.5
19801.5
8894.5
19701.5
8894.5
19601.5
8894.5
19501.5
8894.5
19401.5
8894.5
19301.5
8894.5
19201.5
8894.5
19140.5
21355.5
19090.5
21305.5
19040.5
21255.5
18990.5
21205.5
18940.5
21155.5
18890.5
21105.5
18840.5
21055.5
18790.5
21005.5
18740.5
20955.5
18690.5
20905.5
18640.5
20855.5
18590.5
20805.5
18540.5
20755.5
18490.5
20705.5
18440.5
20655.5
18390.5
20605.5
18340.5
20555.5
18290.5
20505.5
18240.5
20455.5
18190.5
20405.5
18140.5
20355.5
18090.5
20305.5
18040.5
20255.5
17990.5
20205.5
17940.5
20155.5
17890.5
20105.5
17840.5
20055.5
17790.5
20005.5
17740.5
19955.5
17690.5
19905.5
17640.5
19855.5
17590.5
19805.5
17540.5
19755.5
17490.5
19705.5
17440.5
19655.5
17390.5
19605.5
17340.5
19555.5
17290.5
19505.5
17240.5
19455.5
17190.5
19405.5
17140.5
19355.5
17090.5
19305.5
17040.5
19255.5
16990.5
19205.5
16940.5
19155.5
16890.5
19105.5
16840.5
19055.5
16790.5
19005.5
16740.5
18955.5
16690.5
18905.5
16640.5
18855.5
16590.5
18805.5
16540.5
18755.5
16490.5
18705.5
16440.5
18655.5
16390.5
18605.5
16340.5
18555.5
16290.5
18505.5
16240.5
18455.5
16190.5
18405.5
16140.5
18355.5
16090.5
18305.5
16040.5
18255.5
15990.5
18205.5
15940.5
18155.5
15890.5
18105.5
15840.5
18055.5
15790.5
18005.5
15740.5
17955.5
15690.5
17905.5
15640.5
17855.5
15590.5
17805.5
15540.5
17755.5
15490.5
17705.5
15440.5
17655.5
15390.5
17605.5
15340.5
17555.5
15290.5
17505.5
15240.5
17455.5
15190.5
17405.5
15140.5
17355.5
15090.5
17305.5
15040.5
17255.5
14990.5
17205.5
14940.5
17155.5
14890.5
17105.5
14840.5
17055.5
14790.5
17005.5
14740.5
16955.5
14690.5
16905.5
14640.5
16855.5
14590.5
16805.5
14540.5
16755.5
14490.5
16705.5
14440.5
16655.5
14390.5
16605.5
14340.5
16555.5
14290.5
16505.5
14240.5
16455.5
14190.5
16405.5
14140.5
16355.5
14090.5
16305.5
14040.5
16255.5
13990.5
16205.5
13940.5
16155.5
13890.5
16105.5
13840.5
16055.5
13790.5
16005.5
13740.5
15955.5
13690.5
15905.5
13640.5
15855.5
13590.5
15805.5
13540.5
15755.5
13490.5
15705.5
13440.5
15655.5
13390.5
15605.5
13340.5
15555.5
13290.5
15505.5
13240.5
15455.5
13190.5
15405.5
13140.5
15355.5
13090.5
15305.5
13040.5
15255.5
12990.5
15205.5
12940.5
15155.5
12890.5
15105.5
12840.5
15055.5
12790.5
15005.5
12740.5
14955.5
12690.5
14905.5
12640.5
14855.5
12590.5
14805.5
12540.5
14755.5
12490.5
14705.5
12440.5
14655.5
12390.5
14605.5
12340.5
14555.5
12290.5
14505.5
12240.5
14455.5
12190.5
14405.5
12140.5
14355.5
12068.0
14328.0
11968.0
14328.0
11868.0
14328.0
11768.0
14328.0
11668.0
14328.0
11568.0
14328.0
11468.0
14328.0
11368.0
14328.0
11268.0
14328.0
11168.0
14328.0
11068.0
14328.0
10968.0
14328.0
10868.0
14328.0
10768.0
14328.0
10668.0
14328.0
10568.0
14328.0
10468.0
14328.0
10368.0
14328.0
10268.0
14328.0
10168.0
14328.0
10068.0
14328.0
9968.0
14328.0
9868.0
14328.0
9768.0
14328.0
9668.0
14328.0
9568.0
14328.0
9468.0
14328.0
9368.0
14328.0
9268.0
14328.0
9168.0
14328.0
9068.0
14328.0
8968.0
14328.0
8879.5
14316.5
8829.5
14266.5
8779.5
14216.5
8729.5
14166.5
8679.5
14116.5
8629.5
14066.5
8579.5
14016.5
8529.5
13966.5
8479.5
13916.5
8429.5
13866.5
8379.5
13816.5
8329.5
13766.5
8279.5
13716.5
8229.5
13666.5
8179.5
13616.5
8129.5
13566.5
8079.5
13516.5
8029.5
13466.5
7979.5
13416.5
7929.5
13366.5
7879.5
13316.5
7829.5
13266.5
7779.5
13216.5
7729.5
13166.5
7679.5
13116.5
7629.5
13066.5
7579.5
13016.5
7529.5
12966.5
7479.5
12916.5
7429.5
12866.5
7379.5
12816.5
7329.5
12766.5
7279.5
12716.5
7229.5
12666.5
7179.5
12616.5
7129.5
12566.5
7079.5
12516.5
7029.5
12466.5
6979.5
12416.5
6929.5
12366.5
6879.5
12316.5
6829.5
12266.5
6779.5
12216.5
6729.5
12166.5
6679.5
12116.5
6629.5
12066.5
6579.5
12016.5
6529.5
11966.5
6479.5
11916.5
6429.5
11866.5
6379.5
11816.5
6329.5
11766.5
6279.5
11716.5
6229.5
11666.5
6179.5
11616.5
6175.5
11520.5
6175.5
11420.5
6175.5
11320.5
6175.5
11220.5
6175.5
11120.5
6175.5
11020.5
6175.5
10920.5
6175.5
10820.5
6175.5
10720.5
6175.5
10620.5
6175.5
10520.5
6175.5
10420.5
6175.5
10320.5
6175.5
10220.5
6175.5
10120.5
6175.5
10020.5
6175.5
9920.5
6175.5
9820.5
6175.5
9720.5
6175.5
9620.5
6175.5
9520.5
6175.5
9420.5
6175.5
9320.5
6175.5
9220.5
6175.5
9120.5
6175.5
9020.5
6175.5
8920.5
6175.5
8820.5
6175.5
8720.5
6175.5
8620.5
6175.5
8520.5
6175.5
8420.5
6175.5
8320.5
6175.5
8220.5
6175.5
8120.5
6175.5
8020.5
6175.5
7920.5
6175.5
7820.5
6175.5
7720.5
6175.5
7620.5
6175.5
7520.5
6175.5
7420.5
6175.5
7320.5
6175.5
7220.5
6175.5
7120.5
6175.5
7020.5
6175.5
6920.5
6175.5
6820.5
6175.5
6720.5
6175.5
6620.5
6175.5
6520.5
6175.5
6420.5
6175.5
6320.5
6175.5
6220.5
6148.0
6148.0
6098.0
6098.0
6048.0
6048.0
5998.0
5998.0
5948.0
5948.0
5898.0
5898.0
5848.0
5848.0
5798.0
5798.0
5748.0
5748.0
5698.0
5698.0
5648.0
5648.0
5598.0
5598.0
5548.0
5548.0
5498.0
5498.0
5448.0
5448.0
5398.0
5398.0
5348.0
5348.0
5298.0
5298.0
5248.0
5248.0
5198.0
5198.0
5148.0
5148.0
5098.0
5098.0
5048.0
5048.0
4998.0
4998.0
4948.0
4948.0
4898.0
4898.0
4848.0
4848.0
4798.0
4798.0
4748.0
4748.0
4698.0
4698.0
4648.0
4648.0
4598.0
4598.0
4548.0
4548.0
4498.0
4498.0
4448.0
4448.0
4398.0
4398.0
4348.0
4348.0
4298.0
4298.0
4248.0
4248.0
4198.0
4198.0
4148.0
4148.0
4098.0
4098.0
4048.0
4048.0
3998.0
3998.0
3948.0
3948.0
3898.0
3898.0
3848.0
3848.0
3798.0
3798.0
3748.0
3748.0
3698.0
3698.0
3648.0
3648.0
3598.0
3598.0
3548.0
3548.0
3498.0
3498.0
3448.0
3448.0
3398.0
3398.0
3348.0
3348.0
3298.0
3298.0
3248.0
3248.0
3198.0
3198.0
3148.0
3148.0
3098.0
3098.0
3048.0
3048.0
2998.0
2998.0
2948.0
2948.0
2898.0
2898.0
2848.0
2848.0
2798.0
2798.0
2748.0
2748.0
2698.0
2698.0
2648.0
2648.0
2598.0
2598.0
2548.0
2548.0
2498.0
2498.0
2448.0
2448.0
2398.0
2398.0
2348.0
2348.0
2298.0
2298.0
2248.0
2248.0
2198.0
2198.0
2148.0
2148.0
2098.0
2098.0
2048.0
2048.0
1998.0
1998.0
1948.0
1948.0
1898.0
1898.0
1848.0
1848.0
1798.0
1798.0
1748.0
1748.0
1698.0
1698.0
1648.0
1648.0
1598.0
1598.0
1548.0
1548.0
1498.0
1498.0
1448.0
1448.0
1398.0
1398.0
1348.0
1348.0
1298.0
1298.0
1248.0
1248.0
1198.0
1198.0
1148.0
1148.0
1098.0
1098.0
1048.0
1048.0
998.0
998.0
948.0
948.0
898.0
898.0
848.0
848.0
798.0
798.0
748.0
748.0
698.0
698.0
648.0
648.0
598.0
598.0
548.0
548.0
498.0
498.0
448.0
448.0
398.0
398.0
348.0
348.0
298.0
298.0
248.0
248.0
198.0
198.0
148.0
148.0
98.0
98.0
48.0
48.0
-2.0
-2.0
