1.9252784252166748
1.9253515005111694
1.9956201314926147
1.9956870079040527
2.0708357095718384
2.0709019899368286
2.1739795207977295
2.174244523048401
2.4772744178771973
2.477349042892456
2.6463534832000732
2.6464394330978394
3.002312421798706
3.0023884773254395
3.141764521598816
3.1418384313583374
3.374943494796753
3.386933445930481
3.5387569665908813
3.538822889328003
3.79905903339386
3.799474000930786
4.0743629932403564
4.074740529060364
4.656203985214233
4.656901955604553
4.833813548088074
4.834262490272522
5.006342172622681
5.006429076194763
5.1013710498809814
5.101595044136047
5.270593523979187
5.270657539367676
5.49266254901886
5.492738485336304
5.812362551689148
5.812428593635559
6.132984042167664
6.133147597312927
6.310140490531921
6.310225009918213
6.433729887008667
6.433808922767639
6.855414509773254
6.855627536773682
7.040882587432861
7.041186094284058
7.216600656509399
7.216688513755798
7.5494314432144165
7.549502968788147
7.579598546028137
7.579660654067993
7.587245941162109
7.587308406829834
7.573991537094116
7.574056029319763
7.560681343078613
7.560738444328308
7.766708850860596
7.766772389411926
7.798701524734497
7.798802495002747
7.793668866157532
7.793735861778259
7.783170461654663
7.783234000205994
7.767590045928955
7.7676533460617065
7.873474955558777
7.8735469579696655
7.868841528892517
7.868920564651489
7.880336880683899
7.8804014921188354
7.868836998939514
7.868899464607239
7.860415101051331
7.8605064153671265
7.885936498641968
7.886013507843018
7.887122988700867
7.887184023857117
7.871232032775879
7.871294975280762
7.864259958267212
7.8643234968185425
7.845909476280212
7.845973491668701
7.921878457069397
7.921940445899963
7.973598003387451
7.973670482635498
7.976171016693115
7.976256489753723
7.954498887062073
7.95455539226532
7.930006146430969
7.930065155029297
7.960721015930176
7.9607765674591064
7.9457244873046875
7.945778489112854
7.932279586791992
7.932332634925842
7.921578407287598
7.921642899513245
7.918829560279846
7.918884038925171
7.932501435279846
7.932561993598938
8.139070987701416
8.13913357257843
8.136367440223694
8.136435985565186
8.155444025993347
8.155502438545227
8.063408017158508
8.063501954078674
8.170588970184326
8.17064654827118
8.155086874961853
8.155141949653625
8.147382974624634
8.147485494613647
8.14000153541565
8.140058040618896
8.216526985168457
8.216593503952026
8.243463039398193
8.243523955345154
8.25282347202301
8.25288450717926
8.324278950691223
8.324342012405396
8.322789669036865
8.322852611541748
8.320272445678711
8.320455074310303
8.29085648059845
8.2909175157547
8.275619506835938
8.275694012641907
8.611552953720093
8.611639022827148
8.625234842300415
8.625300407409668
8.62027657032013
8.620336055755615
8.61344587802887
8.613502502441406
8.606461524963379
8.606519103050232
8.596909999847412
8.59696650505066
8.58173406124115
8.581791043281555
8.604596495628357
8.604657888412476
8.590359330177307
8.590419888496399
8.580840945243835
8.580902457237244
8.73557698726654
8.735636949539185
8.750633597373962
8.750695586204529
8.747962951660156
8.748023509979248
8.747466444969177
8.747535109519958
8.745203018188477
8.745267033576965
8.743427991867065
8.743493914604187
8.73416805267334
8.734230995178223
8.741300582885742
8.741397142410278
8.751769065856934
8.751831531524658
8.747849941253662
8.74791395664215
8.746469974517822
8.746530532836914
8.760051131248474
8.760171055793762
9.436718106269836
9.436777114868164
9.438665509223938
9.438735604286194
9.443873047828674
9.44394302368164
9.454371452331543
9.454439997673035
9.492715120315552
9.492777585983276
9.553110003471375
9.553171515464783
9.566380500793457
9.566443920135498
9.571852445602417
9.571945428848267
9.584808945655823
9.584879994392395
9.590887427330017
9.590957403182983
9.57342255115509
9.573494553565979
9.63969361782074
9.639782547950745
9.675325989723206
9.675410985946655
9.711288452148438
9.711361408233643
9.876757621765137
9.876824617385864
9.878640413284302
9.87869906425476
9.88548493385315
9.88554298877716
9.89885687828064
9.898916840553284
9.921875476837158
9.921942472457886
9.985071539878845
9.985135555267334
10.035757064819336
10.035820960998535
10.046598434448242
10.046682953834534
10.187820076942444
10.18787944316864
10.175746440887451
10.17580759525299
10.180290579795837
10.180353045463562
10.171369075775146
10.171427965164185
10.180282473564148
10.180346488952637
10.190568923950195
10.19063138961792
10.195619463920593
10.195687890052795
10.22895097732544
10.229009509086609
10.229907035827637
10.230000138282776
10.262056112289429
10.262114524841309
10.223940014839172
10.22399652004242
10.251295447349548
10.251361012458801
10.269871592521667
10.269931077957153
10.292244553565979
10.29231595993042
10.325183033943176
10.32524311542511
10.315083503723145
10.315141439437866
10.33817994594574
10.33825957775116
10.363096475601196
10.363184809684753
10.341715455055237
10.341796517372131
10.371652960777283
10.37173593044281
10.342163443565369
10.342230319976807
10.381479501724243
10.38153851032257
10.386078953742981
10.386136531829834
10.38839602470398
10.388460516929626
10.389918088912964
10.389984130859375
10.37145447731018
10.37154495716095
10.6736398935318
10.67369794845581
10.670777082443237
10.67083752155304
10.673976421356201
10.674036979675293
10.736061573028564
10.736129522323608
10.746858358383179
10.746917963027954
10.745067954063416
10.745134472846985
10.772677540779114
10.772736430168152
10.768032670021057
10.768092036247253
10.755064487457275
10.755123496055603
10.73300039768219
10.733057975769043
10.72892451286316
10.728984117507935
10.739449977874756
10.739509463310242
10.615257978439331
10.615318417549133
10.769136548042297
10.769197583198547
10.807365655899048
10.807427048683167
10.816440463066101
10.816500544548035
10.804221034049988
10.804279446601868
10.85831356048584
10.858373641967773
10.741215467453003
10.741279006004333
10.809301972389221
10.809376955032349
10.938543438911438
10.93860650062561
10.943995118141174
10.944059610366821
10.961112022399902
10.961238026618958
11.070021986961365
11.070122003555298
10.886359453201294
10.886441469192505
11.01110303401947
11.011176943778992
11.019539475440979
11.019604444503784
11.023673415184021
11.02373993396759
11.115239977836609
11.115310430526733
11.132822036743164
11.132885098457336
11.148163437843323
11.148234367370605
11.173307061195374
11.17336654663086
11.418908476829529
11.418967008590698
11.417487025260925
11.417546033859253
11.415630459785461
11.41568648815155
11.435418009757996
11.435477018356323
11.43346643447876
11.43352496623993
11.343503594398499
11.34356951713562
11.453530073165894
11.453591585159302
11.460837006568909
11.460894584655762
11.477373480796814
11.477437973022461
11.48195207118988
11.48201596736908
11.49186897277832
11.491927981376648
11.495959520339966
11.496021032333374
11.534110426902771
11.53417444229126
11.472622871398926
11.472686409950256
11.501222968101501
11.501281976699829
11.582143545150757
11.582201957702637
11.591373443603516
11.591431021690369
11.52282452583313
11.5228830575943
11.523614883422852
11.523671984672546
11.631093502044678
11.631163001060486
11.595527052879333
11.595585465431213
11.610162615776062
11.6102215051651
11.628556966781616
11.62861692905426
11.617089033126831
11.617152094841003
11.621474623680115
11.621535539627075
11.665489435195923
11.665550947189331
11.658028483390808
11.658087491989136
11.828498005867004
11.828556537628174
11.788662552833557
11.788725018501282
11.812621474266052
11.812681436538696
11.811389923095703
11.811455965042114
11.715781927108765
11.715839982032776
11.674573063850403
11.674638032913208
11.772985458374023
11.773047924041748
11.676079034805298
11.67613697052002
11.809309482574463
11.809372425079346
11.705438017845154
11.705498576164246
11.722234964370728
11.72230851650238
11.72999095916748
11.730062484741211
12.079602003097534
12.079700946807861
11.959280610084534
11.959398031234741
11.936416864395142
11.93650996685028
11.947214484214783
11.947300910949707
11.953789949417114
11.953877925872803
12.14873492717743
12.148800492286682
12.14937949180603
12.149443507194519
12.07140851020813
12.071779489517212
11.895943880081177
11.896007537841797
11.896503448486328
11.896565556526184
11.909347414970398
11.909407019615173
11.908626556396484
11.90868604183197
12.227511644363403
12.22762906551361
12.50580644607544
12.505890488624573
12.231040954589844
12.23111891746521
12.504801511764526
12.50485897064209
12.262132048606873
12.262193441390991
12.29807710647583
12.298136591911316
12.048560976982117
12.048621535301208
12.05688750743866
12.056952595710754
12.071672558784485
12.071727991104126
12.072904586791992
12.07296359539032
12.565330505371094
12.565390944480896
12.887868046760559
12.887927055358887
12.880229949951172
12.8802889585495
12.892874598503113
12.89293348789215
12.904318571090698
12.904378533363342
12.89935052394867
12.899409413337708
12.93918788433075
12.939263463020325
13.000345468521118
13.000401973724365
13.0157949924469
13.015886545181274
13.019806146621704
13.019867062568665
13.018362402915955
13.018510937690735
13.016898512840271
13.017099022865295
13.029855370521545
13.029913544654846
12.777428388595581
12.777488470077515
12.789295434951782
12.789353966712952
12.783446431159973
12.783504009246826
13.063568472862244
13.063625454902649
12.786518931388855
12.786576628684998
12.777474880218506
12.777532935142517
12.778159022331238
12.778216004371643
13.090272068977356
13.090327024459839
13.082446455955505
13.082504510879517
13.076498985290527
13.076565504074097
13.102657437324524
13.102717518806458
13.094233393669128
13.094293475151062
13.163176417350769
13.16323697566986
13.181919574737549
13.181979060173035
13.179279446601868
13.179338335990906
13.189104437828064
13.189170479774475
13.161434531211853
13.161556482315063
13.149973511695862
13.150030970573425
13.2143634557724
13.214422821998596
13.425894021987915
13.425953149795532
13.398942947387695
13.399000525474548
13.3895765542984
13.389633059501648
13.683935523033142
13.683992505073547
13.681651949882507
13.681721568107605
13.702839970588684
13.703065395355225
13.70620310306549
13.706261157989502
13.703110337257385
13.703177809715271
13.70009160041809
13.700152516365051
13.71454107761383
13.714601516723633
13.717044472694397
13.71710753440857
13.713940143585205
13.714009523391724
13.710715413093567
13.710785388946533
13.707820534706116
13.707879543304443
13.740171432495117
13.740229964256287
13.741493463516235
13.741642951965332
13.739745616912842
13.739804983139038
13.539762020111084
13.539821028709412
13.547794938087463
13.547851920127869
13.78499460220337
13.785090565681458
13.685880899429321
13.685973405838013
13.672975063323975
13.673089504241943
13.678269982337952
13.678330540657043
13.528593063354492
13.528659105300903
13.567539930343628
13.567599534988403
13.560046076774597
13.560103058815002
13.552767515182495
13.552827596664429
13.905888080596924
13.905945539474487
13.87497353553772
13.875031471252441
13.677406668663025
13.677463054656982
13.809036016464233
13.80910348892212
13.683437466621399
13.683497428894043
13.646628022193909
13.64668607711792
13.646443009376526
13.646502017974854
13.765870094299316
13.765928506851196
13.64525294303894
13.645315408706665
13.78686511516571
13.786923050880432
13.65029489994049
13.650354027748108
13.86352801322937
13.863596081733704
13.856594920158386
13.856653451919556
13.85961401462555
13.859689474105835
13.874863505363464
13.874923944473267
14.24153459072113
14.24160897731781
14.237597584724426
14.23765754699707
14.334394574165344
14.334453105926514
14.348114967346191
14.348173379898071
14.362131476402283
14.36219048500061
14.37547743320465
14.375536322593689
14.374840021133423
14.374898433685303
14.368748545646667
14.368808507919312
14.385044574737549
14.385103106498718
14.381660342216492
14.381719946861267
14.398909568786621
14.398970603942871
14.413965940475464
14.414045453071594
14.426721453666687
14.426780104637146
15.04151463508606
15.041576147079468
15.031474947929382
15.031535506248474
15.021310448646545
15.021369457244873
15.032411456108093
15.032469987869263
14.879095554351807
14.87915551662445
15.237078547477722
15.237136602401733
15.251455426216125
15.251525044441223
15.254506945610046
15.254565477371216
15.250422596931458
15.250495076179504
15.24870753288269
15.248771071434021
15.247541427612305
15.247609853744507
15.261564493179321
15.261631965637207
15.295288920402527
15.295347929000854
15.297094464302063
15.297174572944641
15.295649528503418
15.29573905467987
15.29258942604065
15.292651891708374
15.293069958686829
15.293129920959473
15.32144546508789
15.321503400802612
15.315294981002808
15.315354585647583
15.307905435562134
15.307966947555542
15.324703931808472
15.324795007705688
15.316707015037537
15.316794037818909
15.141955971717834
15.1420259475708
15.138863563537598
15.138935446739197
15.136672616004944
15.136749029159546
15.156397104263306
15.156464576721191
15.151726961135864
15.15182650089264
15.375268936157227
15.375335931777954
15.604707956314087
15.604766011238098
15.589850902557373
15.589948892593384
15.581539511680603
15.581606030464172
15.6806880235672
15.680752515792847
15.682490587234497
15.682548999786377
15.650856971740723
15.650917410850525
15.653321027755737
15.653377056121826
15.642882108688354
15.642943024635315
15.634491086006165
15.63454806804657
15.645715475082397
15.645772576332092
15.636501550674438
15.636558532714844
15.666824102401733
15.666884064674377
15.667311429977417
15.667369961738586
15.663393497467041
15.663451910018921
15.674053072929382
15.674109935760498
15.669490456581116
15.669549465179443
15.690024971961975
15.690093040466309
15.802497029304504
15.802557110786438
15.79928195476532
15.799340963363647
15.79556405544281
15.795640587806702
15.7904554605484
15.79051649570465
15.803569078445435
15.803627610206604
15.80620551109314
15.806264996528625
15.803973078727722
15.804032564163208
15.800206899642944
15.800265431404114
15.829390048980713
15.829449534416199
16.04666554927826
16.046724438667297
16.038166999816895
16.038226008415222
16.01207995414734
16.012154936790466
15.979671478271484
15.979730010032654
15.962494492530823
15.962557554244995
15.99602198600769
15.996091604232788
15.979285478591919
15.979357600212097
15.951083540916443
15.951144456863403
15.936865448951721
15.93692684173584
15.928696513175964
15.92875850200653
15.919861078262329
15.919921636581421
15.929401516914368
15.929505586624146
15.933208465576172
15.933315992355347
15.931411027908325
15.931509971618652
15.943418979644775
15.943480491638184
15.947863936424255
15.947924971580505
15.941663026809692
15.94175112247467
16.22888445854187
16.228954434394836
16.217128038406372
16.21718955039978
16.224724054336548
16.224787950515747
16.698058009147644
16.698118925094604
16.696981549263
16.697047472000122
16.67052698135376
16.670586943626404
16.657721996307373
16.657788038253784
16.652926921844482
16.65298902988434
16.660958528518677
16.66102945804596
16.663704991340637
16.66376554965973
16.668550491333008
16.668610453605652
16.66459310054779
16.66465401649475
16.661362528800964
16.661422967910767
16.713337540626526
16.713399529457092
16.75838553905487
16.758458018302917
16.76637101173401
16.766435027122498
16.765854001045227
16.765925407409668
16.7861590385437
16.78624713420868
17.405303835868835
17.405369877815247
17.459527611732483
17.45958912372589
17.457310438156128
17.457372426986694
17.459648489952087
17.459707856178284
17.475290417671204
17.47537052631378
17.486469507217407
17.486528992652893
17.477070450782776
17.477132439613342
17.457005500793457
17.457066535949707
17.457141041755676
17.45720398426056
17.43493151664734
17.43499195575714
17.44715452194214
17.447221040725708
17.437673568725586
17.43773651123047
17.45655345916748
17.456670999526978
17.456594109535217
17.45665407180786
17.449470043182373
17.449583053588867
17.47911047935486
17.479171872138977
17.499591946601868
17.499671936035156
17.51859450340271
17.518657445907593
17.53656840324402
17.53667938709259
17.539515018463135
17.539584517478943
17.537293434143066
17.537355422973633
17.556591510772705
17.556681990623474
17.604235410690308
17.604296922683716
17.610985040664673
17.611045479774475
17.59174406528473
17.59180748462677
18.178085446357727
18.17815637588501
18.184316992759705
18.184401512145996
18.193217039108276
18.193279504776
18.23504137992859
18.235125422477722
18.256248116493225
18.256312012672424
18.255029439926147
18.25509202480316
18.249411463737488
18.249473452568054
18.249881982803345
18.249987483024597
18.243694067001343
18.243756532669067
18.236215472221375
18.236275553703308
18.263404965400696
18.263466358184814
18.262128949165344
18.26219356060028
18.25648009777069
18.25654149055481
18.249037981033325
18.249112486839294
18.24306058883667
18.24312198162079
18.23856294155121
18.23862588405609
18.26398539543152
18.264060854911804
18.265182495117188
18.265244007110596
18.338019609451294
18.338091135025024
18.34593939781189
18.346017479896545
18.348158478736877
18.348236441612244
18.38827908039093
18.388341546058655
18.385205388069153
18.385268926620483
18.843048453330994
18.84311294555664
18.85488200187683
18.854944467544556
18.886709570884705
18.8867689371109
18.88070547580719
18.880767464637756
18.866321563720703
18.866381645202637
18.857419967651367
18.85748040676117
18.84468650817871
18.844764947891235
18.82608664035797
18.82614803314209
18.895434617996216
18.89549708366394
18.90637707710266
18.906445503234863
18.90118908882141
18.901254057884216
18.937594413757324
18.937678456306458
18.929776906967163
18.929844975471497
18.939270973205566
18.939331889152527
18.934542059898376
18.93460249900818
18.969746589660645
18.96981704235077
18.984678983688354
18.984744548797607
18.984916925430298
18.984978914260864
18.979872941970825
18.979933857917786
18.975540041923523
18.975600481033325
18.96547794342041
18.965547919273376
19.26473343372345
19.264824986457825
19.26228654384613
19.262349009513855
19.253860592842102
19.253920912742615
19.224310517311096
19.224382042884827
19.20913600921631
19.20919406414032
19.209444999694824
19.209524035453796
19.193873524665833
19.193933486938477
19.192883491516113
19.1929429769516
19.184574604034424
19.18463659286499
19.17244052886963
19.172499537467957
19.16143298149109
19.161492943763733
19.148651599884033
19.148709058761597
19.141908884048462
19.141969442367554
19.133625030517578
19.133697509765625
19.142261505126953
19.142322540283203
19.15514099597931
19.155203580856323
19.147473573684692
19.147533059120178
19.14115595817566
19.14121651649475
19.127145528793335
19.12720251083374
19.07538592815399
19.075446009635925
