-1.0
-1.0
-1.0
2841.5
-1.0
3056.5
-1.0
-1.0
-1.0
-1.0
-1.0
2791.5
-1.0
3006.5
-1.0
-1.0
-1.0
-1.0
-1.0
2741.5
-1.0
2956.5
-1.0
-1.0
-1.0
-1.0
-1.0
2691.5
-1.0
2906.5
-1.0
-1.0
-1.0
-1.0
-1.0
2641.5
-1.0
2856.5
-1.0
-1.0
-1.0
-1.0
-1.0
2591.5
-1.0
2806.5
-1.0
-1.0
-1.0
-1.0
-1.0
2541.5
-1.0
2756.5
-1.0
-1.0
-1.0
-1.0
-1.0
2491.5
-1.0
2706.5
-1.0
-1.0
-1.0
-1.0
-1.0
2441.5
-1.0
2656.5
-1.0
-1.0
-1.0
-1.0
-1.0
2391.5
-1.0
2606.5
-1.0
-1.0
-1.0
-1.0
-1.0
2341.5
-1.0
2556.5
-1.0
-1.0
-1.0
-1.0
-1.0
2291.5
-1.0
2506.5
-1.0
-1.0
-1.0
-1.0
-1.0
2241.5
-1.0
2456.5
-1.0
-1.0
-1.0
-1.0
-1.0
2191.5
-1.0
2406.5
-1.0
-1.0
-1.0
-1.0
-1.0
2141.5
-1.0
2356.5
-1.0
-1.0
-1.0
-1.0
-1.0
2091.5
-1.0
2306.5
-1.0
-1.0
-1.0
-1.0
-1.0
2041.5
-1.0
2256.5
-1.0
-1.0
-1.0
-1.0
-1.0
1991.5
-1.0
2206.5
-1.0
-1.0
-1.0
-1.0
-1.0
1941.5
-1.0
2156.5
-1.0
-1.0
-1.0
-1.0
-1.0
1891.5
-1.0
2106.5
-1.0
-1.0
-1.0
-1.0
-1.0
1841.5
-1.0
2056.5
-1.0
-1.0
-1.0
-1.0
-1.0
1791.5
-1.0
2006.5
-1.0
-1.0
-1.0
-1.0
-1.0
1741.5
-1.0
1956.5
-1.0
-1.0
-1.0
-1.0
-1.0
1691.5
-1.0
1906.5
-1.0
-1.0
-1.0
-1.0
-1.0
1641.5
-1.0
1856.5
-1.0
-1.0
-1.0
-1.0
-1.0
1591.5
-1.0
1806.5
-1.0
-1.0
-1.0
-1.0
-1.0
1541.5
-1.0
1756.5
-1.0
-1.0
-1.0
-1.0
-1.0
1491.5
-1.0
1706.5
-1.0
-1.0
-1.0
-1.0
-1.0
1441.5
-1.0
1656.5
-1.0
-1.0
-1.0
-1.0
-1.0
1391.5
-1.0
1606.5
-1.0
-1.0
-1.0
-1.0
-1.0
1341.5
-1.0
1556.5
-1.0
-1.0
-1.0
-1.0
-1.0
1291.5
-1.0
1506.5
-1.0
-1.0
-1.0
-1.0
-1.0
1241.5
-1.0
1456.5
-1.0
-1.0
-1.0
-1.0
-1.0
1191.5
-1.0
1406.5
-1.0
-1.0
-1.0
-1.0
-1.0
1141.5
-1.0
1356.5
-1.0
-1.0
-1.0
-1.0
-1.0
1091.5
-1.0
1306.5
-1.0
-1.0
-1.0
-1.0
-1.0
1041.5
-1.0
1256.5
-1.0
-1.0
-1.0
-1.0
-1.0
991.5
-1.0
1206.5
-1.0
-1.0
-1.0
-1.0
-1.0
941.5
-1.0
1156.5
-1.0
-1.0
-1.0
-1.0
-1.0
891.5
-1.0
1106.5
-1.0
-1.0
-1.0
-1.0
-1.0
841.5
-1.0
1056.5
-1.0
-1.0
-1.0
-1.0
-1.0
791.5
-1.0
1006.5
-1.0
-1.0
-1.0
-1.0
-1.0
741.5
-1.0
956.5
-1.0
-1.0
-1.0
-1.0
-1.0
691.5
-1.0
906.5
-1.0
-1.0
-1.0
-1.0
-1.0
641.5
-1.0
856.5
-1.0
-1.0
-1.0
-1.0
-1.0
591.5
-1.0
806.5
-1.0
-1.0
-1.0
-1.0
-1.0
541.5
-1.0
756.5
-1.0
-1.0
-1.0
-1.0
-1.0
491.5
-1.0
706.5
-1.0
-1.0
-1.0
-1.0
-1.0
441.5
-1.0
656.5
-1.0
-1.0
-1.0
-1.0
-1.0
391.5
-1.0
606.5
-1.0
-1.0
-1.0
-1.0
-1.0
341.5
-1.0
556.5
-1.0
-1.0
-1.0
-1.0
-1.0
291.5
-1.0
506.5
-1.0
-1.0
-1.0
-1.0
-1.0
241.5
-1.0
456.5
-1.0
-1.0
-1.0
-1.0
-1.0
191.5
-1.0
406.5
-1.0
-1.0
-1.0
-1.0
-1.0
141.5
-1.0
356.5
-1.0
-1.0
-1.0
-1.0
-1.0
91.5
-1.0
306.5
-1.0
-1.0
-1.0
-1.0
-1.0
41.5
-1.0
256.5
-1.0
-1.0
-1.0
-1.0
-1.0
-1.5
-1.0
206.5
-1.0
3133.5
-1.0
-1.0
-1.0
-1.5
-1.0
156.5
-1.0
3083.5
-1.0
-1.0
-1.0
-1.5
-1.0
106.5
-1.0
3033.5
-1.0
-1.0
-1.0
-1.5
-1.0
56.5
-1.0
2983.5
-1.0
-1.0
-1.0
-1.5
-1.0
6.5
-1.0
2933.5
3065.0
-1.0
-1.0
-1.5
-1.0
-1.5
-1.0
2883.5
3015.0
-1.0
-1.0
-1.5
-1.0
-1.5
-1.0
2833.5
2965.0
-1.0
-1.0
-1.5
-1.0
-1.5
-1.0
2783.5
2915.0
-1.0
-1.0
-1.5
-1.0
-1.5
-1.0
2733.5
2865.0
-1.0
-1.0
-1.5
-1.0
-1.5
-1.0
2683.5
2815.0
-1.0
-1.0
-1.5
-1.0
-1.5
-1.0
2633.5
2765.0
-1.0
-1.0
-1.5
-1.0
-1.5
-1.0
2583.5
2715.0
-1.0
-1.0
-1.5
-1.0
-1.5
-1.0
2533.5
2665.0
-1.0
-1.0
-1.5
-1.0
-1.5
-1.0
2483.5
2615.0
-1.0
-1.0
-1.5
-1.0
-1.5
-1.0
2433.5
2565.0
-1.0
-1.0
-1.5
-1.0
-1.5
-1.0
2383.5
2515.0
-1.0
-1.0
-1.5
-1.0
-1.5
-1.0
2333.5
2465.0
-1.0
-1.0
-1.5
-1.0
-1.5
-1.0
2283.5
2415.0
-1.0
-1.0
-1.5
-1.0
-1.5
-1.0
2233.5
2365.0
-1.0
-1.0
-1.5
-1.0
-1.5
-1.0
2183.5
2315.0
-1.0
-1.0
-1.5
-1.0
-1.5
-1.0
2133.5
2265.0
-1.0
-1.0
-1.5
-1.0
-1.5
-1.0
2083.5
2215.0
-1.0
-1.0
-1.5
-1.0
-1.5
-1.0
2033.5
2165.0
-1.0
-1.0
-1.5
-1.0
-1.5
-1.0
1983.5
2115.0
-1.0
-1.0
-1.5
-1.0
-1.5
-1.0
1933.5
2065.0
-1.0
-1.0
-1.5
-1.0
-1.5
-1.0
1883.5
2015.0
-1.0
-1.0
-1.5
-1.0
-1.5
-1.0
1833.5
1965.0
-1.0
-1.0
-1.5
-1.0
-1.5
-1.0
1783.5
1915.0
-1.0
-1.0
-1.5
-1.0
-1.5
-1.0
1733.5
1865.0
-1.0
-1.0
-1.5
-1.0
-1.5
-1.0
1683.5
1815.0
-1.0
-1.0
-1.5
-1.0
-1.5
-1.0
1633.5
1765.0
-1.0
-1.0
-1.5
-1.0
-1.5
-1.0
1583.5
1715.0
-1.0
-1.0
-1.5
-1.0
-1.5
-1.0
1533.5
1665.0
-1.0
-1.0
-1.5
-1.0
-1.5
-1.0
1483.5
1615.0
-1.0
-1.0
-1.5
-1.0
-1.5
-1.0
1433.5
1565.0
-1.0
-1.0
-1.5
-1.0
-1.5
-1.0
1383.5
1515.0
-1.0
-1.0
-1.5
-1.0
-1.5
-1.0
1333.5
1465.0
-1.0
-1.0
-1.5
-1.0
-1.5
-1.0
1283.5
1415.0
-1.0
-1.0
-1.5
-1.0
-1.5
-1.0
1233.5
1365.0
-1.0
-1.0
-1.5
-1.0
-1.5
-1.0
1183.5
1315.0
-1.0
-1.0
-1.5
-1.0
-1.5
-1.0
1133.5
1265.0
-1.0
-1.0
-1.5
-1.0
-1.5
-1.0
1083.5
1215.0
-1.0
-1.0
-1.5
-1.0
-1.5
-1.0
1033.5
1165.0
-1.0
-1.0
-1.5
-1.0
-1.5
-1.0
983.5
1115.0
-1.0
-1.0
-1.5
-1.0
-1.5
-1.0
933.5
1065.0
-1.0
-1.0
-1.5
-1.0
-1.5
-1.0
883.5
1015.0
-1.0
-1.0
-1.5
-1.0
-1.5
-1.0
833.5
965.0
-1.0
-1.0
-1.5
-1.0
-1.5
-1.0
783.5
915.0
-1.0
-1.0
-1.5
-1.0
-1.5
-1.0
733.5
865.0
-1.0
-1.0
-1.5
-1.0
-1.5
-1.0
683.5
815.0
-1.0
-1.0
-1.5
-1.0
-1.5
-1.0
633.5
765.0
-1.0
-1.0
-1.5
-1.0
-1.5
-1.0
583.5
715.0
-1.0
-1.0
-1.5
-1.0
-1.5
-1.0
533.5
665.0
-1.0
-1.0
-1.5
-1.0
-1.5
-1.0
483.5
615.0
-1.0
-1.0
-1.5
-1.0
-1.5
-1.0
433.5
565.0
-1.0
-1.0
-1.5
-1.0
-1.5
-1.0
383.5
515.0
-1.0
-1.0
-1.5
-1.0
-1.5
-1.0
333.5
465.0
-1.0
-1.0
-1.5
-1.0
-1.5
-1.0
283.5
415.0
-1.0
-1.0
-1.5
-1.0
-1.5
-1.0
233.5
365.0
-1.0
-1.0
-1.5
-1.0
-1.5
-1.0
183.5
315.0
-1.0
-1.0
-1.5
-1.0
-1.5
-1.0
133.5
265.0
-1.0
-1.0
-1.5
-1.0
-1.5
-1.0
83.5
215.0
-1.0
-1.0
-1.5
-1.0
-1.5
-1.0
33.5
165.0
-1.0
3126.5
-1.5
-1.0
-1.5
-1.0
-1.5
115.0
-1.0
3076.5
-1.5
-1.0
-1.5
-1.0
-1.5
65.0
-1.0
3026.5
-1.5
-1.0
-1.5
-1.0
-1.5
15.0
-1.0
2976.5
-1.5
-1.0
-1.5
-1.0
-1.5
-1.5
3072.5
2926.5
-1.5
-1.0
-1.5
-1.0
-1.5
-1.5
3022.5
2876.5
-1.5
-1.0
-1.5
-1.0
-1.5
-1.5
2972.5
2826.5
-1.5
-1.0
-1.5
-1.0
-1.5
-1.5
2922.5
2776.5
-1.5
-1.0
-1.5
-1.0
-1.5
-1.5
2872.5
2726.5
-1.5
-1.0
-1.5
-1.0
-1.5
-1.5
2822.5
2676.5
-1.5
-1.0
-1.5
-1.0
-1.5
-1.5
2772.5
2626.5
-1.5
-1.0
-1.5
-1.0
-1.5
-1.5
2722.5
2576.5
-1.5
-1.0
-1.5
-1.0
-1.5
-1.5
2672.5
2526.5
-1.5
-1.0
-1.5
-1.0
-1.5
-1.5
2622.5
2476.5
-1.5
-1.0
-1.5
-1.0
-1.5
-1.5
2572.5
2426.5
-1.5
-1.0
-1.5
-1.0
-1.5
-1.5
2522.5
2376.5
-1.5
-1.0
-1.5
-1.0
-1.5
-1.5
2472.5
2326.5
-1.5
-1.0
-1.5
-1.0
-1.5
-1.5
2422.5
2276.5
-1.5
-1.0
-1.5
-1.0
-1.5
-1.5
2372.5
2226.5
-1.5
-1.0
-1.5
-1.0
-1.5
-1.5
2322.5
2176.5
-1.5
-1.0
-1.5
-1.0
-1.5
-1.5
2272.5
2126.5
-1.5
-1.0
-1.5
-1.0
-1.5
-1.5
2222.5
2076.5
-1.5
-1.0
-1.5
-1.0
-1.5
-1.5
2172.5
2026.5
-1.5
-1.0
-1.5
-1.0
-1.5
-1.5
2122.5
1976.5
-1.5
-1.0
-1.5
-1.0
-1.5
-1.5
2072.5
1926.5
-1.5
-1.0
-1.5
-1.0
-1.5
-1.5
2022.5
1876.5
-1.5
-1.0
-1.5
-1.0
-1.5
-1.5
1972.5
1826.5
-1.5
-1.0
-1.5
-1.0
-1.5
-1.5
1922.5
1776.5
-1.5
-1.0
-1.5
-1.0
-1.5
-1.5
1872.5
1726.5
-1.5
-1.0
-1.5
-1.0
-1.5
-1.5
1822.5
1676.5
-1.5
-1.0
-1.5
-1.0
-1.5
-1.5
1772.5
1626.5
-1.5
-1.0
-1.5
-1.0
-1.5
-1.5
1722.5
1576.5
-1.5
-1.0
-1.5
-1.0
-1.5
-1.5
1672.5
1526.5
-1.5
-1.0
-1.5
-1.0
-1.5
-1.5
1622.5
1476.5
-1.5
-1.0
-1.5
-1.0
-1.5
-1.5
1572.5
1426.5
-1.5
-1.0
-1.5
-1.0
-1.5
-1.5
1522.5
1376.5
-1.5
-1.0
-1.5
-1.0
-1.5
-1.5
1472.5
1326.5
-1.5
-1.0
-1.5
-1.0
-1.5
-1.5
1422.5
1276.5
-1.5
-1.0
-1.5
-1.0
-1.5
-1.5
1372.5
1226.5
-1.5
-1.0
-1.5
-1.0
-1.5
-1.5
1322.5
1176.5
-1.5
-1.0
-1.5
-1.0
-1.5
-1.5
1272.5
1126.5
-1.5
-1.0
-1.5
-1.0
-1.5
-1.5
1222.5
1076.5
-1.5
-1.0
-1.5
-1.0
-1.5
-1.5
1172.5
1026.5
-1.5
-1.0
-1.5
-1.0
-1.5
-1.5
1122.5
976.5
-1.5
-1.0
-1.5
-1.0
-1.5
-1.5
1072.5
926.5
-1.5
-1.0
-1.5
-1.0
-1.5
-1.5
1022.5
876.5
-1.5
-1.0
-1.5
-1.0
-1.5
-1.5
972.5
826.5
-1.5
-1.0
-1.5
-1.0
-1.5
-1.5
922.5
776.5
-1.5
-1.0
-1.5
-1.0
-1.5
-1.5
872.5
726.5
-1.5
-1.0
-1.5
-1.0
-1.5
-1.5
822.5
676.5
-1.5
-1.0
-1.5
-1.0
-1.5
-1.5
772.5
626.5
-1.5
-1.0
-1.5
-1.0
-1.5
-1.5
722.5
576.5
-1.5
-1.0
-1.5
-1.0
-1.5
-1.5
672.5
526.5
-1.5
-1.0
-1.5
-1.0
-1.5
-1.5
622.5
476.5
-1.5
-1.0
-1.5
-1.0
-1.5
-1.5
572.5
426.5
-1.5
-1.0
-1.5
-1.0
-1.5
-1.5
522.5
376.5
-1.5
-1.0
-1.5
-1.0
-1.5
-1.5
472.5
326.5
-1.5
-1.0
-1.5
-1.0
-1.5
-1.5
422.5
276.5
-1.5
-1.0
-1.5
-1.0
-1.5
-1.5
372.5
226.5
-1.5
-1.0
-1.5
-1.0
-1.5
-1.5
322.5
176.5
-1.5
-1.0
-1.5
-1.0
-1.5
-1.5
272.5
126.5
-1.5
-1.0
-1.5
-1.0
-1.5
-1.5
222.5
76.5
-1.5
-1.0
-1.5
-1.0
-1.5
-1.5
172.5
26.5
-1.5
-1.0
-1.5
-1.0
-1.5
-1.5
3242.0
-1.5
-1.5
-1.0
-1.5
-1.0
-1.5
-1.5
3142.0
-1.5
-1.5
-1.0
-1.5
-1.0
-1.5
-1.5
3042.0
-1.5
-1.5
-1.0
-1.5
-1.0
-1.5
-1.5
2968.0
3079.0
-1.5
-1.0
-1.5
-1.0
-1.5
-1.5
2918.0
3029.0
-1.5
-1.0
-1.5
-1.0
-1.5
-1.5
2868.0
2979.0
-1.5
-1.0
-1.5
-1.0
-1.5
-1.5
2818.0
2929.0
-1.5
-1.0
-1.5
-1.0
-1.5
-1.5
2768.0
2879.0
-1.5
-1.0
-1.5
-1.0
-1.5
-1.5
2718.0
2829.0
-1.5
-1.0
-1.5
-1.0
-1.5
-1.5
2668.0
2779.0
-1.5
-1.0
-1.5
-1.0
-1.5
-1.5
2618.0
2729.0
-1.5
-1.0
-1.5
-1.0
-1.5
-1.5
2568.0
2679.0
-1.5
-1.0
-1.5
-1.0
-1.5
-1.5
2518.0
2629.0
-1.5
-1.0
-1.5
-1.0
-1.5
-1.5
2468.0
2579.0
-1.5
-1.0
-1.5
-1.0
-1.5
-1.5
2418.0
2529.0
-1.5
-1.0
-1.5
-1.0
-1.5
-1.5
2368.0
2479.0
-1.5
-1.0
-1.5
-1.0
-1.5
-1.5
2318.0
2429.0
-1.5
-1.0
-1.5
-1.0
-1.5
-1.5
2268.0
2379.0
-1.5
-1.0
-1.5
-1.0
-1.5
-1.5
2218.0
2329.0
-1.5
-1.0
-1.5
-1.0
-1.5
-1.5
2168.0
2279.0
-1.5
-1.0
-1.5
-1.0
-1.5
-1.5
2118.0
2229.0
-1.5
-1.0
-1.5
-1.0
-1.5
-1.5
2068.0
2179.0
-1.5
-1.0
-1.5
-1.0
-1.5
-1.5
2018.0
2129.0
-1.5
-1.0
-1.5
-1.0
-1.5
-1.5
1968.0
2079.0
-1.5
-1.0
-1.5
-1.0
-1.5
-1.5
1918.0
2029.0
-1.5
-1.0
-1.5
-1.0
-1.5
-1.5
1868.0
1979.0
-1.5
-1.0
-1.5
-1.0
-1.5
-1.5
1818.0
1929.0
-1.5
-1.0
-1.5
-1.0
-1.5
-1.5
1768.0
1879.0
-1.5
-1.0
-1.5
-1.0
-1.5
-1.5
1718.0
1829.0
-1.5
-1.0
-1.5
-1.0
-1.5
-1.5
1668.0
1779.0
-1.5
-1.0
-1.5
-1.0
-1.5
-1.5
1618.0
1729.0
-1.5
-1.0
-1.5
-1.0
-1.5
-1.5
1568.0
1679.0
-1.5
-1.0
-1.5
-1.0
-1.5
-1.5
1518.0
1629.0
-1.5
-1.0
-1.5
-1.0
-1.5
-1.5
1468.0
1579.0
-1.5
-1.0
-1.5
-1.0
-1.5
-1.5
1418.0
1529.0
-1.5
-1.0
-1.5
-1.0
-1.5
-1.5
1368.0
1479.0
-1.5
-1.0
-1.5
-1.0
-1.5
-1.5
1318.0
1429.0
-1.5
-1.0
-1.5
-1.0
-1.5
-1.5
1268.0
1379.0
-1.5
-1.0
-1.5
-1.0
-1.5
-1.5
1218.0
1329.0
-1.5
-1.0
-1.5
-1.0
-1.5
-1.5
1168.0
1279.0
-1.5
-1.0
-1.5
-1.0
-1.5
-1.5
1118.0
1229.0
-1.5
-1.0
-1.5
-1.0
-1.5
-1.5
1068.0
1179.0
-1.5
-1.0
-1.5
-1.0
-1.5
-1.5
1018.0
1129.0
-1.5
-1.0
-1.5
-1.0
-1.5
-1.5
968.0
1079.0
-1.5
-1.0
-1.5
-1.0
-1.5
-1.5
918.0
1029.0
-1.5
-1.0
-1.5
-1.0
-1.5
-1.5
868.0
979.0
-1.5
-1.0
-1.5
-1.0
-1.5
-1.5
818.0
929.0
-1.5
-1.0
-1.5
-1.0
-1.5
-1.5
768.0
879.0
-1.5
-1.0
-1.5
-1.0
-1.5
-1.5
718.0
829.0
-1.5
-1.0
-1.5
-1.0
-1.5
-1.5
668.0
779.0
-1.5
-1.0
-1.5
-1.0
-1.5
-1.5
618.0
729.0
-1.5
-1.0
-1.5
-1.0
-1.5
-1.5
568.0
679.0
-1.5
-1.0
-1.5
-1.0
-1.5
-1.5
518.0
629.0
-1.5
-1.0
-1.5
-1.0
-1.5
-1.5
468.0
579.0
-1.5
-1.0
-1.5
-1.0
-1.5
-1.5
418.0
529.0
-1.5
-1.0
-1.5
-1.0
-1.5
-1.5
368.0
479.0
-1.5
-1.0
-1.5
-1.0
-1.5
-1.5
318.0
429.0
-1.5
-1.0
-1.5
-1.0
-1.5
-1.5
268.0
379.0
-1.5
-1.0
-1.5
-1.0
-1.5
-1.5
218.0
329.0
-1.5
-1.0
-1.5
-1.0
-1.5
-1.5
168.0
279.0
-1.5
-1.0
-1.5
-1.0
-1.5
-1.5
118.0
229.0
-1.5
-1.0
-1.5
-1.0
-1.5
-1.5
68.0
179.0
-1.5
-1.0
-1.5
-1.0
-1.5
-1.5
18.0
129.0
-1.5
-1.0
-1.5
-1.0
-1.5
-1.5
-2.0
79.0
-1.5
3111.5
-1.5
-1.0
-1.5
-1.5
-2.0
29.0
-1.5
3061.5
-1.5
-1.0
-1.5
-1.5
-2.0
-2.0
-1.5
6099.0
-1.5
-1.0
-1.5
-1.5
-2.0
-2.0
-1.5
5999.0
-1.5
-1.0
-1.5
-1.5
-2.0
-2.0
-1.5
5899.0
-1.5
-1.0
-1.5
-1.5
-2.0
-2.0
-1.5
5799.0
-1.5
-1.0
-1.5
-1.5
-2.0
-2.0
-1.5
5699.0
-1.5
-1.0
-1.5
-1.5
-2.0
-2.0
-1.5
5599.0
-1.5
-1.0
-1.5
-1.5
-2.0
-2.0
-1.5
5499.0
-1.5
-1.0
-1.5
-1.5
-2.0
-2.0
-1.5
5399.0
-1.5
-1.0
-1.5
-1.5
-2.0
-2.0
-1.5
5299.0
-1.5
-1.0
-1.5
-1.5
-2.0
-2.0
-1.5
5199.0
-1.5
-1.0
-1.5
-1.5
-2.0
-2.0
-1.5
5099.0
-1.5
-1.0
-1.5
-1.5
-2.0
-2.0
-1.5
4999.0
-1.5
-1.0
-1.5
-1.5
-2.0
-2.0
-1.5
4899.0
-1.5
-1.0
-1.5
-1.5
-2.0
-2.0
-1.5
4799.0
-1.5
-1.0
-1.5
-1.5
-2.0
-2.0
-1.5
4699.0
-1.5
-1.0
-1.5
-1.5
-2.0
-2.0
-1.5
4599.0
-1.5
-1.0
-1.5
-1.5
-2.0
-2.0
-1.5
4499.0
-1.5
-1.0
-1.5
-1.5
-2.0
-2.0
-1.5
4399.0
-1.5
-1.0
-1.5
-1.5
-2.0
-2.0
-1.5
4299.0
-1.5
-1.0
-1.5
-1.5
-2.0
-2.0
-1.5
4199.0
-1.5
-1.0
-1.5
-1.5
-2.0
-2.0
-1.5
4099.0
-1.5
-1.0
-1.5
-1.5
-2.0
-2.0
-1.5
3999.0
-1.5
-1.0
-1.5
-1.5
-2.0
-2.0
-1.5
3899.0
-1.5
-1.0
-1.5
-1.5
-2.0
-2.0
-1.5
3799.0
-1.5
-1.0
-1.5
-1.5
-2.0
-2.0
-1.5
3699.0
-1.5
-1.0
-1.5
-1.5
-2.0
-2.0
-1.5
3599.0
-1.5
-1.0
-1.5
-1.5
-2.0
-2.0
-1.5
3499.0
-1.5
-1.0
-1.5
-1.5
-2.0
-2.0
-1.5
3399.0
-1.5
-1.0
-1.5
-1.5
-2.0
-2.0
-1.5
3299.0
-1.5
-1.0
-1.5
-1.5
-2.0
-2.0
-1.5
3199.0
-1.5
-1.0
-1.5
-1.5
-2.0
-2.0
-1.5
3099.0
-1.5
-1.0
-1.5
-1.5
-2.0
-2.0
-1.5
2999.0
-1.5
-1.0
-1.5
-1.5
-2.0
-2.0
-1.5
2899.0
-1.5
-1.0
-1.5
-1.5
-2.0
-2.0
-1.5
2799.0
-1.5
-1.0
-1.5
-1.5
-2.0
-2.0
-1.5
2699.0
-1.5
-1.0
-1.5
-1.5
-2.0
-2.0
-1.5
2599.0
-1.5
-1.0
-1.5
-1.5
-2.0
-2.0
-1.5
2499.0
-1.5
-1.0
-1.5
-1.5
-2.0
-2.0
-1.5
2399.0
-1.5
-1.0
-1.5
-1.5
-2.0
-2.0
-1.5
2299.0
-1.5
-1.0
-1.5
-1.5
-2.0
-2.0
-1.5
2199.0
-1.5
-1.0
-1.5
-1.5
-2.0
-2.0
-1.5
2099.0
-1.5
-1.0
-1.5
-1.5
-2.0
-2.0
-1.5
1999.0
-1.5
-1.0
-1.5
-1.5
-2.0
-2.0
-1.5
1899.0
-1.5
-1.0
-1.5
-1.5
-2.0
-2.0
-1.5
1799.0
-1.5
-1.0
-1.5
-1.5
-2.0
-2.0
-1.5
1699.0
-1.5
-1.0
-1.5
-1.5
-2.0
-2.0
-1.5
1599.0
-1.5
-1.0
-1.5
-1.5
-2.0
-2.0
-1.5
1499.0
-1.5
-1.0
-1.5
-1.5
-2.0
-2.0
-1.5
1399.0
-1.5
-1.0
-1.5
-1.5
-2.0
-2.0
-1.5
1299.0
-1.5
-1.0
-1.5
-1.5
-2.0
-2.0
-1.5
1199.0
-1.5
-1.0
-1.5
-1.5
-2.0
-2.0
-1.5
1099.0
-1.5
-1.0
-1.5
-1.5
-2.0
-2.0
-1.5
999.0
-1.5
-1.0
-1.5
-1.5
-2.0
-2.0
-1.5
899.0
-1.5
-1.0
-1.5
-1.5
-2.0
-2.0
-1.5
799.0
-1.5
-1.0
-1.5
-1.5
-2.0
-2.0
-1.5
699.0
-1.5
-1.0
-1.5
-1.5
-2.0
-2.0
-1.5
599.0
-1.5
-1.0
-1.5
-1.5
-2.0
-2.0
-1.5
499.0
-1.5
-1.0
-1.5
-1.5
-2.0
-2.0
-1.5
399.0
-1.5
-1.0
-1.5
-1.5
-2.0
-2.0
-1.5
299.0
-1.5
-1.0
-1.5
-1.5
-2.0
-2.0
-1.5
199.0
-1.5
-1.0
-1.5
-1.5
-2.0
-2.0
-1.5
99.0
-1.5
-1.0
-1.5
-1.5
-2.0
-2.0
-1.5
36.0
3104.0
-1.0
-1.5
-1.5
-2.0
-2.0
-1.5
-2.0
3054.0
-1.0
3093.5
-1.5
-2.0
-2.0
-1.5
-2.0
3004.0
-1.0
3043.5
-1.5
-2.0
-2.0
-1.5
-2.0
2954.0
-1.0
2993.5
-1.5
-2.0
-2.0
-1.5
-2.0
2904.0
-1.0
2943.5
-1.5
-2.0
-2.0
-1.5
-2.0
2854.0
-1.0
2893.5
-1.5
-2.0
-2.0
-1.5
-2.0
2804.0
-1.0
2843.5
-1.5
-2.0
-2.0
-1.5
-2.0
2754.0
-1.0
2793.5
-1.5
-2.0
-2.0
-1.5
-2.0
2704.0
-1.0
2743.5
-1.5
-2.0
-2.0
-1.5
-2.0
2654.0
-1.0
2693.5
-1.5
-2.0
-2.0
-1.5
-2.0
2604.0
-1.0
2643.5
-1.5
-2.0
-2.0
-1.5
-2.0
2554.0
-1.0
2593.5
-1.5
-2.0
-2.0
-1.5
-2.0
2504.0
-1.0
2543.5
-1.5
-2.0
-2.0
-1.5
-2.0
2454.0
-1.0
2493.5
-1.5
-2.0
-2.0
-1.5
-2.0
2404.0
-1.0
2443.5
-1.5
-2.0
-2.0
-1.5
-2.0
2354.0
-1.0
2393.5
-1.5
-2.0
-2.0
-1.5
-2.0
2304.0
-1.0
2343.5
-1.5
-2.0
-2.0
-1.5
-2.0
2254.0
-1.0
2293.5
-1.5
-2.0
-2.0
-1.5
-2.0
2204.0
-1.0
2243.5
-1.5
-2.0
-2.0
-1.5
-2.0
2154.0
-1.0
2193.5
-1.5
-2.0
-2.0
-1.5
-2.0
2104.0
-1.0
2143.5
-1.5
-2.0
-2.0
-1.5
-2.0
2054.0
-1.0
2093.5
-1.5
-2.0
-2.0
-1.5
-2.0
2004.0
-1.0
2043.5
-1.5
-2.0
-2.0
-1.5
-2.0
1954.0
-1.0
1993.5
-1.5
-2.0
-2.0
-1.5
-2.0
1904.0
-1.0
1943.5
-1.5
-2.0
-2.0
-1.5
-2.0
1854.0
-1.0
1893.5
-1.5
-2.0
-2.0
-1.5
-2.0
1804.0
-1.0
1843.5
-1.5
-2.0
-2.0
-1.5
-2.0
1754.0
-1.0
1793.5
-1.5
-2.0
-2.0
-1.5
-2.0
1704.0
-1.0
1743.5
-1.5
-2.0
-2.0
-1.5
-2.0
1654.0
-1.0
1693.5
-1.5
-2.0
-2.0
-1.5
-2.0
1604.0
-1.0
1643.5
-1.5
-2.0
-2.0
-1.5
-2.0
1554.0
-1.0
1593.5
-1.5
-2.0
-2.0
-1.5
-2.0
1504.0
-1.0
1543.5
-1.5
-2.0
-2.0
-1.5
-2.0
1454.0
-1.0
1493.5
-1.5
-2.0
-2.0
-1.5
-2.0
1404.0
-1.0
1443.5
-1.5
-2.0
-2.0
-1.5
-2.0
1354.0
-1.0
1393.5
-1.5
-2.0
-2.0
-1.5
-2.0
1304.0
-1.0
1343.5
-1.5
-2.0
-2.0
-1.5
-2.0
1254.0
-1.0
1293.5
-1.5
-2.0
-2.0
-1.5
-2.0
1204.0
-1.0
1243.5
-1.5
-2.0
-2.0
-1.5
-2.0
1154.0
-1.0
1193.5
-1.5
-2.0
-2.0
-1.5
-2.0
1104.0
-1.0
1143.5
-1.5
-2.0
-2.0
-1.5
-2.0
1054.0
-1.0
1093.5
-1.5
-2.0
-2.0
-1.5
-2.0
1004.0
-1.0
1043.5
-1.5
-2.0
-2.0
-1.5
-2.0
954.0
-1.0
993.5
-1.5
-2.0
-2.0
-1.5
-2.0
904.0
-1.0
943.5
-1.5
-2.0
-2.0
-1.5
-2.0
854.0
-1.0
893.5
-1.5
-2.0
-2.0
-1.5
-2.0
804.0
-1.0
843.5
-1.5
-2.0
-2.0
-1.5
-2.0
754.0
-1.0
793.5
-1.5
-2.0
-2.0
-1.5
-2.0
704.0
-1.0
743.5
-1.5
-2.0
-2.0
-1.5
-2.0
654.0
-1.0
693.5
-1.5
-2.0
-2.0
-1.5
-2.0
604.0
-1.0
643.5
-1.5
-2.0
-2.0
-1.5
-2.0
554.0
-1.0
593.5
-1.5
-2.0
-2.0
-1.5
-2.0
504.0
-1.0
543.5
-1.5
-2.0
-2.0
-1.5
-2.0
454.0
-1.0
493.5
-1.5
-2.0
-2.0
-1.5
-2.0
404.0
-1.0
443.5
-1.5
-2.0
-2.0
-1.5
-2.0
354.0
-1.0
393.5
-1.5
-2.0
-2.0
-1.5
-2.0
304.0
-1.0
343.5
-1.5
-2.0
-2.0
-1.5
-2.0
254.0
-1.0
293.5
-1.5
-2.0
-2.0
-1.5
-2.0
204.0
-1.0
243.5
-1.5
-2.0
-2.0
-1.5
-2.0
154.0
-1.0
193.5
-1.5
-2.0
-2.0
-1.5
-2.0
104.0
-1.0
143.5
-1.5
-2.0
-2.0
-1.5
-2.0
54.0
-1.0
93.5
-1.5
-2.0
-2.0
-1.5
-2.0
4.0
-1.0
43.5
3095.0
-2.0
-2.0
3101.5
-2.0
-2.0
-1.0
-2.0
3045.0
-2.0
-2.0
3051.5
-2.0
-2.0
-1.0
-2.0
2995.0
-2.0
-2.0
3001.5
-2.0
-2.0
-1.0
-2.0
2945.0
-2.0
-2.0
2951.5
-2.0
-2.0
-1.0
-2.0
2895.0
-2.0
-2.0
2901.5
-2.0
-2.0
-1.0
-2.0
2845.0
-2.0
-2.0
2851.5
-2.0
-2.0
-1.0
-2.0
2795.0
-2.0
-2.0
2801.5
-2.0
-2.0
-1.0
-2.0
2745.0
-2.0
-2.0
2751.5
-2.0
-2.0
-1.0
-2.0
2695.0
-2.0
-2.0
2701.5
-2.0
-2.0
-1.0
-2.0
2645.0
-2.0
-2.0
2651.5
-2.0
-2.0
-1.0
-2.0
2595.0
-2.0
-2.0
2601.5
-2.0
-2.0
-1.0
-2.0
2545.0
-2.0
-2.0
2551.5
-2.0
-2.0
-1.0
-2.0
2495.0
-2.0
-2.0
2501.5
-2.0
-2.0
-1.0
-2.0
2445.0
-2.0
-2.0
2451.5
-2.0
-2.0
-1.0
-2.0
2395.0
-2.0
-2.0
2401.5
-2.0
-2.0
-1.0
-2.0
2345.0
-2.0
-2.0
2351.5
-2.0
-2.0
-1.0
-2.0
2295.0
-2.0
-2.0
2301.5
-2.0
-2.0
-1.0
-2.0
2245.0
-2.0
-2.0
2251.5
-2.0
-2.0
-1.0
-2.0
2195.0
-2.0
-2.0
2201.5
-2.0
-2.0
-1.0
-2.0
2145.0
-2.0
-2.0
2151.5
-2.0
-2.0
-1.0
-2.0
2095.0
-2.0
-2.0
2101.5
-2.0
-2.0
-1.0
-2.0
2045.0
-2.0
-2.0
2051.5
-2.0
-2.0
-1.0
-2.0
1995.0
-2.0
-2.0
2001.5
-2.0
-2.0
-1.0
-2.0
1945.0
-2.0
-2.0
1951.5
-2.0
-2.0
-1.0
-2.0
1895.0
-2.0
-2.0
1901.5
-2.0
-2.0
-1.0
-2.0
1845.0
-2.0
-2.0
1851.5
-2.0
-2.0
-1.0
-2.0
1795.0
-2.0
-2.0
1801.5
-2.0
-2.0
-1.0
-2.0
1745.0
-2.0
-2.0
1751.5
-2.0
-2.0
-1.0
-2.0
1695.0
-2.0
-2.0
1701.5
-2.0
-2.0
-1.0
-2.0
1645.0
-2.0
-2.0
1651.5
-2.0
-2.0
-1.0
-2.0
1595.0
-2.0
-2.0
1601.5
-2.0
-2.0
-1.0
-2.0
1545.0
-2.0
-2.0
1551.5
-2.0
-2.0
-1.0
-2.0
1495.0
-2.0
-2.0
1501.5
-2.0
-2.0
-1.0
-2.0
1445.0
-2.0
-2.0
1451.5
-2.0
-2.0
-1.0
-2.0
1395.0
-2.0
-2.0
1401.5
-2.0
-2.0
-1.0
-2.0
1345.0
-2.0
-2.0
1351.5
-2.0
-2.0
-1.0
-2.0
1295.0
-2.0
-2.0
1301.5
-2.0
-2.0
-1.0
-2.0
1245.0
-2.0
-2.0
1251.5
-2.0
-2.0
-1.0
-2.0
1195.0
-2.0
-2.0
1201.5
-2.0
-2.0
-1.0
-2.0
1145.0
-2.0
-2.0
1151.5
-2.0
-2.0
-1.0
-2.0
1095.0
-2.0
-2.0
1101.5
-2.0
-2.0
-1.0
-2.0
1045.0
-2.0
-2.0
1051.5
-2.0
-2.0
-1.0
-2.0
995.0
-2.0
-2.0
1001.5
-2.0
-2.0
-1.0
-2.0
945.0
-2.0
-2.0
951.5
-2.0
-2.0
-1.0
-2.0
895.0
-2.0
-2.0
901.5
-2.0
-2.0
-1.0
-2.0
845.0
-2.0
-2.0
851.5
-2.0
-2.0
-1.0
-2.0
795.0
-2.0
-2.0
801.5
-2.0
-2.0
-1.0
-2.0
745.0
-2.0
-2.0
751.5
-2.0
-2.0
-1.0
-2.0
695.0
-2.0
-2.0
701.5
-2.0
-2.0
-1.0
-2.0
645.0
-2.0
-2.0
651.5
-2.0
-2.0
-1.0
-2.0
595.0
-2.0
-2.0
601.5
-2.0
-2.0
-1.0
-2.0
545.0
-2.0
-2.0
551.5
-2.0
-2.0
-1.0
-2.0
495.0
-2.0
-2.0
501.5
-2.0
-2.0
-1.0
-2.0
445.0
-2.0
-2.0
451.5
-2.0
-2.0
-1.0
-2.0
395.0
-2.0
-2.0
401.5
-2.0
-2.0
-1.0
-2.0
345.0
-2.0
-2.0
351.5
-2.0
-2.0
-1.0
-2.0
295.0
-2.0
-2.0
301.5
-2.0
-2.0
-1.0
-2.0
245.0
-2.0
-2.0
251.5
-2.0
-2.0
-1.0
-2.0
195.0
-2.0
-2.0
201.5
-2.0
-2.0
-1.0
-2.0
145.0
-2.0
-2.0
151.5
-2.0
-2.0
-1.0
-2.0
95.0
-2.0
-2.0
101.5
-2.0
-2.0
-1.0
-2.0
45.0
-2.0
-2.0
51.5
-2.0
-2.0
-1.0
-2.0
-2.0
-2.0
-2.0
1.5
-2.0
-2.0
3136.5
-2.0
-2.0
-2.0
-2.0
-2.0
-2.0
-2.0
6148.0
-2.0
-2.0
-2.0
-2.0
-2.0
-2.0
-2.0
6048.0
-2.0
-2.0
-2.0
-2.0
-2.0
-2.0
-2.0
5948.0
-2.0
-2.0
-2.0
-2.0
-2.0
-2.0
-2.0
5848.0
-2.0
-2.0
-2.0
-2.0
-2.0
-2.0
-2.0
5748.0
-2.0
-2.0
-2.0
-2.0
-2.0
-2.0
-2.0
5648.0
-2.0
-2.0
-2.0
-2.0
-2.0
-2.0
-2.0
5548.0
-2.0
-2.0
-2.0
-2.0
-2.0
-2.0
-2.0
5448.0
-2.0
-2.0
-2.0
-2.0
-2.0
-2.0
-2.0
5348.0
-2.0
-2.0
-2.0
-2.0
-2.0
-2.0
-2.0
5248.0
-2.0
-2.0
-2.0
-2.0
-2.0
-2.0
-2.0
5148.0
-2.0
-2.0
-2.0
-2.0
-2.0
-2.0
-2.0
5048.0
-2.0
-2.0
-2.0
-2.0
-2.0
-2.0
-2.0
4948.0
-2.0
-2.0
-2.0
-2.0
-2.0
-2.0
-2.0
4848.0
-2.0
-2.0
-2.0
-2.0
-2.0
-2.0
-2.0
4748.0
-2.0
-2.0
-2.0
-2.0
-2.0
-2.0
-2.0
4648.0
-2.0
-2.0
-2.0
-2.0
-2.0
-2.0
-2.0
4548.0
-2.0
-2.0
-2.0
-2.0
-2.0
-2.0
-2.0
4448.0
-2.0
-2.0
-2.0
-2.0
-2.0
-2.0
-2.0
4348.0
-2.0
-2.0
-2.0
-2.0
-2.0
-2.0
-2.0
4248.0
-2.0
-2.0
-2.0
-2.0
-2.0
-2.0
-2.0
4148.0
-2.0
-2.0
-2.0
-2.0
-2.0
-2.0
-2.0
4048.0
-2.0
-2.0
-2.0
-2.0
-2.0
-2.0
-2.0
3948.0
-2.0
-2.0
-2.0
-2.0
-2.0
-2.0
-2.0
3848.0
-2.0
-2.0
-2.0
-2.0
-2.0
-2.0
-2.0
3748.0
-2.0
-2.0
-2.0
-2.0
-2.0
-2.0
-2.0
3648.0
-2.0
-2.0
-2.0
-2.0
-2.0
-2.0
-2.0
3548.0
-2.0
-2.0
-2.0
-2.0
-2.0
-2.0
-2.0
3448.0
-2.0
-2.0
-2.0
-2.0
-2.0
-2.0
-2.0
3348.0
-2.0
-2.0
-2.0
-2.0
-2.0
-2.0
-2.0
3248.0
-2.0
-2.0
-2.0
-2.0
-2.0
-2.0
-2.0
3148.0
-2.0
-2.0
-2.0
-2.0
-2.0
-2.0
-2.0
3048.0
-2.0
-2.0
-2.0
-2.0
-2.0
-2.0
-2.0
2948.0
-2.0
-2.0
-2.0
-2.0
-2.0
-2.0
-2.0
2848.0
-2.0
-2.0
-2.0
-2.0
-2.0
-2.0
-2.0
2748.0
-2.0
-2.0
-2.0
-2.0
-2.0
-2.0
-2.0
2648.0
-2.0
-2.0
-2.0
-2.0
-2.0
-2.0
-2.0
2548.0
-2.0
-2.0
-2.0
-2.0
-2.0
-2.0
-2.0
2448.0
-2.0
-2.0
-2.0
-2.0
-2.0
-2.0
-2.0
2348.0
-2.0
-2.0
-2.0
-2.0
-2.0
-2.0
-2.0
2248.0
-2.0
-2.0
-2.0
-2.0
-2.0
-2.0
-2.0
2148.0
-2.0
-2.0
-2.0
-2.0
-2.0
-2.0
-2.0
2048.0
-2.0
-2.0
-2.0
-2.0
-2.0
-2.0
-2.0
1948.0
-2.0
-2.0
-2.0
-2.0
-2.0
-2.0
-2.0
1848.0
-2.0
-2.0
-2.0
-2.0
-2.0
-2.0
-2.0
1748.0
-2.0
-2.0
-2.0
-2.0
-2.0
-2.0
-2.0
1648.0
-2.0
-2.0
-2.0
-2.0
-2.0
-2.0
-2.0
1548.0
-2.0
-2.0
-2.0
-2.0
-2.0
-2.0
-2.0
1448.0
-2.0
-2.0
-2.0
-2.0
-2.0
-2.0
-2.0
1348.0
-2.0
-2.0
-2.0
-2.0
-2.0
-2.0
-2.0
1248.0
-2.0
-2.0
-2.0
-2.0
-2.0
-2.0
-2.0
1148.0
-2.0
-2.0
-2.0
-2.0
-2.0
-2.0
-2.0
1048.0
-2.0
-2.0
-2.0
-2.0
-2.0
-2.0
-2.0
948.0
-2.0
-2.0
-2.0
-2.0
-2.0
-2.0
-2.0
848.0
-2.0
-2.0
-2.0
-2.0
-2.0
-2.0
-2.0
748.0
-2.0
-2.0
-2.0
-2.0
-2.0
-2.0
-2.0
648.0
-2.0
-2.0
-2.0
-2.0
-2.0
-2.0
-2.0
548.0
-2.0
-2.0
-2.0
-2.0
-2.0
-2.0
-2.0
448.0
-2.0
-2.0
-2.0
-2.0
-2.0
-2.0
-2.0
348.0
-2.0
-2.0
-2.0
-2.0
-2.0
-2.0
-2.0
248.0
-2.0
-2.0
-2.0
-2.0
-2.0
-2.0
-2.0
148.0
-2.0
-2.0
-2.0
-2.0
-2.0
-2.0
-2.0
48.0
-2.0
