3.9940320253372192
3.994115948677063
3.994783043861389
3.994965434074402
3.995139479637146
3.9952025413513184
3.9953114986419678
3.995439052581787
4.078608512878418
4.078691005706787
4.078749895095825
4.078808426856995
4.078863978385925
4.078917384147644
4.080943465232849
4.081019997596741
4.172746062278748
4.172812461853027
4.197408080101013
4.197749972343445
4.197830438613892
4.1978919506073
4.19802451133728
4.198098540306091
4.427802920341492
4.427865028381348
4.427920460700989
4.428005933761597
4.4280654191970825
4.428120493888855
4.428174018859863
4.428226470947266
4.446575999259949
4.447337031364441
4.447405457496643
4.4474616050720215
4.453675985336304
4.453753590583801
4.453812956809998
4.453867077827454
4.484806060791016
4.484945058822632
4.485016584396362
4.485241651535034
4.485312581062317
4.485368490219116
4.485443115234375
4.485501050949097
4.652194023132324
4.652255535125732
4.652313470840454
4.652370929718018
4.652428865432739
4.652481436729431
4.652533531188965
4.652585983276367
4.628168940544128
4.628247499465942
4.628304481506348
4.628357529640198
4.628411054611206
4.62846302986145
4.628663420677185
4.628732919692993
4.5856194496154785
4.585683465003967
4.58574104309082
4.585795044898987
4.585851430892944
4.5859055519104
4.585960030555725
4.58601450920105
4.671802043914795
4.671868562698364
4.6719290018081665
4.671983003616333
4.672038674354553
4.672094106674194
4.672150611877441
4.672204494476318
4.610931873321533
4.610994935035706
4.611050844192505
4.611102938652039
4.611163020133972
4.6112353801727295
4.611303448677063
4.611361026763916
4.495182037353516
4.495239496231079
4.495291471481323
4.495341539382935
4.495392441749573
4.495445966720581
4.495499968528748
4.495548963546753
4.426793575286865
4.42685604095459
4.426910996437073
4.426974058151245
4.427020072937012
4.427065491676331
4.427111625671387
4.42715847492218
4.451121091842651
4.451184034347534
4.4512399435043335
4.451335549354553
4.451399564743042
4.4514570236206055
4.451511979103088
4.451566457748413
4.595255494117737
4.595319509506226
4.595377087593079
4.595432639122009
4.595486998558044
4.595539569854736
4.595595479011536
4.595650553703308
4.51102602481842
4.511093020439148
4.511175990104675
4.51123309135437
4.511290550231934
4.5113420486450195
4.511394619941711
4.511460065841675
4.528037071228027
4.528095006942749
4.528147101402283
4.528203010559082
4.52825653553009
4.528306007385254
4.5283554792404175
4.528403997421265
4.466479420661926
4.46653950214386
4.4665974378585815
4.466652989387512
4.466716408729553
4.466761350631714
4.466806530952454
4.4668508768081665
4.602574467658997
4.602631330490112
4.602682948112488
4.602731943130493
4.602782368659973
4.602853417396545
4.602910399436951
4.602971434593201
4.526504993438721
4.526801943778992
4.5268659591674805
4.526923418045044
4.526978492736816
4.527031421661377
4.527084469795227
4.527137517929077
4.489718437194824
4.489778399467468
4.489831924438477
4.489882946014404
4.4899574518203735
4.49004340171814
4.49010443687439
4.490158319473267
4.4740999937057495
4.4741575717926025
4.474210977554321
4.474261403083801
4.474313020706177
4.474362015724182
4.474411606788635
4.474460959434509
4.514886021614075
4.514942526817322
4.514999508857727
4.515048980712891
4.51509952545166
4.515147566795349
4.515196442604065
4.51524555683136
4.392086982727051
4.392140507698059
4.392189025878906
4.392235517501831
4.3922834396362305
4.392330050468445
4.392377018928528
4.392423987388611
4.4467164278030396
4.446779012680054
4.446834444999695
4.446888327598572
4.447004914283752
4.447144389152527
4.4471999406814575
4.447251915931702
4.4027509689331055
4.402809500694275
4.402865052223206
4.402916073799133
4.402968525886536
4.403018474578857
4.403070092201233
4.403120398521423
4.5196579694747925
4.5197179317474365
4.519771099090576
4.519821524620056
4.519874095916748
4.51992404460907
4.519974946975708
4.520025968551636
4.4676278829574585
4.467697501182556
4.467770934104919
4.4678239822387695
4.467882037162781
4.4679319858551025
4.4679834842681885
4.46803343296051
4.913051962852478
4.913108944892883
4.913161396980286
4.913210988044739
4.913262486457825
4.913310408592224
4.91336452960968
4.91341495513916
4.856085896492004
4.856140971183777
4.856190919876099
4.856238961219788
4.856287956237793
4.856335401535034
4.856384515762329
4.85643196105957
4.444980025291443
4.445043444633484
4.4450989961624146
4.445152401924133
4.445206522941589
4.445258378982544
4.445310473442078
4.445361971855164
4.804595947265625
4.8046568632125854
4.804712533950806
4.804764986038208
4.8048399686813354
4.804904460906982
4.804961442947388
4.805014967918396
5.017567038536072
5.017623543739319
5.017696499824524
5.017755031585693
5.01780903339386
5.017859578132629
5.0179160833358765
5.017967104911804
4.956620097160339
4.956679940223694
4.956733465194702
4.9567835330963135
4.956835031509399
4.956883549690247
4.956933617591858
4.95698344707489
4.8826035261154175
4.882658958435059
4.882710099220276
4.882757544517517
4.882810592651367
4.882857084274292
4.882904529571533
4.882951021194458
4.868729472160339
4.868852019309998
4.868914484977722
4.868971109390259
4.869027495384216
4.869081497192383
4.8691359758377075
4.869199991226196
4.814200520515442
4.814262509346008
4.814318895339966
4.814373016357422
4.814427971839905
4.8145294189453125
4.8145915269851685
4.814647912979126
4.755452632904053
4.75551164150238
4.755565166473389
4.755617141723633
4.755669116973877
4.755719184875488
4.755769610404968
4.755820989608765
4.934980511665344
4.935039520263672
4.935092568397522
4.935141563415527
4.935191988945007
4.9352405071258545
4.935289025306702
4.935338020324707
4.670361042022705
4.670416474342346
4.670464992523193
4.67051100730896
4.670557975769043
4.670603036880493
4.670649528503418
4.670695066452026
4.61844539642334
4.618503451347351
4.618565917015076
4.6186158657073975
4.618671894073486
4.618721008300781
4.618770003318787
4.618841886520386
4.568437457084656
4.56850004196167
4.568555474281311
4.568606972694397
4.568660497665405
4.568711996078491
4.568763494491577
4.5688159465789795
4.81773054599762
4.8177889585494995
4.817843437194824
4.817894339561462
4.817946434020996
4.817996382713318
4.8180553913116455
4.818104982376099
4.86380398273468
4.863860845565796
4.863916397094727
4.863966345787048
4.864016890525818
4.864064931869507
4.864114880561829
4.86416494846344
4.7972118854522705
4.797268390655518
4.797319412231445
4.797366976737976
4.7974148988723755
4.7974613904953
4.797508478164673
4.797555446624756
5.222344398498535
5.222404837608337
5.222463369369507
5.222517967224121
5.222576022148132
5.22264289855957
5.2227089405059814
5.222777009010315
5.060793995857239
5.060876488685608
5.060956954956055
5.061007499694824
5.061061978340149
5.0611090660095215
5.061156988143921
5.061221480369568
5.013252377510071
5.013311862945557
5.013364911079407
5.0134159326553345
5.013493895530701
5.013548851013184
5.013602375984192
5.013653874397278
4.946455597877502
4.946521043777466
4.946573972702026
4.946624398231506
4.946691513061523
4.946753978729248
4.946809411048889
4.946861505508423
5.1487555503845215
5.148813962936401
5.148866534233093
5.148916482925415
5.148966431617737
5.149015426635742
5.149064540863037
5.149114966392517
5.078550100326538
5.078607082366943
5.0786590576171875
5.078707456588745
5.0787575244903564
5.078805088996887
5.078853487968445
5.078903555870056
5.0218505859375
5.021924018859863
5.021982550621033
5.022028565406799
5.022081017494202
5.022151470184326
5.022196531295776
5.022240996360779
4.972993493080139
4.973047494888306
4.973096489906311
4.973142981529236
4.973194479942322
4.97324001789093
4.973288536071777
4.97333550453186
4.9121010303497314
4.9121575355529785
4.91220760345459
4.912255048751831
4.912303566932678
4.912350058555603
4.912401556968689
4.912449479103088
4.843754053115845
4.843808650970459
4.843859076499939
4.843906044960022
4.843954086303711
4.844000577926636
4.8440470695495605
4.8440951108932495
4.777751564979553
4.777860522270203
4.777971982955933
4.778090000152588
4.778149485588074
4.778198480606079
4.778286457061768
4.778363943099976
4.98247218132019
4.982528567314148
4.982580065727234
4.982629179954529
4.982678651809692
4.98272705078125
4.982776045799255
4.982826590538025
5.577207088470459
5.577258586883545
5.577305555343628
5.577351093292236
5.577396988868713
5.577442049980164
5.577486991882324
5.577530026435852
5.5434250831604
5.5434770584106445
5.543547511100769
5.543610572814941
5.54366397857666
5.543718576431274
5.543771505355835
5.543826103210449
5.4843854904174805
5.484452486038208
5.484506964683533
5.484563589096069
5.4846285581588745
5.484691500663757
5.484744071960449
5.484798073768616
5.472384452819824
5.472443342208862
5.472499489784241
5.472551465034485
5.472601890563965
5.47265100479126
5.4727009534835815
5.472748875617981
5.3966734409332275
5.396727561950684
5.396777391433716
5.396825075149536
5.396872401237488
5.396918416023254
5.396967053413391
5.39701247215271
6.1302220821380615
6.130284070968628
6.130339026451111
6.130390524864197
6.130443572998047
6.130493998527527
6.130546569824219
6.130596041679382
6.076299548149109
6.0763585567474365
6.076473593711853
6.076530456542969
6.076617479324341
6.076675534248352
6.07672905921936
6.07677960395813
6.0970139503479
6.097071409225464
6.097131967544556
6.097180962562561
6.097230434417725
6.097277879714966
6.099900484085083
6.0999674797058105
6.151414394378662
6.151473522186279
6.151526927947998
6.151576519012451
6.151628017425537
6.151676893234253
6.1517274379730225
6.151775479316711
6.094182968139648
6.094264984130859
6.094317555427551
6.094388484954834
6.0944600105285645
6.094515919685364
6.094576478004456
6.094623446464539
6.153672456741333
6.153731465339661
6.153801918029785
6.15385103225708
6.153918981552124
6.153973460197449
6.154032468795776
6.154086947441101
6.110706925392151
6.11076295375824
6.110813498497009
6.110861897468567
6.110909938812256
6.110957384109497
6.111005425453186
6.111068487167358
6.030294060707092
6.030356049537659
6.030418515205383
6.030487060546875
6.030559062957764
6.0306055545806885
6.0306525230407715
6.03069794178009
5.986134886741638
5.986192464828491
5.9862964153289795
5.986372947692871
5.986469984054565
5.986526966094971
5.986575961112976
5.986621856689453
5.903843998908997
5.9038989543914795
5.9039705991744995
5.904019117355347
5.904090046882629
5.904145002365112
5.904213070869446
5.904283046722412
5.943159461021423
5.943236470222473
5.943288445472717
5.943352460861206
5.943399429321289
5.9434510469436646
5.9435224533081055
5.943573951721191
5.892089486122131
5.892144560813904
5.892192959785461
5.892238020896912
5.892300009727478
5.892354965209961
5.892407059669495
5.892447590827942
5.856321573257446
5.856382131576538
5.856459617614746
5.856501579284668
5.856553554534912
5.856610536575317
5.869630455970764
5.8697121143341064
5.853836894035339
5.8538923263549805
5.853943347930908
5.854000926017761
5.85406494140625
5.854117393493652
5.854174852371216
5.854241967201233
5.800813555717468
5.8008705377578735
5.800938606262207
5.801002502441406
5.801066994667053
5.8011234998703
5.801187992095947
5.801234006881714
6.159723997116089
6.159778952598572
6.159828543663025
6.15988302230835
6.1599684953689575
6.160017490386963
6.160066485404968
6.160114049911499
6.0417375564575195
6.041792154312134
6.041843056678772
6.041890025138855
6.041938066482544
6.0419840812683105
6.042091131210327
6.042141556739807
5.806590437889099
5.806657433509827
5.806724905967712
5.806772947311401
5.806821346282959
5.806869387626648
5.806934356689453
5.807026505470276
5.768551588058472
5.768633604049683
5.768704533576965
5.768772006034851
5.76882004737854
5.768875598907471
5.768942475318909
5.769016981124878
5.787547469139099
5.787612080574036
5.787660479545593
5.787723064422607
5.78777003288269
5.787835478782654
5.787895560264587
5.787959456443787
5.720793008804321
5.720878005027771
5.720935583114624
5.721017003059387
5.721072435379028
5.721124529838562
5.721176028251648
5.721226096153259
5.6510089635849
5.651066064834595
5.651134490966797
5.651200532913208
5.651255488395691
5.65131402015686
5.651362061500549
5.65142548084259
6.0287909507751465
6.028854012489319
6.028907418251038
6.028956294059753
6.029005408287048
6.029051899909973
6.02910041809082
6.029146909713745
5.984934449195862
5.984996438026428
5.985055923461914
5.985109448432922
5.985162019729614
5.985212445259094
5.985265493392944
5.985316038131714
5.9276204109191895
5.927679538726807
5.927732944488525
5.927784442901611
5.9278364181518555
5.927886009216309
5.927937030792236
5.927988529205322
5.866995453834534
5.867051601409912
5.8671005964279175
5.867150545120239
5.867199063301086
5.867246508598328
5.8672935962677
5.867338538169861
5.806137561798096
5.806303977966309
5.80646550655365
5.806525468826294
5.806572437286377
5.806617021560669
5.806695580482483
5.80674147605896
6.01132595539093
6.011390447616577
6.011439919471741
6.011486291885376
6.011577367782593
6.011664867401123
6.011724948883057
6.011772394180298
5.965379953384399
5.965439438819885
5.96551251411438
5.965563058853149
5.965617418289185
5.965665936470032
5.965717077255249
5.965782880783081
5.920026540756226
5.920086860656738
5.9201414585113525
5.92019248008728
5.920244932174683
5.920295357704163
5.920348525047302
5.920397996902466
5.860093951225281
5.8601778745651245
5.860234975814819
5.860318422317505
5.860375881195068
5.860428333282471
5.860480427742004
5.860529899597168
5.798608064651489
5.800478577613831
5.800548553466797
5.800629615783691
5.800686597824097
5.800747513771057
5.800798058509827
5.800861597061157
5.733089923858643
5.733161449432373
5.733222484588623
5.7332868576049805
5.733352899551392
5.733405947685242
5.733462452888489
5.733507037162781
6.3415679931640625
6.341632008552551
6.341741442680359
6.341812968254089
6.341869473457336
6.341936945915222
6.342010974884033
6.342065453529358
6.282444477081299
6.282504439353943
6.282558441162109
6.2826104164123535
6.28266441822052
6.2827149629592896
6.282768368721008
6.2828369140625
6.290273427963257
6.29033100605011
6.290409445762634
6.290464520454407
6.290565490722656
6.290619492530823
6.290744066238403
6.290801525115967
6.206588864326477
6.206650018692017
6.206704020500183
6.206756353378296
6.206807494163513
6.2068564891815186
6.2069079875946045
6.206957459449768
6.168630480766296
6.168692469596863
6.168752551078796
6.168805003166199
6.168857455253601
6.168907999992371
6.168959975242615
6.169010043144226
6.180611491203308
6.180673956871033
6.180760502815247
6.1808165311813354
6.18087100982666
6.180921912193298
6.180974960327148
6.181028962135315
6.500774502754211
6.500906467437744
6.500962495803833
6.501014471054077
6.501066446304321
6.501137375831604
6.501198410987854
6.501248002052307
6.449572563171387
6.449646472930908
6.449709057807922
6.449760556221008
6.449814558029175
6.449864029884338
6.44991409778595
6.449962615966797
6.408314943313599
6.40837299823761
6.408426523208618
6.408477544784546
6.408526539802551
6.408573508262634
6.40862250328064
6.408669471740723
6.46269953250885
6.4627580642700195
6.462811589241028
6.462879061698914
6.4630115032196045
6.463090538978577
6.463162541389465
6.463228464126587
6.426795959472656
6.42685854434967
6.42691445350647
6.427011489868164
6.427070498466492
6.427125096321106
6.4271804094314575
6.427232503890991
6.37290346622467
6.372973918914795
6.373035430908203
6.373088002204895
6.373141407966614
6.373191952705383
6.373244404792786
6.373294949531555
6.314435958862305
6.314496040344238
6.314550518989563
6.3146010637283325
6.314653038978577
6.314711093902588
6.314761996269226
6.314809560775757
6.2839275598526
6.283982515335083
6.284039497375488
6.284085035324097
6.28413999080658
6.284184575080872
6.284229636192322
6.28427255153656
6.2339794635772705
6.234076499938965
6.234133958816528
6.234200954437256
6.234256982803345
6.23432195186615
6.234369397163391
6.2344149351119995
6.232361435890198
6.232420921325684
6.2324745655059814
6.232524037361145
6.2325745820999146
6.232623100280762
6.232672452926636
6.232720494270325
6.1838144063949585
6.183879017829895
6.1839364767074585
6.183990955352783
6.184048533439636
6.184099912643433
6.184152960777283
6.1842029094696045
6.113090991973877
6.113152027130127
6.113206505775452
6.113257527351379
6.113307476043701
6.113357424736023
6.1134079694747925
6.1134560108184814
6.48425555229187
6.484310507774353
6.484359502792358
6.484423041343689
6.4844770431518555
6.4845335483551025
6.48459792137146
6.484660625457764
6.416234612464905
6.4162890911102295
6.416361093521118
6.416406512260437
6.416463613510132
6.416509628295898
6.416578531265259
6.416645050048828
6.357274532318115
6.357342004776001
6.357397437095642
6.357441544532776
6.357499003410339
6.357560992240906
6.357607960700989
6.357668519020081
6.504823446273804
6.504881978034973
6.504933953285217
6.504982948303223
6.505033493041992
6.505080938339233
6.505139946937561
6.505187392234802
6.443971037864685
6.444064140319824
6.444148063659668
6.444219589233398
6.444271087646484
6.444343566894531
6.4444016218185425
6.444473028182983
6.398219585418701
6.398282527923584
6.398338556289673
6.398390531539917
6.398446440696716
6.39860200881958
6.398669004440308
6.398723125457764
6.329665541648865
6.329726576805115
6.329800009727478
6.329861164093018
6.329915523529053
6.329967021942139
6.330020070075989
6.3300710916519165
6.927965521812439
6.92802357673645
6.928083062171936
6.928160905838013
6.928218483924866
6.928269028663635
6.928319096565247
6.928368449211121
6.868893504142761
6.868956446647644
6.869002461433411
6.869045376777649
6.869089961051941
6.8691325187683105
6.869175910949707
6.869218945503235
6.809846520423889
6.809926509857178
6.809989094734192
6.810046553611755
6.81012761592865
6.810178995132446
6.810248613357544
6.81030547618866
6.86576247215271
6.865837454795837
6.865889549255371
6.8659844398498535
6.866048455238342
6.866118431091309
6.866201877593994
6.866254448890686
7.46882700920105
7.468889951705933
7.4689555168151855
7.469023942947388
7.469108939170837
7.469155430793762
7.469203948974609
7.469287991523743
7.4242085218429565
7.424332976341248
7.424440503120422
7.424492597579956
7.424564003944397
7.424621939659119
7.4247130155563354
7.424764513969421
7.374948501586914
7.375004529953003
7.3750669956207275
7.375114440917969
7.375237584114075
7.375301957130432
7.375375390052795
7.375430941581726
7.330933928489685
7.331013441085815
7.331076502799988
7.331136345863342
7.331201910972595
7.331247925758362
7.331296920776367
7.331360340118408
7.286162495613098
7.286216497421265
7.286340951919556
7.28640604019165
7.28647243976593
7.286543011665344
7.286640048027039
7.286720514297485
7.527144074440002
7.52722954750061
7.527310013771057
7.527375102043152
7.527517557144165
7.527608513832092
7.5276859998703
7.527783632278442
7.483190417289734
7.483246922492981
7.483301043510437
7.483350872993469
7.483402490615845
7.48345148563385
7.4835028648376465
7.483551502227783
7.408944487571716
7.409002900123596
7.4090574979782104
7.409110903739929
7.409163951873779
7.409214973449707
7.409325957298279
7.409412503242493
7.332494497299194
7.33255398273468
7.332610487937927
7.332663536071777
7.332721948623657
7.3327730894088745
7.332861423492432
7.332925081253052
7.258221983909607
7.258313536643982
7.258378505706787
7.258433103561401
7.258490562438965
7.258576989173889
7.258643627166748
7.258696556091309
7.143272519111633
7.143330454826355
7.143383502960205
7.14343798160553
7.14349091053009
7.1435405015945435
7.143591046333313
7.143639922142029
7.428010940551758
7.428067088127136
7.428119421005249
7.428168416023254
7.4282190799713135
7.4282660484313965
7.428314447402954
7.428362011909485
7.3677898645401
7.367847442626953
7.367898941040039
7.367946982383728
7.367996454238892
7.368042945861816
7.36809241771698
7.368139982223511
7.3013676404953
7.30142605304718
7.301481485366821
7.301532030105591
7.301584601402283
7.301634073257446
7.301689147949219
7.301738023757935
7.222917437553406
7.222976446151733
7.223031044006348
7.223081946372986
7.2231340408325195
7.223182439804077
7.223253965377808
7.223312020301819
7.02627158164978
7.026326060295105
7.026379108428955
7.026429533958435
7.026482105255127
7.026532053947449
7.026583552360535
7.02663254737854
6.964575529098511
6.964633464813232
6.964687466621399
6.964738488197327
6.964791417121887
6.964842438697815
6.9648929834365845
6.964951395988464
6.901145100593567
6.901199579238892
6.9012675285339355
6.901317477226257
6.901368498802185
6.901417016983032
6.901467561721802
6.901535511016846
6.829169034957886
6.8292235136032104
6.829274535179138
6.829322576522827
6.829371929168701
6.829419016838074
6.829468011856079
6.829514503479004
6.77845299243927
6.778512477874756
6.778590083122253
6.77864396572113
6.778701066970825
6.778753042221069
6.778804540634155
6.778854489326477
7.1533249616622925
7.153384447097778
7.153439998626709
7.153536915779114
7.153595447540283
7.153656482696533
7.1537104845047
7.153761506080627
7.248336434364319
7.248392462730408
7.248445987701416
7.248497009277344
7.248549938201904
7.248599886894226
7.248652458190918
7.248706936836243
7.34287703037262
7.34293794631958
7.342992424964905
7.343042969703674
7.3430949449539185
7.343144416809082
7.343194961547852
7.343243956565857
7.775206923484802
7.775286436080933
7.7753413915634155
7.775391459465027
7.775442957878113
7.775490999221802
7.775540351867676
7.7755879163742065
7.7019795179367065
7.702039122581482
7.702099084854126
7.702151536941528
7.702205061912537
7.702256083488464
7.702309012413025
7.7023606300354
7.692453503608704
7.692510485649109
7.692563533782959
7.693024039268494
7.693182587623596
7.693238019943237
7.693333029747009
7.693384051322937
7.629477500915527
7.629538893699646
7.629595398902893
7.629648447036743
7.629704475402832
7.62975800037384
7.629819989204407
7.6298710107803345
7.4899001121521
7.489959478378296
7.490013003349304
7.490063548088074
7.490115523338318
7.490169525146484
7.490221619606018
7.490270018577576
7.431229948997498
7.43128502368927
7.431336522102356
7.4313859939575195
7.431438088417053
7.431487560272217
7.431540489196777
7.4315900802612305
7.372767329216003
7.372821927070618
7.3728718757629395
7.372920393943787
7.372974872589111
7.3730229139328
7.373072385787964
7.373119950294495
7.3255695104599
7.325625419616699
7.325679063796997
7.3257304430007935
7.3257845640182495
7.325835466384888
7.325888395309448
7.32593846321106
7.264313459396362
7.2643725872039795
7.2644264698028564
7.264476418495178
7.264528512954712
7.264577031135559
7.264627575874329
7.264676570892334
7.216843008995056
7.21690046787262
7.216982960700989
7.217038035392761
7.217092514038086
7.217143416404724
7.217196106910706
7.217245578765869
7.154695510864258
7.154751420021057
7.154805541038513
7.154855966567993
7.154917001724243
7.154966473579407
7.1550174951553345
7.155066013336182
7.091901063919067
7.091958999633789
7.09201192855835
7.092061996459961
7.092113971710205
7.092182993888855
7.092252492904663
7.092327952384949
7.39346182346344
7.393516898155212
7.3935688734054565
7.393617391586304
7.393666386604309
7.393713355064392
7.393761873245239
7.393881916999817
7.4556214809417725
7.455678939819336
7.455733060836792
7.455783009529114
7.455833911895752
7.455882549285889
7.455934047698975
7.455982565879822
8.056707501411438
8.056771039962769
8.056828498840332
8.05687952041626
8.056931972503662
8.056980967521667
8.057033061981201
8.057082414627075
8.014337062835693
8.014423966407776
8.01448392868042
8.014537572860718
8.014593005180359
8.014646053314209
8.014701008796692
8.014752984046936
7.935361385345459
7.935419917106628
7.935474514961243
7.9355309009552
7.9355844259262085
7.935634970664978
7.93568742275238
7.935736894607544
7.723047494888306
7.723104000091553
7.723155498504639
7.7232054471969604
7.72325599193573
7.723304033279419
7.72335410118103
7.723403573036194
7.660591959953308
7.660645484924316
7.660695552825928
7.660742402076721
7.66079044342041
7.6608359813690186
7.660884499549866
7.660930037498474
7.614269495010376
7.614326596260071
7.614380598068237
7.614431619644165
7.614484071731567
7.614533066749573
7.614585638046265
7.614634990692139
7.554239630699158
7.554490566253662
7.554555058479309
7.554607510566711
7.554684519767761
7.554749488830566
7.554810047149658
7.5548765659332275
7.490041494369507
7.4900959730148315
7.490147948265076
7.490196585655212
7.490247011184692
7.490295052528381
7.490344047546387
7.49039101600647
7.441836595535278
7.441895008087158
7.441958546638489
7.4420095682144165
7.442086458206177
7.442140579223633
7.442193031311035
7.442243576049805
7.378590941429138
7.378647446632385
7.378700494766235
7.378750443458557
7.378810405731201
7.3788604736328125
7.3789108991622925
7.378960013389587
7.310868978500366
7.310946941375732
7.311004996299744
7.311056017875671
7.311144471168518
7.311197519302368
7.3112510442733765
7.31130051612854
7.6820080280303955
7.682063579559326
7.682115077972412
7.682162523269653
7.682211518287659
7.682258486747742
7.682307600975037
7.682353496551514
8.156434535980225
8.156493067741394
8.156545996665955
8.156596541404724
8.156647562980652
8.156696557998657
8.156747102737427
8.156795978546143
8.077290415763855
8.077348947525024
8.077401995658875
8.077453017234802
8.07750689983368
8.077556014060974
8.077606916427612
8.07765543460846
8.030762076377869
8.030823111534119
8.030878067016602
8.030929565429688
8.030983090400696
8.031033515930176
8.031086087226868
8.03113603591919
7.971282958984375
7.971344947814941
7.971400499343872
7.971452951431274
7.9715059995651245
7.9715564250946045
7.97160792350769
7.971657395362854
7.910659909248352
7.910715937614441
7.910767436027527
7.910816431045532
7.910867929458618
7.910915374755859
7.9109649658203125
7.91101348400116
7.8485904932022095
7.848644971847534
7.848695397377014
7.848743915557861
7.8487935066223145
7.848841547966003
7.848890423774719
7.848937392234802
7.801450610160828
7.801512598991394
7.801567077636719
7.801625490188599
7.801677584648132
7.801727533340454
7.801785111427307
7.801835060119629
7.740257143974304
7.740311622619629
7.740365147590637
7.740415096282959
7.740474581718445
7.740522623062134
7.7405771017074585
7.740626096725464
7.67349910736084
7.6735745668411255
7.673631548881531
7.6736814975738525
7.673750042915344
7.673808455467224
7.673864126205444
7.673913478851318
7.598599553108215
7.598654508590698
7.598705053329468
7.598753094673157
7.598801612854004
7.598849534988403
7.598897576332092
7.598944544792175
8.211236596107483
8.211294174194336
8.21134614944458
8.211396098136902
8.21144711971283
8.21149754524231
8.211548686027527
8.211597084999084
8.160277962684631
8.160333633422852
8.160385012626648
8.16043508052826
8.160485982894897
8.160535097122192
8.16061007976532
8.160660028457642
8.169381976127625
8.169437050819397
8.169487476348877
8.169536471366882
8.169594049453735
8.169641971588135
8.16969096660614
8.169737458229065
8.768887996673584
8.76894199848175
8.768988966941833
8.769038915634155
8.769088983535767
8.769142508506775
8.76919150352478
8.769237518310547
8.754259467124939
8.754339933395386
8.754402995109558
8.754458904266357
8.754513025283813
8.754562973976135
8.75461757183075
8.75466787815094
8.732943058013916
8.733000993728638
8.733053088188171
8.7331041097641
8.733157515525818
8.73320758342743
8.733260035514832
8.733310103416443
8.830179452896118
8.830232977867126
8.830280423164368
8.830358982086182
8.830422401428223
8.830474495887756
8.830525040626526
8.830572962760925
8.890262842178345
8.890317440032959
8.890370488166809
8.890421986579895
8.890473365783691
8.890523433685303
8.890575051307678
8.890623927116394
8.834147095680237
8.834205150604248
8.834254026412964
8.834305047988892
8.834356546401978
8.834406018257141
8.834458112716675
8.834506511688232
8.888428568840027
8.888482570648193
8.888530015945435
8.888579607009888
8.888635039329529
8.888682961463928
8.888732552528381
8.888779520988464
8.831418514251709
8.831470966339111
8.831520080566406
8.831568002700806
8.831628561019897
8.831689953804016
8.831747055053711
8.831802606582642
8.795158982276917
8.7952139377594
8.79526400566101
8.79531455039978
8.795365452766418
8.795415043830872
8.79546594619751
8.795514583587646
8.826918601989746
8.826994061470032
8.82705557346344
8.827110648155212
8.82716703414917
8.827217102050781
8.827267527580261
8.827316045761108
8.763650059700012
8.763703465461731
8.763750553131104
8.763797998428345
8.76384949684143
8.763895988464355
8.763944506645203
8.763991594314575
8.783756971359253
8.78381597995758
8.783867001533508
8.783921480178833
8.783976554870605
8.784027576446533
8.784080028533936
8.784129977226257
8.723634958267212
8.723688960075378
8.723737001419067
8.723790526390076
8.723840951919556
8.723889470100403
8.723938465118408
8.723986029624939
8.674660563468933
8.67471444606781
8.67476201057434
8.674809575080872
8.674859404563904
8.674907565116882
8.674956917762756
8.675026416778564
8.741840958595276
8.74189305305481
8.741938591003418
8.741985559463501
8.74203360080719
8.742079973220825
8.742132544517517
8.7421795129776
8.73837661743164
8.738435506820679
8.73848807811737
8.738540053367615
8.738593578338623
8.738646030426025
8.738699078559875
8.738749504089355
8.841585516929626
8.841639399528503
8.841696977615356
8.841747045516968
8.841798424720764
8.841847538948059
8.841897964477539
8.841946005821228
8.753471612930298
8.753530621528625
8.753578543663025
8.753628134727478
8.753679037094116
8.753731489181519
8.753820061683655
8.753872036933899
8.695974946022034
8.69603157043457
8.696080565452576
8.696130514144897
8.696182489395142
8.696231484413147
8.696283459663391
8.696332573890686
8.811741948127747
8.811804413795471
8.81185245513916
8.811900973320007
8.81195056438446
8.812005996704102
8.812055468559265
8.812103986740112
8.826309561729431
8.826362490653992
8.826411008834839
8.82646107673645
8.826512098312378
8.826560497283936
8.826613545417786
8.826663494110107
8.746312022209167
8.74637746810913
8.746432542800903
8.746480464935303
8.746531009674072
8.746578454971313
8.746628046035767
8.746676564216614
8.69294548034668
8.693001985549927
8.693050980567932
8.693140983581543
8.693243026733398
8.693331003189087
8.693387389183044
8.693438529968262
8.718008995056152
8.718063950538635
8.718113422393799
8.718162894248962
8.718214988708496
8.718263983726501
8.718314528465271
8.718364000320435
8.658910393714905
8.658965945243835
8.65901494026184
8.659063458442688
8.659115433692932
8.659163355827332
8.659212946891785
8.659260869026184
8.59860897064209
8.59866189956665
8.598712921142578
8.598761439323425
8.598815441131592
8.598862528800964
8.598910927772522
8.598958373069763
8.552709937095642
8.552778005599976
8.552860498428345
8.552913427352905
8.552968382835388
8.553018927574158
8.553069353103638
8.553117990493774
8.693325638771057
8.693383574485779
8.6934335231781
8.69348406791687
8.6935396194458
8.69359004497528
8.693641066551208
8.693690657615662
8.631832003593445
8.631886005401611
8.631933450698853
8.6319819688797
8.632033944129944
8.632081985473633
8.632131457328796
8.632180452346802
8.729835391044617
8.729886889457703
8.72993290424347
8.729979872703552
8.730028510093689
8.730073928833008
8.730121970176697
8.730167865753174
8.684288024902344
8.684363007545471
8.684415459632874
8.684467077255249
8.684526085853577
8.68463909626007
8.684703946113586
8.684756517410278
8.62993860244751
8.629995465278625
8.630046010017395
8.630096554756165
8.630149602890015
8.630199432373047
8.6302570104599
8.630306482315063
8.587695598602295
8.587754130363464
8.587815999984741
8.587894082069397
8.58799409866333
8.588064193725586
8.588122606277466
8.58817708492279
8.495659589767456
8.495728492736816
8.49578058719635
8.495834589004517
8.495888471603394
8.495939135551453
8.495991587638855
8.496041536331177
8.436687469482422
8.436742067337036
8.436790466308594
8.436839938163757
8.436890959739685
8.436940550804138
8.436991930007935
8.437040567398071
8.37093997001648
8.370994567871094
8.371066093444824
8.371140122413635
8.371214985847473
8.371266484260559
8.371322631835938
8.371394634246826
8.487306475639343
8.48736298084259
8.487412571907043
8.487462997436523
8.48751449584961
8.487563490867615
8.487634420394897
8.48769497871399
8.790915608406067
8.79097294807434
8.791021943092346
8.7910715341568
8.791131138801575
8.791181087493896
8.79123055934906
8.791279554367065
8.797837018966675
8.79791247844696
8.797967553138733
8.798020005226135
8.798072099685669
8.798121452331543
8.798171520233154
8.798219919204712
8.711611986160278
8.711703538894653
8.711755514144897
8.711807489395142
8.711862921714783
8.711915493011475
8.711967468261719
8.712017059326172
8.647466540336609
8.647523403167725
8.647572994232178
8.647622466087341
8.647674560546875
8.647723913192749
8.647776007652283
8.64782452583313
8.879366517066956
8.879419445991516
8.879467606544495
8.879516005516052
8.879566550254822
8.879612922668457
8.879661560058594
8.879709005355835
8.831832528114319
8.831897497177124
8.831949472427368
8.832001447677612
8.83205497264862
8.83210802078247
8.832160949707031
8.832211971282959
8.769230008125305
8.769286394119263
8.769335865974426
8.769385933876038
8.769436836242676
8.76948595046997
8.76953637599945
8.769585490226746
8.812516570091248
8.812573432922363
8.812623023986816
8.812673568725586
8.812726020812988
8.812775611877441
8.812825560569763
8.812874436378479
8.758613586425781
8.75867211818695
8.758722066879272
8.758776068687439
8.758830547332764
8.758881568908691
8.758934617042542
8.758985161781311
9.012213587760925
9.012277483940125
9.01233196258545
9.012382507324219
9.012434601783752
9.012484550476074
9.012536525726318
9.012585997581482
8.808196544647217
8.8082515001297
8.8082994222641
8.808349370956421
8.80839991569519
8.808448433876038
8.808497428894043
8.808543920516968
8.737529516220093
8.737583041191101
8.737630128860474
8.737678527832031
8.737727999687195
8.737776041030884
8.73782503604889
8.737871646881104
9.015264868736267
9.015354037284851
9.015407919883728
9.015463948249817
9.015520334243774
9.015570521354675
9.015622973442078
9.0156729221344
8.959198951721191
8.959254503250122
8.95930302143097
8.95935344696045
8.959405422210693
8.959455370903015
8.959505915641785
8.95955502986908
8.922399997711182
8.922460436820984
8.922511100769043
8.922567963600159
8.922626495361328
8.922677993774414
8.922731041908264
8.922781586647034
8.882965445518494
8.883023977279663
8.88307499885559
8.88312554359436
8.883179068565369
8.883230447769165
8.883283495903015
8.883333921432495
8.820589423179626
8.820645451545715
8.820695042610168
8.8207448720932
8.82079792022705
8.820855975151062
8.82093346118927
8.820986986160278
8.754389524459839
8.75444209575653
8.754488587379456
8.754536032676697
8.754586577415466
8.754634022712708
8.754682540893555
8.754728555679321
8.695311546325684
8.69537603855133
8.69542646408081
8.69547951221466
8.695535063743591
8.695585489273071
8.695652961730957
8.695718050003052
9.057473063468933
9.057528972625732
9.057579040527344
9.057628631591797
9.0576810836792
9.057732105255127
9.05778706073761
9.057836055755615
8.99594247341156
8.995999932289124
8.99604845046997
8.996097445487976
8.996150493621826
8.996200919151306
8.99625289440155
8.996302962303162
8.94701361656189
8.947136998176575
8.947275996208191
8.947334051132202
8.947393536567688
8.947445511817932
8.94752049446106
8.947579145431519
8.876896142959595
8.876951575279236
8.876999497413635
8.877050042152405
8.8771151304245
8.877167582511902
8.877220153808594
8.877268671989441
9.471397876739502
9.471451997756958
9.471498489379883
9.471547961235046
9.471596360206604
9.471643924713135
9.471693515777588
9.471740961074829
9.443263411521912
9.443321466445923
9.443371415138245
9.443424940109253
9.443476915359497
9.443527460098267
9.443581461906433
9.443674921989441
10.093246936798096
10.093302488327026
10.093382477760315
10.093437552452087
10.093486905097961
10.093899965286255
10.093984007835388
10.094071984291077
10.07260549068451
10.07266092300415
10.072736501693726
10.072786450386047
10.072867393493652
10.072924017906189
10.072978019714355
10.073060989379883
10.146984934806824
10.147145986557007
10.147211909294128
10.147295475006104
10.147346496582031
10.14742386341095
10.147496938705444
10.147586464881897
10.114170551300049
10.114224076271057
10.114277005195618
10.114328026771545
10.114375472068787
10.11442506313324
10.11447548866272
10.114525079727173
10.072376608848572
10.072431564331055
10.072480082511902
10.072529554367065
10.072575569152832
10.072623610496521
10.072673678398132
10.072738528251648
10.107794046401978
10.107847094535828
10.107897996902466
10.107946515083313
10.108014583587646
10.108087539672852
10.108142614364624
10.108204007148743
10.075476050376892
10.07554292678833
10.075594425201416
10.075648427009583
10.075696468353271
10.075746536254883
10.075798988342285
10.075850009918213
10.120984554290771
10.121039509773254
10.121089935302734
10.121139526367188
10.121186017990112
10.121233582496643
10.121283531188965
10.121330618858337
10.067672610282898
10.067763090133667
10.067818522453308
10.067874550819397
10.067925095558167
10.067976474761963
10.068031549453735
10.068083047866821
10.05137848854065
10.051434516906738
10.05148446559906
10.051534533500671
10.051581978797913
10.051632523536682
10.051684498786926
10.051733016967773
10.035321474075317
10.035375475883484
10.035422444343567
10.035470962524414
10.035520434379578
10.035567998886108
10.035619497299194
10.035666942596436
10.01223599910736
10.012290954589844
10.012338519096375
10.01238751411438
10.012433528900146
10.012482404708862
10.012532949447632
10.012580513954163
9.966949582099915
9.967003464698792
9.967050552368164
9.967098474502563
9.967143058776855
9.967190504074097
9.967240571975708
9.967287063598633
9.920157551765442
9.920298099517822
9.9203519821167
9.920473575592041
9.920532464981079
9.920603513717651
9.92067003250122
9.920723557472229
10.064715027809143
10.064771056175232
10.064819574356079
10.064869046211243
10.064916014671326
10.064963936805725
10.065013885498047
10.065062522888184
10.232830882072449
10.232886910438538
10.232935428619385
10.232985973358154
10.233031988143921
10.23307991027832
10.233133912086487
10.233181953430176
10.091442942619324
10.091497421264648
10.091544389724731
10.091593503952026
10.091641545295715
10.091689467430115
10.091738939285278
10.09178602695465
10.000116467475891
10.000168442726135
10.000213503837585
10.000259399414062
10.000303387641907
10.000353336334229
10.000401020050049
10.00044596195221
9.920664548873901
9.920719027519226
9.920764923095703
9.92081356048584
9.920858025550842
9.920902967453003
9.920951008796692
9.9209965467453
9.81513500213623
9.815191984176636
9.8152414560318
9.815291047096252
9.815338969230652
9.815388560295105
9.815439581871033
9.81548798084259
9.814794898033142
9.81484842300415
9.814895510673523
9.81494402885437
9.814989447593689
9.81503701210022
9.815086960792542
9.815134406089783
9.75989556312561
9.759948968887329
9.75999641418457
9.760044932365417
9.760089993476868
9.760136485099792
9.760187983512878
9.760235071182251
9.693227052688599
9.693279027938843
9.693324089050293
9.69336998462677
9.693414092063904
9.693459510803223
9.693506956100464
9.693552017211914
9.64792001247406
9.647977471351624
9.648028016090393
9.648080110549927
9.648129105567932
9.648179411888123
9.648268461227417
9.648324489593506
9.773579001426697
9.773635506629944
9.77368450164795
9.77373456954956
9.773782014846802
9.773830533027649
9.773881554603577
9.773930072784424
9.6414155960083
9.641470074653625
9.641517996788025
9.641569972038269
9.641615986824036
9.641664028167725
9.641713500022888
9.641762018203735
10.088298559188843
10.088355541229248
10.088413119316101
10.088464975357056
10.088513612747192
10.088564991950989
10.088618040084839
10.088671565055847
10.029283046722412
10.029338002204895
10.029387474060059
10.02943754196167
10.029485583305359
10.029534459114075
10.029586553573608
10.029635071754456
10.237338066101074
10.23740303516388
10.237451076507568
10.23750102519989
10.237549066543579
10.237624526023865
10.237689018249512
10.23774003982544
10.173410534858704
10.173483490943909
10.173534035682678
10.173586010932922
10.173631429672241
10.173678517341614
10.173728466033936
10.17377495765686
10.124534606933594
10.124588966369629
10.124637961387634
10.124688982963562
10.124735951423645
10.124784588813782
10.12483549118042
10.124884605407715
10.065877437591553
10.065932393074036
10.065980434417725
10.066030383110046
10.066080927848816
10.066129446029663
10.066180944442749
10.066229820251465
10.02955687046051
10.029614329338074
10.029664397239685
10.029715418815613
10.029762864112854
10.029812455177307
10.02986490726471
10.029913902282715
9.971410632133484
9.971467137336731
9.971517086029053
9.971572995185852
9.97162115573883
9.971670627593994
9.971723675727844
9.971773624420166
9.912106990814209
9.912160992622375
9.912209033966064
9.912259101867676
9.912337064743042
9.912394523620605
9.912449598312378
9.9124995470047
9.854847073554993
9.854901552200317
9.854966163635254
9.85501766204834
9.855066061019897
9.855114698410034
9.855167031288147
9.855215191841125
9.806761503219604
9.806817173957825
9.806867122650146
9.806918025016785
9.806965112686157
9.807014107704163
9.807069540023804
9.80712103843689
9.908001899719238
9.908056497573853
9.908105492591858
9.908156394958496
9.908203959465027
9.90825343132019
9.908304929733276
9.908353924751282
9.86164402961731
9.861703157424927
9.861755132675171
9.861809134483337
9.86185908317566
9.861910581588745
9.86196517944336
9.862016558647156
9.789849519729614
9.789905548095703
9.789955019950867
9.790005922317505
9.790053009986877
9.790103435516357
9.790154576301575
9.79020345211029
10.130589485168457
10.130646586418152
10.130696058273315
10.130745649337769
10.13079309463501
10.130842089653015
10.130894541740417
10.130943536758423
10.009370923042297
10.009426355361938
10.009475469589233
10.009524464607239
10.009570956230164
10.009617924690247
10.009668946266174
10.009716391563416
10.306133031845093
10.30619466304779
10.306245565414429
10.306298613548279
10.306347608566284
10.306398153305054
10.306496500968933
10.30655312538147
9.955718159675598
9.95577359199524
9.955822110176086
9.955876588821411
9.955923557281494
9.955972075462341
9.956024646759033
9.956073522567749
10.20860242843628
10.208698511123657
10.208786487579346
10.208842039108276
10.208911538124084
10.208965420722961
10.209016919136047
10.209083437919617
10.14853847026825
10.14859664440155
10.148647546768188
10.148699045181274
10.148747444152832
10.148798108100891
10.148850083351135
10.148900032043457
10.019261479377747
10.019316911697388
10.019365906715393
10.019437551498413
10.019487977027893
10.019544005393982
10.019596457481384
10.01964557170868
9.961020469665527
9.961075901985168
9.961129546165466
9.961178541183472
9.961225032806396
9.961273431777954
9.961323976516724
9.961372017860413
9.890724539756775
9.890816926956177
9.890877485275269
9.890930414199829
9.890977501869202
9.891024947166443
9.89107608795166
9.891123414039612
10.087035536766052
10.087087512016296
10.087134957313538
10.08718204498291
10.08722710609436
10.087274074554443
10.087323069572449
10.08737063407898
10.529139995574951
10.529193997383118
10.529242515563965
10.529291987419128
10.529339075088501
10.529387950897217
10.529438495635986
10.529486536979675
10.465833902359009
10.465888500213623
10.46593689918518
10.465986490249634
10.4660325050354
10.466081976890564
10.466172456741333
10.466230511665344
10.413601160049438
10.413658022880554
10.413708090782166
10.413758039474487
10.413809061050415
10.413859128952026
10.413910031318665
10.413960099220276
10.349779605865479
10.349834084510803
10.349882125854492
10.349930047988892
10.349976062774658
10.350023031234741
10.35007357597351
10.350121021270752
10.288910508155823
10.288966536521912
10.289015531539917
10.289181470870972
10.2892324924469
10.289284944534302
10.289336562156677
10.289385437965393
10.219609498977661
10.219665884971619
10.219714879989624
10.219764828681946
10.21981143951416
10.219859957695007
10.219911336898804
10.219972968101501
10.35233736038208
10.35239291191101
10.352441430091858
10.352489948272705
10.352535486221313
10.352582454681396
10.352631449699402
10.352677941322327
10.303321480751038
10.303376078605652
10.303424000740051
10.303472995758057
10.303519010543823
10.30356752872467
10.303620457649231
10.303668975830078
10.241697669029236
10.241753101348877
10.241801619529724
10.241851568222046
10.24189805984497
10.24194610118866
10.241996049880981
10.242046594619751
10.175575494766235
10.175655007362366
10.175707459449768
10.175758004188538
10.17580509185791
10.17585551738739
10.175907492637634
10.1759774684906
10.121602416038513
10.121657490730286
10.12170696258545
10.121758937835693
10.121805906295776
10.12185549736023
10.12190854549408
10.121957421302795
10.71843695640564
10.718493103981018
10.718541979789734
10.71859097480774
10.718638062477112
10.718683958053589
10.718734502792358
10.718783974647522
11.3149254322052
11.31497848033905
11.315024971961975
11.315072536468506
11.315118074417114
11.315163016319275
11.315214991569519
11.315261960029602
11.346894979476929
11.346948504447937
11.346994996070862
11.347042441368103
11.347086429595947
11.347129940986633
11.34717845916748
11.347222447395325
11.364352464675903
11.364405989646912
11.364454507827759
11.364510893821716
11.364558458328247
11.364604949951172
11.364657044410706
11.364706039428711
11.303688883781433
11.303744435310364
11.303793549537659
11.30384349822998
11.303889989852905
11.303934931755066
11.3039870262146
11.304033398628235
11.374419927597046
11.374478936195374
11.374531507492065
11.374597907066345
11.374656438827515
11.374704957008362
11.37475848197937
11.37480640411377
11.416556477546692
11.416612148284912
11.41666054725647
11.41671109199524
11.416758060455322
11.4168039560318
11.41685402393341
11.416900634765625
11.350361943244934
11.350417017936707
11.350471496582031
11.350520968437195
11.35056746006012
11.350612998008728
11.350664019584656
11.350710391998291
11.352715849876404
11.35276985168457
11.352816939353943
11.352869868278503
11.352914810180664
11.352958917617798
11.353007912635803
11.353052496910095
11.283928394317627
11.283979535102844
11.28402554988861
11.284071922302246
11.28411591053009
11.284158945083618
11.284207463264465
11.28425145149231
11.226197957992554
11.226252436637878
11.226301550865173
11.226359486579895
11.226404905319214
11.22645103931427
11.226501107215881
11.226547956466675
11.183076024055481
11.183127999305725
11.183175563812256
11.183224081993103
11.18326997756958
11.183314561843872
11.183364510536194
11.183409929275513
11.132145524024963
11.132202982902527
11.132278084754944
11.132331013679504
11.13238000869751
11.132423996925354
11.132487893104553
11.132533431053162
11.057940483093262
11.057993054389954
11.058039546012878
11.05808699131012
11.058130979537964
11.058174014091492
11.058227062225342
11.058270931243896
10.991729140281677
10.991781115531921
10.991826176643372
10.991872072219849
10.991915106773376
10.991957545280457
10.992004632949829
10.992047548294067
11.267311096191406
11.267365097999573
11.26741349697113
11.267462491989136
11.26750910282135
11.267554521560669
11.267605066299438
11.267651081085205
11.178061485290527
11.178113460540771
11.178160071372986
11.178211092948914
11.178256034851074
11.178300499916077
11.178349018096924
11.178394556045532
11.10866403579712
11.1087144613266
11.108760595321655
11.108807563781738
11.108851552009583
11.108895063400269
11.108948469161987
11.10899305343628
11.101228475570679
11.101280450820923
11.101325988769531
11.101372957229614
11.10141634941101
11.101459503173828
11.101508021354675
11.10155189037323
10.84520697593689
10.845261931419373
10.845310926437378
10.845361471176147
10.84540855884552
10.845454454421997
10.845505475997925
10.84555196762085
10.783026933670044
10.783081293106079
10.783129334449768
10.783177852630615
10.783223390579224
10.783268928527832
10.783319354057312
10.78336489200592
10.971113085746765
10.971166014671326
10.971213579177856
10.971263527870178
10.971308469772339
10.971352458000183
10.971401453018188
10.971446633338928
10.897355556488037
10.897408485412598
10.897456049919128
10.89750349521637
10.89754855632782
10.897592067718506
10.897641062736511
10.897685527801514
11.50008249282837
11.500138401985168
11.500186920166016
11.500235915184021
11.500282049179077
11.500327110290527
11.500379085540771
11.50042450428009
11.453068375587463
11.453126430511475
11.453176379203796
11.453227877616882
11.453275918960571
11.453322410583496
11.453377962112427
11.453425884246826
11.382192492485046
11.382246494293213
11.382295489311218
11.382345080375671
11.382391452789307
11.382437109947205
11.382495522499084
11.382540941238403
11.193909049034119
11.193962097167969
11.194008588790894
11.194061517715454
11.194106578826904
11.194150447845459
11.194199562072754
11.194244503974915
11.134819865226746
11.134874939918518
11.13492238521576
11.134971499443054
11.135016918182373
11.13507091999054
11.135120868682861
11.135166883468628
11.085341453552246
11.085396885871887
11.085450410842896
11.085500836372375
11.085548400878906
11.085594296455383
11.085681319236755
11.085940837860107
11.026042580604553
11.02609646320343
11.026144981384277
11.026203513145447
11.026249408721924
11.026293516159058
11.026343941688538
11.026389479637146
11.0571049451828
11.057159066200256
11.057205438613892
11.057252407073975
11.05729591846466
11.057339429855347
11.057388544082642
11.057432413101196
10.990792632102966
10.99084460735321
10.990889549255371
10.99093759059906
10.990981101989746
10.991024017333984
10.991071105003357
10.991114974021912
10.924657106399536
10.924709558486938
10.924755573272705
10.92480456829071
10.924858450889587
10.924902081489563
10.924951076507568
10.92499554157257
10.873838424682617
10.873892426490784
10.87394094467163
10.873991012573242
10.87404203414917
10.874087452888489
10.874138474464417
10.874184489250183
10.807318449020386
10.807373046875
10.807421088218689
10.807469487190247
10.807516098022461
10.80757999420166
10.807642459869385
10.80769145488739
11.243409037590027
11.243492007255554
11.243542075157166
11.243590950965881
11.24363648891449
11.243680953979492
11.24373745918274
11.243782997131348
11.171864032745361
11.171916007995605
11.171962976455688
11.172009587287903
11.172055006027222
11.172127485275269
11.172182559967041
11.172229528427124
11.6778324842453
11.677884936332703
11.677943468093872
11.677995562553406
11.678041458129883
11.678086519241333
11.678136944770813
11.678183555603027
11.370650053024292
11.370707631111145
11.37075960636139
11.370811581611633
11.370859026908875
11.370905041694641
11.370960593223572
11.371016025543213
11.327729940414429
11.327786445617676
11.327834486961365
11.327882885932922
11.32792842388153
11.327973365783691
11.328022837638855
11.328068971633911
11.258259892463684
11.258312940597534
11.258359432220459
11.2584068775177
11.25845193862915
11.258495926856995
11.258545398712158
11.258590459823608
11.700042605400085
11.700100064277649
11.70015299320221
11.700204610824585
11.700254559516907
11.700302124023438
11.700379133224487
11.700443029403687
11.572360515594482
11.572416067123413
11.572468042373657
11.572517991065979
11.57256555557251
11.572612524032593
11.572664976119995
11.572712540626526
11.514041543006897
11.514093518257141
11.514139533042908
11.514186978340149
11.5142320394516
11.514276504516602
11.514325976371765
11.514370560646057
11.455277919769287
11.455330967903137
11.455381870269775
11.455429911613464
11.455474972724915
11.45552396774292
11.455573439598083
11.455618500709534
11.412108540534973
11.412166118621826
11.412216067314148
11.412266969680786
11.412314534187317
11.412361025810242
11.41241443157196
11.412462949752808
11.360231041908264
11.360286474227905
11.360334515571594
11.36038339138031
11.360429406166077
11.360474467277527
11.360524415969849
11.360570430755615
11.310131907463074
11.310190558433533
11.310241937637329
11.310292959213257
11.310339570045471
11.310385584831238
11.31043803691864
11.310485005378723
11.258762001991272
11.258882522583008
11.258967995643616
11.259049534797668
11.259104609489441
11.259154081344604
11.259212136268616
11.25926148891449
11.193835496902466
11.193890452384949
11.193942427635193
11.193991422653198
11.194037437438965
11.194081902503967
11.194130897521973
11.194177389144897
11.121984481811523
11.12203848361969
11.122084975242615
11.122132539749146
11.122177481651306
11.12222158908844
11.12227201461792
11.12231707572937
11.066349387168884
11.066406965255737
11.066457033157349
11.066507458686829
11.066555380821228
11.0666024684906
11.066653966903687
11.066702961921692
11.898940563201904
11.898995995521545
11.899044632911682
11.899093508720398
11.899140000343323
11.899185061454773
11.8992360830307
11.899282574653625
11.838433861732483
11.838489413261414
11.838538408279419
11.838587284088135
11.838642954826355
11.838687896728516
11.83873987197876
11.838786363601685
11.773324012756348
11.77337646484375
11.773423552513123
11.773470520973206
11.773519515991211
11.773563027381897
11.773612022399902
11.773656010627747
11.712043523788452
11.712095499038696
11.712139964103699
11.712186574935913
11.712229490280151
11.712271928787231
11.712318420410156
11.712361931800842
11.651331543922424
11.651381969451904
11.651427030563354
11.651473999023438
11.651518106460571
11.65156102180481
11.651607990264893
11.651652097702026
11.60335397720337
11.6034095287323
11.603458523750305
11.603508472442627
11.603554606437683
11.603600025177002
11.603652119636536
11.603697538375854
11.542868494987488
11.542921900749207
11.542969942092896
11.543017506599426
11.543062567710876
11.543113470077515
11.543164014816284
11.543208479881287
11.484907984733582
11.484961986541748
11.485039472579956
11.485091924667358
11.485139012336731
11.485183477401733
11.48523998260498
11.485285520553589
11.420922040939331
11.420974016189575
11.421029090881348
11.421077132225037
11.421122074127197
11.421167492866516
11.421216130256653
11.42126202583313
11.367712497711182
11.36776602268219
11.36781358718872
11.3678640127182
11.367910504341125
11.367955565452576
11.368005990982056
11.368053078651428
11.302819609642029
11.302913069725037
11.302964568138123
11.30303955078125
11.3031085729599
11.303157091140747
11.303224563598633
11.303271532058716
12.56460154056549
12.564653515815735
12.564700484275818
12.564745545387268
12.564789533615112
12.56483244895935
12.56488299369812
12.56492805480957
12.545400977134705
12.545505046844482
12.545557022094727
12.545636534690857
12.545684099197388
12.54575252532959
12.545810580253601
12.545858502388
12.482515096664429
12.482564568519592
12.4826101064682
12.482654571533203
12.48269808292389
12.482741117477417
12.482791066169739
12.482836127281189
12.555792570114136
12.555847525596619
12.55589497089386
12.55594003200531
12.555985450744629
12.556030035018921
12.556082487106323
12.55612862110138
12.513127446174622
12.51319444179535
12.513244986534119
12.51329243183136
12.513337969779968
12.513383507728577
12.513436436653137
12.513509511947632
12.446154952049255
12.446216940879822
12.446277022361755
12.446344017982483
12.446394562721252
12.446441054344177
12.446494460105896
12.446542978286743
12.354102969169617
12.354164481163025
12.354216456413269
12.354264974594116
12.354313015937805
12.35435950756073
12.354413509368896
12.354464054107666
12.281217455863953
12.281275629997253
12.2813560962677
12.281408071517944
12.281456112861633
12.281503081321716
12.281558990478516
12.281606554985046
12.468376398086548
12.468429923057556
12.468477368354797
12.468522906303406
12.468568444252014
12.468612909317017
12.46866488456726
12.46871542930603
12.427387595176697
12.427446126937866
12.427496075630188
12.42754316329956
12.427589178085327
12.427635073661804
12.427689552307129
12.427736639976501
12.355587363243103
12.355643391609192
12.355692028999329
12.355738997459412
12.35578441619873
12.355829954147339
12.355881333351135
12.355928540229797
12.152122974395752
12.152203917503357
12.152287006378174
12.15233850479126
12.152385592460632
12.152431011199951
12.15248692035675
12.152534008026123
12.089434623718262
12.089486122131348
12.089532613754272
12.089577078819275
12.089625120162964
12.089669108390808
12.089719653129578
12.089765071868896
12.366648554801941
12.36670458316803
12.366754412651062
12.366801500320435
12.366847515106201
12.366893529891968
12.36694598197937
12.366993427276611
12.542311429977417
12.542365431785583
12.542412996292114
12.542458891868591
12.542512893676758
12.542558431625366
12.542611360549927
12.542657375335693
12.214135527610779
12.214188575744629
12.214235186576843
12.214280009269714
12.214326977729797
12.214372038841248
12.214423060417175
12.214468598365784
12.169839978218079
12.169897437095642
12.169947862625122
12.170040488243103
12.170092463493347
12.170141458511353
12.170239925384521
12.170302510261536
12.105781435966492
12.105836391448975
12.105888962745667
12.105935335159302
12.105981469154358
12.106027007102966
12.106083989143372
12.106131434440613
12.03958797454834
12.039642930030823
12.039692044258118
12.039737462997437
12.039783477783203
12.039828896522522
12.03988003730774
12.039926528930664
11.985762000083923
11.985820055007935
11.985871076583862
11.985918998718262
11.98596704006195
11.986014008522034
11.986067533493042
11.98611605167389
11.949206590652466
11.949262022972107
11.949310541152954
11.949356436729431
11.949401617050171
11.94944703578949
11.94949746131897
11.949554085731506
12.559740900993347
12.559795498847961
12.55984354019165
12.559889435768127
12.559934973716736
12.559980034828186
12.56003201007843
12.560078501701355
12.499743938446045
12.499797940254211
12.4998459815979
12.49989140033722
12.49993646144867
12.499980926513672
12.500031471252441
12.500077366828918
12.663572430610657
12.663630962371826
12.663681864738464
12.663730502128601
12.663778066635132
12.663825392723083
12.663880467414856
12.663929343223572
12.609209895133972
12.609266877174377
12.60931944847107
12.609367489814758
12.609413862228394
12.60945987701416
12.609513878822327
12.609561920166016
12.536627054214478
12.536680936813354
12.53672707080841
12.536771416664124
12.536815524101257
12.536859035491943
12.536908507347107
12.53695297241211
12.464024424552917
12.464079856872559
12.46413004398346
12.464179992675781
12.464226961135864
12.464273452758789
12.464328050613403
12.464375972747803
12.446956992149353
12.447013020515442
12.447061538696289
12.447108507156372
12.447154998779297
12.447200536727905
12.447253108024597
12.447300553321838
12.347620010375977
12.347675561904907
12.347727060317993
12.34777307510376
12.34781801700592
12.347862005233765
12.347914576530457
12.347959995269775
12.283004879951477
12.283056378364563
12.283101439476013
12.28314995765686
12.283193349838257
12.283235907554626
12.283284902572632
12.283329486846924
12.29900598526001
12.299059987068176
12.299106478691101
12.299150586128235
12.299193978309631
12.29923701286316
12.299288034439087
12.29933249950409
12.233316421508789
12.233368515968323
12.233413457870483
12.233455896377563
12.233498454093933
12.233540415763855
12.233588933944702
12.233632922172546
12.176015019416809
12.176071047782898
12.176120638847351
12.17618703842163
12.176237106323242
12.17628562450409
12.176341533660889
12.17638909816742
12.614256978034973
12.614310503005981
12.614358067512512
12.614404559135437
12.6144540309906
12.614498972892761
12.614552021026611
12.614598035812378
12.54691994190216
12.546974539756775
12.547021389007568
12.547067046165466
12.54711103439331
12.547155499458313
12.547205924987793
12.547250986099243
12.732645511627197
12.732698917388916
12.732744574546814
12.73278796672821
12.732831597328186
12.732874035835266
12.732922554016113
12.732967019081116
12.688288450241089
12.688345551490784
12.688395500183105
12.688443422317505
12.688490509986877
12.688537001609802
12.68859052658081
12.688639044761658
12.622422933578491
12.622478604316711
12.622527003288269
12.622573971748352
12.622619986534119
12.622665524482727
12.622719049453735
12.622766017913818
13.06459093093872
13.064645528793335
13.064692974090576
13.064737558364868
13.064781546592712
13.064826011657715
13.064879059791565
13.064924001693726
12.526926398277283
12.526980996131897
12.527029395103455
12.52707588672638
12.527121424674988
12.527166366577148
12.527217984199524
12.52726399898529
12.99210000038147
12.992154002189636
12.992201566696167
12.992246508598328
12.992291450500488
12.992336392402649
12.99238646030426
12.992432475090027
12.847790122032166
12.847843527793884
12.847894549369812
12.847939014434814
12.847983598709106
12.84802758693695
12.848077535629272
12.848125576972961
12.801215410232544
12.801272511482239
12.801321983337402
12.801370024681091
12.801416039466858
12.801462531089783
12.801518440246582
12.801567912101746
12.743255019187927
12.743309497833252
12.743368983268738
12.743413925170898
12.743458986282349
12.74350357055664
12.743554472923279
12.743600487709045
12.682363629341125
12.682420134544373
12.68246853351593
12.682515025138855
12.682560443878174
12.682606101036072
12.682657599449158
12.68270456790924
12.62032401561737
12.62038803100586
12.620448589324951
12.62050747871399
12.620577573776245
12.620646476745605
12.620707035064697
12.62075650691986
12.561683416366577
12.561738014221191
12.56178593635559
12.56183135509491
12.56187641620636
12.561922430992126
12.56197452545166
12.562020540237427
12.496517062187195
12.49656856060028
12.496614575386047
12.496660470962524
12.496735572814941
12.496783018112183
12.496836066246033
12.49688196182251
12.431687474250793
12.431740880012512
12.431786894798279
12.431830883026123
12.431874513626099
12.431918025016785
12.431976437568665
12.432054877281189
12.385812520980835
12.385867595672607
12.385921597480774
12.385969638824463
12.386016130447388
12.386064648628235
12.386117100715637
12.386164665222168
12.314410090446472
12.31446397304535
12.31451153755188
12.314557552337646
12.314606547355652
12.31465196609497
12.314704060554504
12.314751029014587
13.146679162979126
13.146732091903687
13.146778583526611
13.146832942962646
13.14687705039978
13.14691960811615
13.146969079971313
13.147014141082764
13.098157525062561
13.098215579986572
13.09826648235321
13.098315477371216
13.098363518714905
13.098410606384277
13.098465085029602
13.098514556884766
13.035695433616638
13.035750985145569
13.035800457000732
13.035846948623657
13.035904049873352
13.035948991775513
13.036000490188599
13.036047458648682
12.978025555610657
12.978080987930298
12.978129982948303
12.978179574012756
12.978229999542236
12.978274941444397
12.97832703590393
12.978377103805542
12.918631911277771
12.918686032295227
12.918732404708862
12.918777465820312
12.918820977210999
12.918864488601685
12.918913960456848
12.918959975242615
12.872400999069214
12.872456550598145
12.872505903244019
12.872553944587708
12.872600436210632
12.872647404670715
12.872700452804565
12.872748374938965
12.813342928886414
12.813398480415344
12.813446998596191
12.813493013381958
12.813539028167725
12.813583016395569
12.813634514808655
12.813680410385132
12.752251505851746
12.75230586528778
12.752354979515076
12.752400994300842
12.752446413040161
12.75249195098877
12.75254487991333
12.752591967582703
12.701744437217712
12.701800465583801
12.701849460601807
12.701896905899048
12.702407479286194
12.702457904815674
12.702517986297607
12.702566981315613
12.64320993423462
12.643265008926392
12.6433185338974
12.643380522727966
12.643441081047058
12.643489956855774
12.64354407787323
12.643591523170471
12.570258498191833
12.5703125
12.570361137390137
12.570407032966614
12.570452570915222
12.570497035980225
12.570550441741943
12.570598602294922
13.161802649497986
13.161858558654785
13.161906480789185
13.161953091621399
13.162023067474365
13.162072539329529
13.162122011184692
13.162168622016907
13.816124439239502
13.816249370574951
13.816304922103882
13.816367506980896
13.816499471664429
13.816551446914673
13.816600918769836
13.816647410392761
13.758350491523743
13.7584068775177
13.758455991744995
13.75850236415863
13.758548974990845
13.758615493774414
13.758669376373291
13.758716940879822
13.812844395637512
13.813018441200256
13.813076972961426
13.81312608718872
13.813198566436768
13.813302040100098
13.813381433486938
13.813444972038269
13.790387988090515
13.790444016456604
13.790492534637451
13.790538549423218
13.790584444999695
13.790629506111145
13.790674448013306
13.790719509124756
13.7277010679245
13.727758049964905
13.727807521820068
13.72785496711731
13.727900981903076
13.727949500083923
13.72799551486969
13.728041529655457
13.650890946388245
13.650944948196411
13.650991439819336
13.651036858558655
13.651081442832947
13.651128888130188
13.651173949241638
13.651219010353088
13.567952513694763
13.568004608154297
13.56805145740509
13.56809651851654
13.56814157962799
13.568185448646545
13.56822955608368
13.568274021148682
13.514244079589844
13.514300465583801
13.514354467391968
13.514402031898499
13.514448523521423
13.514494061470032
13.514540433883667
13.514585494995117
13.735690951347351
13.73574447631836
13.735795974731445
13.735842943191528
13.735888481140137
13.735934019088745
13.735978484153748
13.736023545265198
13.950861930847168
13.950915455818176
13.95096242427826
13.951010465621948
13.951094508171082
13.951142430305481
13.95118796825409
13.951232433319092
13.895174980163574
13.895229458808899
13.895278930664062
13.895326495170593
13.89537250995636
13.895418524742126
13.895476937294006
13.895523071289062
13.639340043067932
13.639394044876099
13.639458537101746
13.639515995979309
13.63956344127655
13.639609575271606
13.639654040336609
13.6396986246109
13.473491430282593
13.473543405532837
13.473589897155762
13.473634481430054
13.473690390586853
13.473732948303223
13.473775386810303
13.473825931549072
13.427116990089417
13.4271719455719
13.427220463752747
13.427266478538513
13.427312016487122
13.42735743522644
13.42740249633789
13.427447438240051
13.367452144622803
13.367505073547363
13.36755108833313
13.36759603023529
13.367640614509583
13.367684602737427
13.367728114128113
13.367772102355957
13.623237490653992
13.623290061950684
13.623337626457214
13.623382568359375
13.623427510261536
13.62347161769867
13.623515605926514
13.623560190200806
13.314720392227173
13.314775466918945
13.314824938774109
13.314872026443481
13.314918398857117
13.314965009689331
13.31501042842865
13.315056920051575
13.25042462348938
13.250479102134705
13.250526547431946
13.25057315826416
13.25062108039856
13.250666618347168
13.250715136528015
13.25075912475586
13.185030579566956
13.18508505821228
13.185132503509521
13.185180068016052
13.185225486755371
13.185270071029663
13.185314536094666
13.185359001159668
13.117895007133484
13.11794900894165
13.117999911308289
13.118045091629028
13.118093013763428
13.118136525154114
13.1181800365448
13.118223547935486
13.044188976287842
13.044241428375244
13.044291973114014
13.044335842132568
13.044379472732544
13.044422388076782
13.04446542263031
13.04450786113739
13.413524985313416
13.413576006889343
13.413620471954346
13.413663029670715
13.41370439529419
13.413745999336243
13.413789987564087
13.413831949234009
13.437983512878418
13.438034057617188
13.43807852268219
13.438121557235718
13.438166499137878
13.438209056854248
13.438249945640564
13.43829095363617
13.811314940452576
13.811370491981506
13.811417579650879
13.811463952064514
13.811518430709839
13.811562538146973
13.811607003211975
13.811650514602661
13.747594475746155
13.747647643089294
13.74769413471222
13.747738599777222
13.747783064842224
13.74782657623291
13.747869610786438
13.747912645339966
13.773866653442383
13.773924589157104
13.773974537849426
13.774023056030273
13.774069666862488
13.774116039276123
13.774162650108337
13.774209022521973
13.708784461021423
13.708838939666748
13.70888888835907
13.708936929702759
13.708983421325684
13.709029912948608
13.709075927734375
13.7091224193573
13.649056911468506
13.649109482765198
13.649156928062439
13.649202466011047
13.649248003959656
13.649292469024658
13.649337530136108
13.64938199520111
13.590599536895752
13.590656399726868
13.590709924697876
13.590757012367249
13.590802907943726
13.590850472450256
13.590896010398865
13.590941071510315
13.526843070983887
13.52689814567566
13.5269455909729
13.526990532875061
13.527035593986511
13.527079582214355
13.527123212814331
13.527167081832886
13.4832044839859
13.483261942863464
13.483311891555786
13.483359932899475
13.4834064245224
13.483452916145325
13.48349940776825
13.483545541763306
13.426308631896973
13.42636501789093
13.426415085792542
13.426462531089783
13.426509618759155
13.426556587219238
13.426603078842163
13.426648497581482
13.359120965003967
13.359174013137817
13.359220504760742
13.359265446662903
13.359317421913147
13.359362959861755
13.3594069480896
13.359450936317444
13.97342300415039
13.973482012748718
13.973533511161804
13.973585963249207
13.973636507987976
13.973683476448059
13.973729968070984
13.97377598285675
13.916273474693298
13.916331052780151
13.916382431983948
13.916430473327637
13.916476488113403
13.91652500629425
13.916595935821533
13.91664743423462
13.837766408920288
13.837819933891296
13.837866425514221
13.837911009788513
13.837954998016357
13.837998509407043
13.838043451309204
13.838086485862732
13.756136536598206
13.756190538406372
13.756238460540771
13.756285548210144
13.75633156299591
13.75637698173523
13.756422996520996
13.756468057632446
14.359382033348083
14.359449028968811
14.359521389007568
14.359581470489502
14.359629511833191
14.35967755317688
14.359722971916199
14.35976755619049
14.316614508628845
14.316671013832092
14.316740036010742
14.316789388656616
14.316835522651672
14.316880464553833
14.31692898273468
14.316973567008972
14.129627466201782
14.129682540893555
14.12973153591156
14.12977945804596
14.129826426506042
14.129872918128967
14.12992000579834
14.129966378211975
14.07444453239441
14.074499607086182
14.074548602104187
14.074594974517822
14.07464051246643
14.074686050415039
14.07475459575653
14.074804067611694
14.012200951576233
14.0122549533844
14.012304544448853
14.012349963188171
14.01239550113678
14.012439966201782
14.012483954429626
14.01252794265747
13.950973868370056
13.951026916503906
13.951074004173279
13.95111894607544
13.951163411140442
13.951207518577576
13.95125150680542
13.951298952102661
13.889153003692627
13.88923704624176
13.889283061027527
13.889326930046082
13.88936996459961
13.88941240310669
13.889455080032349
13.889497518539429
13.82663607597351
13.826687455177307
13.826732516288757
13.826775550842285
13.826837539672852
13.82688558101654
13.826930046081543
13.826972484588623
13.778827548027039
13.778882503509521
13.77893054485321
13.778977036476135
13.779022455215454
13.779067516326904
13.779112458229065
13.779157042503357
13.71760356426239
13.717657446861267
13.717706561088562
13.71775197982788
13.717796921730042
13.717842102050781
13.717886447906494
13.717930436134338
13.666711449623108
13.66676652431488
13.666815996170044
13.66686487197876
13.66691243648529
13.666959404945374
13.667006492614746
13.667052984237671
13.601604461669922
13.601658940315247
13.601711869239807
13.601759433746338
13.601806044578552
13.60185194015503
13.601897954940796
13.601943969726562
14.058847904205322
14.058902382850647
14.058954000473022
14.0589998960495
14.05904495716095
14.059089422225952
14.059133410453796
14.05917751789093
13.97597849369049
13.976029515266418
13.976075410842896
13.976119995117188
13.976163983345032
13.976207971572876
13.976251006126404
13.976294040679932
14.350080013275146
14.35013210773468
14.350178599357605
14.350222110748291
14.35026502609253
14.350307583808899
14.35034954547882
14.350391507148743
14.304049491882324
14.304103970527649
14.30415153503418
14.304197907447815
14.304243087768555
14.304288506507874
14.304332971572876
14.30437695980072
14.247857451438904
14.24791145324707
14.247959971427917
14.248005032539368
14.248049974441528
14.24809443950653
14.248138427734375
14.248181939125061
14.207264423370361
14.207323551177979
14.207375526428223
14.20742404460907
14.207476496696472
14.207524061203003
14.207571029663086
14.207618117332458
14.151979565620422
14.15203607082367
14.152085065841675
14.152132987976074
14.152179598808289
14.152225136756897
14.152270555496216
14.152316093444824
14.097442030906677
14.09749948978424
14.097549080848694
14.097596049308777
14.097643494606018
14.097690463066101
14.09773588180542
14.097781538963318
14.037346959114075
14.037402391433716
14.037450432777405
14.037495970726013
14.037540912628174
14.037585973739624
14.03762948513031
14.037673473358154
13.977529525756836
13.97758400440216
13.977631449699402
13.97767698764801
13.977721452713013
13.977765917778015
13.977841973304749
13.977892398834229
13.91368842124939
13.913742899894714
13.91378939151764
13.913833975791931
13.913877964019775
13.91392207145691
13.913971424102783
13.914140462875366
13.863296508789062
13.863354563713074
13.863404035568237
13.863450050354004
13.863494992256165
13.86354112625122
13.863585948944092
13.863634467124939
13.788117408752441
13.78817343711853
13.788230895996094
13.788297414779663
13.788369417190552
13.788418412208557
13.788488388061523
13.788538336753845
