2.3135794401168823
2.31363582611084
2.3137093782424927
2.313779830932617
2.313889980316162
2.313939929008484
2.3139889240264893
2.314057469367981
2.2947574853897095
2.2948399782180786
2.294892430305481
2.2949529886245728
2.295015573501587
2.295068860054016
2.295119524002075
2.2952665090560913
2.2409294843673706
2.241114020347595
2.241176962852478
2.2412344217300415
2.2412863969802856
2.241336464881897
2.241415500640869
2.2414729595184326
2.19096040725708
2.191046953201294
2.1911044120788574
2.19115948677063
2.1912119388580322
2.19126296043396
2.191313862800598
2.19136643409729
2.565516948699951
2.565574049949646
2.565624952316284
2.5656769275665283
2.565727472305298
2.5657764673233032
2.5658265352249146
2.5658740997314453
2.512090563774109
2.5121430158615112
2.5121899843215942
2.512235641479492
2.512281060218811
2.5123525857925415
2.5124045610427856
2.512450098991394
2.4935030937194824
2.493562936782837
2.4936150312423706
2.493668556213379
2.493799090385437
2.4938700199127197
2.4939290285110474
2.49398410320282
2.43633496761322
2.436394453048706
2.436445951461792
2.436497449874878
2.4365514516830444
2.436651349067688
2.436707854270935
2.436757445335388
2.376813530921936
2.3768725395202637
2.3769240379333496
2.3769755363464355
2.3770254850387573
2.3770750761032104
2.3771244287490845
2.377206563949585
2.321427583694458
2.321489930152893
2.321542978286743
2.3215965032577515
2.321671485900879
2.321725010871887
2.3217774629592896
2.321826457977295
2.6672415733337402
2.6673024892807007
2.667360544204712
2.667443037033081
2.6675000190734863
2.667552947998047
2.6676045656204224
2.6676560640335083
2.676739454269409
2.676800012588501
2.676851511001587
2.676903009414673
2.6769559383392334
2.677005410194397
2.677054524421692
2.6771035194396973
2.5924010276794434
2.5924575328826904
2.592507481575012
2.5925594568252563
2.592609405517578
2.592658042907715
2.5927064418792725
2.5927549600601196
2.5238929986953735
2.52396297454834
2.5240219831466675
2.524075508117676
2.524126887321472
2.524211049079895
2.524266004562378
2.524324417114258
2.48516309261322
2.485221028327942
2.485274076461792
2.4853296279907227
2.485383629798889
2.485434651374817
2.4854856729507446
2.485535979270935
2.8397079706192017
2.839767575263977
2.8398215770721436
2.839874505996704
2.8399335145950317
2.839985966682434
2.840036988258362
2.8400875329971313
2.8433380126953125
2.843393564224243
2.8434455394744873
2.8434959650039673
2.8435475826263428
2.8435970544815063
2.8436460494995117
2.8436955213546753
2.752441883087158
2.752497434616089
2.7525473833084106
2.752597451210022
2.7526473999023438
2.7526949644088745
2.7527424097061157
2.7527904510498047
2.7090405225753784
2.709106683731079
2.7091591358184814
2.7092130184173584
2.7092641592025757
2.7093125581741333
2.709360122680664
2.7094086408615112
2.652188539505005
2.652244448661804
2.6523029804229736
2.652351498603821
2.6524020433425903
2.6524490118026733
2.652496576309204
2.6525440216064453
2.5856289863586426
2.5856809616088867
2.585727572441101
2.585773468017578
2.5859440565109253
2.585996985435486
2.586045980453491
2.5860894918441772
2.9815704822540283
2.9816516637802124
2.981736660003662
2.9818166494369507
2.98188853263855
2.9819436073303223
2.9819926023483276
2.9821081161499023
2.920847535133362
2.9209026098251343
2.9209874868392944
2.9210569858551025
2.9211249351501465
2.9211714267730713
2.9212175607681274
2.9212634563446045
2.8797744512557983
2.8798290491104126
2.8798950910568237
2.879960060119629
2.8800145387649536
2.8800859451293945
2.8801385164260864
2.880193591117859
2.7993844747543335
2.7994476556777954
2.7995060682296753
2.7995625734329224
2.799650549888611
2.7997056245803833
2.79975962638855
2.799816608428955
3.1853660345077515
3.1854275465011597
3.1854790449142456
3.1855294704437256
3.185581088066101
3.1856285333633423
3.1856770515441895
3.185726523399353
3.1818939447402954
3.1819504499435425
3.1819989681243896
3.1820473670959473
3.1820969581604004
3.182142972946167
3.1821905374526978
3.182237386703491
3.0910898447036743
3.091143012046814
3.0911903381347656
3.091237425804138
3.091284394264221
3.0913280248641968
3.0913729667663574
3.091417908668518
3.0323739051818848
3.032430410385132
3.0324795246124268
3.0325294733047485
3.032580852508545
3.0326284170150757
3.032683849334717
3.032732844352722
2.987641930580139
2.9876984357833862
2.987746477127075
2.9877943992614746
2.9878684282302856
2.987918496131897
2.987967014312744
2.9880154132843018
2.9159289598464966
2.9159809350967407
2.9160269498825073
2.9160724878311157
2.916119933128357
2.916163921356201
2.916207432746887
2.916251540184021
2.849636435508728
2.8496878147125244
2.8497769832611084
2.8498233556747437
2.8498754501342773
2.849923849105835
2.8499714136123657
2.850035309791565
2.7953295707702637
2.7954100370407104
2.7954845428466797
2.795540928840637
2.7955915927886963
2.7957000732421875
2.795770525932312
2.7958179712295532
3.177327036857605
3.1773815155029297
3.1774505376815796
3.1775214672088623
3.177585482597351
3.177646517753601
3.1777015924453735
3.1777689456939697
3.21156907081604
3.211627960205078
3.2116795778274536
3.211732506752014
3.2117844820022583
3.2118324041366577
3.211882472038269
3.2119314670562744
3.1163989305496216
3.116458535194397
3.116504430770874
3.116550922393799
3.116597533226013
3.116641044616699
3.116685390472412
3.1167309284210205
3.0537384748458862
3.0537904500961304
3.0538355112075806
3.053881525993347
3.053929090499878
3.053970456123352
3.05401349067688
3.054057478904724
3.0141689777374268
3.0142379999160767
3.014356017112732
3.01441752910614
3.0144959688186646
3.0145394802093506
3.014631509780884
3.014714002609253
3.5095455646514893
3.5096170902252197
3.509670615196228
3.5097240209579468
3.5097755193710327
3.5098246335983276
3.5098766088485718
3.5099281072616577
3.467451572418213
3.4675105810165405
3.4675620794296265
3.4676135778427124
3.467684507369995
3.467736601829529
3.4677945375442505
3.4678460359573364
3.3948514461517334
3.394905924797058
3.394953966140747
3.3950024843215942
3.395082473754883
3.3951313495635986
3.395180344581604
3.3952308893203735
3.3380168676376343
3.338071823120117
3.338120460510254
3.3381699323654175
3.338215947151184
3.3382610082626343
3.3383114337921143
3.3383584022521973
3.227703094482422
3.227758049964905
3.227805495262146
3.227853536605835
3.227898955345154
3.2279715538024902
3.2280341386795044
3.2280831336975098
3.1998510360717773
3.1999049186706543
3.199954032897949
3.200002074241638
3.200047492980957
3.2000925540924072
3.2001689672470093
3.200220465660095
3.575552463531494
3.5756086111068726
3.57565701007843
3.575704574584961
3.57574999332428
3.575793981552124
3.5758410692214966
3.575888514518738
3.584190607070923
3.5842626094818115
3.5843095779418945
3.5843639373779297
3.584418535232544
3.5844805240631104
3.584529995918274
3.5845749378204346
3.488321542739868
3.4883774518966675
3.4884220361709595
3.4884644746780396
3.488503932952881
3.488574981689453
3.4886159896850586
3.4886984825134277
3.425976037979126
3.4260499477386475
3.4261139631271362
3.42616605758667
3.4262185096740723
3.426283597946167
3.426334023475647
3.4263964891433716
3.3976659774780273
3.397721529006958
3.39777934551239
3.397827386856079
3.3978724479675293
3.3979169130325317
3.3979638814926147
3.3980109691619873
3.3330800533294678
3.3331480026245117
3.3331960439682007
3.3332455158233643
3.3332910537719727
3.3333356380462646
3.3333840370178223
3.3334314823150635
3.748908042907715
3.7489724159240723
3.7490519285202026
3.7491180896759033
3.7491705417633057
3.749219536781311
3.7492741346359253
3.74932599067688
3.705080032348633
3.705141544342041
3.7051949501037598
3.7052470445632935
3.705296516418457
3.705345034599304
3.70542049407959
3.7054795026779175
3.6468645334243774
3.6469271183013916
3.6469806432724
3.64703106880188
3.6470786333084106
3.6471251249313354
3.647234082221985
3.6473090648651123
3.5886024236679077
3.5886690616607666
3.588892936706543
3.5890045166015625
3.5890575647354126
3.589106559753418
3.589158535003662
3.589208960533142
3.520496368408203
3.5205544233322144
3.5206074714660645
3.520685911178589
3.520755410194397
3.520854353904724
3.5209184885025024
3.520969867706299
3.456964373588562
3.457048535346985
3.457116961479187
3.457162380218506
3.457205891609192
3.4572484493255615
3.457324504852295
3.457379460334778
3.8347920179367065
3.8348459005355835
3.8349814414978027
3.835050940513611
3.8351049423217773
3.8351649045944214
3.835268497467041
3.835325837135315
3.875771403312683
3.8758283853530884
3.8758764266967773
3.8759219646453857
3.8759714365005493
3.8760160207748413
3.8760639429092407
3.8761134147644043
3.782061457633972
3.7821184396743774
3.7821658849716187
3.782210946083069
3.782255530357361
3.7822998762130737
3.78234601020813
3.782394528388977
3.715477466583252
3.7155399322509766
3.7155873775482178
3.7156314849853516
3.7156739234924316
3.7157163619995117
3.7157634496688843
3.7158104181289673
3.6901464462280273
3.6902074813842773
3.6902600526809692
3.690308928489685
3.69035804271698
3.690406084060669
3.6904760599136353
3.69053852558136
3.644137978553772
3.644199013710022
3.6442508697509766
3.64430034160614
3.6443488597869873
3.644397497177124
3.6444485187530518
3.644500494003296
3.5719025135040283
3.5719980001449585
3.5720545053482056
3.5721030235290527
3.5721499919891357
3.5722309350967407
3.572292447090149
3.572347402572632
3.6097885370254517
3.6098458766937256
3.6099175214767456
3.6099674701690674
3.610015034675598
3.6100869178771973
3.610137939453125
3.6101884841918945
3.5948084592819214
3.594899535179138
3.594954490661621
3.5950064659118652
3.595099449157715
3.5951504707336426
3.595202922821045
3.5952584743499756
3.677912473678589
3.677995443344116
3.6780664920806885
3.6781280040740967
3.678178906440735
3.678265929222107
3.678318500518799
3.6784005165100098
3.553416132926941
3.5534740686416626
3.553523540496826
3.553571581840515
3.553648591041565
3.553737163543701
3.5538350343704224
3.553908109664917
3.9753154516220093
3.975376009941101
3.9754414558410645
3.975490927696228
3.975538492202759
3.9755859375
3.9756369590759277
3.9756884574890137
3.9973338842391968
3.997391939163208
3.9974414110183716
3.9974894523620605
3.9975359439849854
3.9975823163986206
3.9976329803466797
3.9976829290390015
3.9380040168762207
3.938081979751587
3.938133478164673
3.938217520713806
3.9382699728012085
3.938318610191345
3.938445568084717
3.9385305643081665
3.947517991065979
3.947574019432068
3.947622060775757
3.9476906061172485
3.9477360248565674
3.947780966758728
3.947829008102417
3.9478780031204224
4.002532005310059
4.002588987350464
4.002676963806152
4.0027220249176025
4.002764582633972
4.002805948257446
4.002869486808777
4.0029144287109375
4.331470012664795
4.331531405448914
4.3315805196762085
4.331662535667419
4.331716418266296
4.331765413284302
4.331818461418152
4.331866979598999
4.345981121063232
4.3460365533828735
4.346088647842407
4.346134543418884
4.346180558204651
4.346238017082214
4.346299171447754
4.346348524093628
4.273700952529907
4.273761034011841
4.273812532424927
4.27386200428009
4.273911476135254
4.273959994316101
4.274012923240662
4.274061441421509
4.229774117469788
4.229953646659851
4.230013608932495
4.230064511299133
4.230112552642822
4.230161070823669
4.230212211608887
4.230293154716492
4.163691401481628
4.163752555847168
4.1638230085372925
4.163878440856934
4.163928389549255
4.163976430892944
4.164026975631714
4.164074540138245
4.467191934585571
4.467279553413391
4.467328071594238
4.467373013496399
4.467449426651001
4.467498540878296
4.4675445556640625
4.467592000961304
4.483898639678955
4.483955025672913
4.484002590179443
4.484065055847168
4.484127044677734
4.4841755628585815
4.484221577644348
4.4842671155929565
4.391920566558838
4.391984939575195
4.392035007476807
4.392084956169128
4.392131090164185
4.392175912857056
4.392225027084351
4.392314434051514
4.33306097984314
4.33311653137207
4.333163022994995
4.33320951461792
4.333253979682922
4.333298563957214
4.333343029022217
4.3333868980407715
4.271098971366882
4.27116596698761
4.271213889122009
4.271270394325256
4.271329998970032
4.271371364593506
4.271468997001648
4.271512985229492
4.600836515426636
4.6009944677352905
4.601047039031982
4.601112127304077
4.601205110549927
4.601270079612732
4.601319074630737
4.601365566253662
4.614567995071411
4.614621043205261
4.614668011665344
4.614712953567505
4.614758491516113
4.6148035526275635
4.614851951599121
4.614897012710571
4.522301077842712
4.5223610401153564
4.522410988807678
4.522459030151367
4.522544503211975
4.522605061531067
4.522655963897705
4.522704005241394
4.484858989715576
4.484915494918823
4.484965085983276
4.485013484954834
4.485061883926392
4.485109448432922
4.485203504562378
4.485257029533386
4.4314048290252686
4.431460976600647
4.431509971618652
4.431557893753052
4.431603908538818
4.431649446487427
4.431695461273193
4.43174135684967
4.307353615760803
4.307405114173889
4.307450532913208
4.307494044303894
4.30755352973938
4.307597517967224
4.307641983032227
4.307685136795044
4.356766104698181
4.356821060180664
4.356869101524353
4.356916069984436
4.356961607933044
4.357010006904602
4.357056021690369
4.357105612754822
4.365795016288757
4.365847826004028
4.365939974784851
4.365991830825806
4.36603844165802
4.366092920303345
4.366147875785828
4.3661949634552
4.232214570045471
4.232273459434509
4.232321500778198
4.232367396354675
4.2324124574661255
4.2324570417404175
4.23250150680542
4.232547044754028
4.209809899330139
4.209869861602783
4.20991587638855
4.209960460662842
4.210004448890686
4.21013343334198
4.210212826728821
4.210264444351196
4.195164442062378
4.1952080726623535
4.195248126983643
4.195286512374878
4.195325016975403
4.1953630447387695
4.195441961288452
4.195487976074219
4.300740003585815
4.300851464271545
4.300897479057312
4.300940036773682
4.3009819984436035
4.301080942153931
4.301146984100342
4.301189422607422
4.242147445678711
4.242198944091797
4.242246985435486
4.242311954498291
4.242354989051819
4.242396950721741
4.242438912391663
4.242480993270874
4.335022449493408
4.335099458694458
4.335149049758911
4.335194945335388
4.335240006446838
4.335283875465393
4.335328936576843
4.335373520851135
4.286633610725403
4.286693453788757
4.286746978759766
4.286798477172852
4.286852478981018
4.286906957626343
4.286962985992432
4.287055969238281
4.322122097015381
4.3222129344940186
4.322285056114197
4.322351574897766
4.322402000427246
4.32245147228241
4.322499990463257
4.322548031806946
4.337063550949097
4.337122559547424
4.337246537208557
4.337306976318359
4.337360501289368
4.3374340534210205
4.337509989738464
4.337562441825867
4.364829063415527
4.364913105964661
4.364966511726379
4.365013957023621
4.36506450176239
4.365110516548157
4.365216493606567
4.365270495414734
4.348675966262817
4.348726987838745
4.348809480667114
4.348878502845764
4.3489285707473755
4.348974943161011
4.349020957946777
4.349066495895386
4.388478994369507
4.38852846622467
4.388607501983643
4.388664960861206
4.388711929321289
4.388756990432739
4.388801455497742
4.388845443725586
4.290890574455261
4.290940046310425
4.290984034538269
4.2910261154174805
4.2910754680633545
4.29111909866333
4.291159510612488
4.291200518608093
4.3012144565582275
4.3012624979019165
4.301304936408997
4.301347017288208
4.301387548446655
4.301427960395813
4.30146849155426
4.301508545875549
4.3006590604782104
4.300708532333374
4.300752520561218
4.300815105438232
4.300862073898315
4.3009055852890015
4.30095112323761
4.30100154876709
4.506241083145142
4.506292104721069
4.506336092948914
4.506379127502441
4.506420016288757
4.5064616203308105
4.506543040275574
4.506591081619263
4.366422533988953
4.366466403007507
4.36651349067688
4.3665629625320435
4.366600513458252
4.366657018661499
4.366708517074585
4.366765975952148
4.39818000793457
4.398236393928528
4.398285388946533
4.398332953453064
4.398380994796753
4.398442983627319
4.3984904289245605
4.398568391799927
4.502419471740723
4.502477049827576
4.502526521682739
4.502575039863586
4.502680063247681
4.502732992172241
4.502781987190247
4.502830505371094
4.5453479290008545
4.545400977134705
4.5454490184783936
4.545495510101318
4.545542001724243
4.545587062835693
4.54563307762146
4.545678496360779
4.455590486526489
4.455644488334656
4.455695033073425
4.455742120742798
4.455787420272827
4.455832481384277
4.4558775424957275
4.4559565782547
4.436492919921875
4.436545968055725
4.436593055725098
4.436638593673706
4.436683535575867
4.436728000640869
4.436772584915161
4.436816453933716
4.547340631484985
4.547400593757629
4.547448992729187
4.54749608039856
4.547541975975037
4.547593474388123
4.547643542289734
4.547692060470581
4.495116949081421
4.4951653480529785
4.495208978652954
4.495251417160034
4.495300889015198
4.4953453540802
4.495386362075806
4.495426416397095
4.560659408569336
4.56070351600647
4.5607523918151855
4.5608038902282715
4.5608439445495605
4.560954928398132
4.561006426811218
4.5610469579696655
4.596062064170837
4.596120595932007
4.596177577972412
4.596221089363098
4.596262454986572
4.5963040590286255
4.596344947814941
4.596386075019836
4.62063992023468
4.620697021484375
4.620739459991455
4.620780944824219
4.620821952819824
4.62086296081543
4.620903968811035
4.620944499969482
4.60867440700531
4.608720421791077
4.608760476112366
4.608799934387207
4.608838438987732
4.60894501209259
4.609026074409485
4.609068512916565
4.679617881774902
4.679691910743713
4.679741978645325
4.679788947105408
4.679834961891174
4.6798800230026245
4.679925560951233
4.679970383644104
4.709692597389221
4.709748983383179
4.709824562072754
4.7098774909973145
4.709925532341003
4.709984064102173
4.710030436515808
4.710076093673706
4.593841075897217
4.59389591217041
4.5939435958862305
4.593998432159424
4.594064950942993
4.5941139459609985
4.594163417816162
4.594209432601929
4.848504543304443
4.848564028739929
4.848612546920776
4.848659992218018
4.848706483840942
4.848761081695557
4.848804950714111
4.8488500118255615
4.64613950252533
4.646220088005066
4.646276950836182
4.646337032318115
4.646385550498962
4.646432042121887
4.646477580070496
4.6465229988098145
4.649893522262573
4.649945139884949
4.650032043457031
4.650102019309998
4.650189995765686
4.650241017341614
4.650292158126831
4.650338053703308
4.777277112007141
4.777356147766113
4.777416110038757
4.777458548545837
4.777498722076416
4.7775386571884155
4.777577638626099
4.777617573738098
4.716028928756714
4.716083407402039
4.716124892234802
4.7161654233932495
4.716204404830933
4.7162439823150635
4.716285943984985
4.716325998306274
4.551545977592468
4.551592588424683
4.551632523536682
4.551671504974365
4.551709532737732
4.551757454872131
4.551833987236023
4.551898956298828
4.5031609535217285
4.5032124519348145
4.503265380859375
4.503386974334717
4.503437519073486
4.503477931022644
4.503517031669617
4.503565430641174
4.55190646648407
4.551952958106995
4.5519939661026
4.552051067352295
4.55211341381073
4.5521605014801025
4.552201986312866
4.552241563796997
4.398456573486328
4.398509502410889
4.398557066917419
4.398632526397705
4.398683428764343
4.39879298210144
4.398841500282288
4.398887515068054
4.931762099266052
4.931816458702087
4.931865453720093
4.931911945343018
4.932014465332031
4.9320679903030396
4.932116508483887
4.932162523269653
4.713510990142822
4.713564515113831
4.713611483573914
4.713656544685364
4.713700532913208
4.713744521141052
4.713788032531738
4.713840007781982
4.59920859336853
4.599260091781616
4.599305033683777
4.599349021911621
4.599393010139465
4.599436044692993
4.599483489990234
4.59952700138092
4.485311508178711
4.4853644371032715
4.485412001609802
4.485458493232727
4.4855055809021
4.485550403594971
4.485595464706421
4.485639572143555
4.34466552734375
4.344719052314758
4.3447664976119995
4.344812512397766
4.344858527183533
4.34490704536438
4.344952464103699
4.344997048377991
4.520317554473877
4.520376086235046
4.520423531532288
4.520470023155212
4.520514011383057
4.520557999610901
4.520601511001587
4.5206451416015625
4.875773549079895
4.875824928283691
4.875872492790222
4.87591552734375
4.875972032546997
4.876020550727844
4.87606406211853
4.876125454902649
4.752468585968018
4.752519965171814
4.752565383911133
4.752608418464661
4.752674460411072
4.752717018127441
4.752758979797363
4.752802491188049
4.718295454978943
4.718354940414429
4.718398451805115
4.718442440032959
4.718486428260803
4.718553423881531
4.718606948852539
4.718650937080383
4.7063446044921875
4.706413984298706
4.706467032432556
4.706514477729797
4.706565022468567
4.706604599952698
4.706650614738464
4.7067049741744995
4.97789454460144
4.977941036224365
4.977999567985535
4.978057026863098
4.978096008300781
4.97814154624939
4.9781941175460815
4.978240013122559
5.013810038566589
5.013877511024475
5.0139219760894775
5.0139994621276855
5.0140544176101685
5.01410698890686
5.014171361923218
5.014233469963074
4.823914051055908
4.823964595794678
4.824010491371155
4.824070572853088
4.824116468429565
4.824157476425171
4.824198603630066
4.824239492416382
4.743552565574646
4.743603587150574
4.743656039237976
4.74370801448822
4.743761658668518
4.743807554244995
4.743867993354797
4.743917465209961
4.606542587280273
4.606595039367676
4.606642484664917
4.606688976287842
4.60673451423645
4.606783032417297
4.606828570365906
4.606873631477356
5.036366105079651
5.036419987678528
5.036467552185059
5.036514639854431
5.036561012268066
5.036606550216675
5.036651015281677
5.036696076393127
4.8129390478134155
4.81299090385437
4.813037037849426
4.813081502914429
4.813124895095825
4.813169002532959
4.813215970993042
4.81325888633728
4.67199444770813
4.672051906585693
4.672095894813538
4.672138452529907
4.672179937362671
4.672220945358276
4.672277450561523
4.672318935394287
4.5447070598602295
4.544755578041077
4.544799566268921
4.5448421239852905
4.544908046722412
4.544952988624573
4.544995546340942
4.545037508010864
4.635265350341797
4.635314464569092
4.635357975959778
4.6353999376297
4.635441422462463
4.635482549667358
4.6355239152908325
4.6355650424957275
4.349255442619324
4.3493019342422485
4.349342465400696
4.349381446838379
4.349420428276062
4.349458456039429
4.34951651096344
4.349554896354675
5.004721999168396
5.004768967628479
5.00481104850769
5.004850506782532
5.004889488220215
5.004928112030029
5.004966974258423
5.005005478858948
5.214290499687195
5.214341998100281
5.214383482933044
5.214437961578369
5.2144775390625
5.214516997337341
5.214556455612183
5.214595556259155
5.201107501983643
5.201153039932251
5.2011940479278564
5.201242446899414
5.20129656791687
5.201335430145264
5.201375484466553
5.201414465904236
5.201498866081238
5.20155143737793
5.2015979290008545
5.201645374298096
5.201708436012268
5.201757431030273
5.201802372932434
5.201846957206726
5.0997234582901
5.099780917167664
5.099959969520569
5.10002589225769
5.100077509880066
5.100128889083862
5.100175499916077
5.10022246837616
5.364450931549072
5.364538908004761
5.364602565765381
5.3646509647369385
5.364696979522705
5.364742994308472
5.3647884130477905
5.364833950996399
5.236892938613892
5.236945867538452
5.23699688911438
5.237043380737305
5.237088918685913
5.237133860588074
5.237182974815369
5.237227439880371
5.540965557098389
5.541016578674316
5.541063070297241
5.541106581687927
5.541149973869324
5.541194558143616
5.541240096092224
5.541286110877991
5.421406030654907
5.421454071998596
5.421498656272888
5.4215404987335205
5.42158305644989
5.421625018119812
5.421666622161865
5.421707987785339
5.292717099189758
5.292769908905029
5.292815089225769
5.292858004570007
5.292906045913696
5.292956471443176
5.2929980754852295
5.293040037155151
5.342528581619263
5.342579007148743
5.342622518539429
5.342664957046509
5.342728018760681
5.342769026756287
5.3428109884262085
5.34285306930542
5.057156920433044
5.057217955589294
5.057263016700745
5.057305932044983
5.057352423667908
5.057394504547119
5.057460069656372
5.05751097202301
5.341992020606995
5.3420820236206055
5.342162013053894
5.342241048812866
5.342366456985474
5.3424201011657715
5.342468023300171
5.342515468597412
5.337472438812256
5.337534427642822
5.33759343624115
5.337639927864075
5.337684512138367
5.337728381156921
5.337782502174377
5.337826371192932
5.3999704122543335
5.400028824806213
5.400079369544983
5.400133490562439
5.400186896324158
5.400239944458008
5.400296926498413
5.400349855422974
5.328269004821777
5.3283480405807495
5.328395962715149
5.328441500663757
5.328487515449524
5.328532457351685
5.328577518463135
5.328622579574585
5.256786465644836
5.256844520568848
5.256895065307617
5.256942510604858
5.256989598274231
5.257036447525024
5.257089018821716
5.257135987281799
5.190720558166504
5.190778017044067
5.190829634666443
5.190878510475159
5.190933465957642
5.1909849643707275
5.191033601760864
5.191084504127502
5.33888053894043
5.338934898376465
5.33898389339447
5.339031934738159
5.339078903198242
5.339125871658325
5.339172005653381
5.339218974113464
6.0345618724823
6.0346163511276245
6.0346643924713135
6.034711956977844
6.034796833992004
6.0348594188690186
6.034908413887024
6.034959435462952
5.960654020309448
5.960709452629089
5.9607579708099365
5.9608060121536255
5.96085250377655
5.960898995399475
5.9609454870224
5.9609925746917725
5.91268002986908
5.91274356842041
5.912793517112732
5.912842512130737
5.91288959980011
5.912935972213745
5.913023591041565
5.913079023361206
5.815279483795166
5.815342545509338
5.815394997596741
5.815442085266113
5.815489053726196
5.815539002418518
5.815584063529968
5.8156315088272095
5.746585369110107
5.746712327003479
5.7467674016952515
5.746818423271179
5.746867418289185
5.746915936470032
5.746963977813721
5.747012376785278
5.727431893348694
5.72749400138855
5.727545499801636
5.7275954484939575
5.727649450302124
5.727698445320129
5.72774600982666
5.727794885635376
5.667215466499329
5.667287468910217
5.667338490486145
5.667386412620544
5.667434573173523
5.667482495307922
5.667530536651611
5.6675790548324585
5.918914437294006
5.9189759492874146
5.919047951698303
5.9191049337387085
5.919157385826111
5.919207453727722
5.919256925582886
5.919306397438049
6.283834457397461
6.283892035484314
6.283947110176086
6.283996105194092
6.284045100212097
6.284093618392944
6.284141540527344
6.284194588661194
6.220725059509277
6.220780968666077
6.220829486846924
6.220876932144165
6.220938086509705
6.220985531806946
6.221032619476318
6.221079111099243
6.448186993598938
6.448285937309265
6.448343992233276
6.448404431343079
6.448465943336487
6.448516011238098
6.448563575744629
6.44861102104187
6.457480072975159
6.457547068595886
6.457603573799133
6.457655072212219
6.457706093788147
6.4577555656433105
6.457804560661316
6.457853555679321
6.400544881820679
6.400619864463806
6.400670409202576
6.400718450546265
6.400765419006348
6.4008119106292725
6.400858521461487
6.400904417037964
6.376650094985962
6.376723051071167
6.376777529716492
6.376830101013184
6.376904606819153
6.376992106437683
6.377057075500488
6.377110481262207
6.375050067901611
6.375109076499939
6.375161051750183
6.375220537185669
6.375298619270325
6.375353097915649
6.375404000282288
6.375452995300293
7.382833480834961
7.38288950920105
7.382941007614136
7.382989525794983
7.383039474487305
7.3830870389938354
7.3831340074539185
7.3831809759140015
7.391460537910461
7.391529083251953
7.391582489013672
7.3916335105896
7.391684055328369
7.3917341232299805
7.391784071922302
7.391833066940308
7.32593846321106
7.32600200176239
7.32605254650116
7.326100945472717
7.326148986816406
7.326196074485779
7.32624351978302
7.326290011405945
7.266614556312561
7.266690015792847
7.266743540763855
7.2667930126190186
7.26684045791626
7.266888499259949
7.266939997673035
7.266991496086121
7.14436411857605
7.144428491592407
7.1444820165634155
7.144533157348633
7.144582509994507
7.144631505012512
7.144680023193359
7.1447285413742065
7.189574480056763
7.189638018608093
7.189689517021179
7.189742565155029
7.189792990684509
7.189843058586121
7.189894080162048
7.189949154853821
7.089249014854431
7.089308381080627
7.089360475540161
7.089411973953247
7.089461922645569
7.089510917663574
7.08955991268158
7.089608907699585
6.987403392791748
6.987460017204285
6.987512946128845
6.987561583518982
6.987608551979065
6.98765504360199
6.9877015352249146
6.987747550010681
6.937318444252014
6.937376976013184
6.9374284744262695
6.937478423118591
6.937528967857361
6.9375773668289185
6.937626004219055
6.937674522399902
7.8522069454193115
7.8522629737854
7.852311015129089
7.852357983589172
7.852403998374939
7.852449417114258
7.852494955062866
7.852544546127319
7.740395426750183
7.74045193195343
7.7405009269714355
7.740549921989441
7.740597486495972
7.740644454956055
7.7406909465789795
7.7407379150390625
7.6278510093688965
7.627907991409302
7.627959489822388
7.6280070543289185
7.628053545951843
7.628098964691162
7.628144979476929
7.628192067146301
7.494581580162048
7.494644045829773
7.494695067405701
7.494744539260864
7.494792461395264
7.494839549064636
7.494886636734009
7.494934558868408
8.106013536453247
8.106071472167969
8.106120944023132
8.106167912483215
8.10621440410614
8.106260895729065
8.106306910514832
8.106352925300598
7.9679824113845825
7.968038439750671
7.968090891838074
7.968139052391052
7.968187093734741
7.9682334661483765
7.968279480934143
7.9683250188827515
7.826988577842712
7.827046036720276
7.827095985412598
7.827144503593445
7.827191948890686
7.827239036560059
7.8272864818573
7.827337026596069
8.3011314868927
8.301187992095947
8.301237940788269
8.301286935806274
8.301334977149963
8.301382899284363
8.301430344581604
8.301477432250977
8.888266444206238
8.88832139968872
8.888370513916016
8.888418436050415
8.888465523719788
8.888512015342712
8.888559937477112
8.888606429100037
8.739063024520874
8.739117980003357
8.739166498184204
8.739212989807129
8.739259004592896
8.739304542541504
8.739349603652954
8.739394545555115
8.550255537033081
8.550309538841248
8.550357460975647
8.550403475761414
8.550453543663025
8.550499081611633
8.550544023513794
8.550589084625244
9.716117978096008
9.716171026229858
9.716217994689941
9.716264128684998
9.716309070587158
9.716354131698608
9.716399073600769
9.716443657875061
9.614020586013794
9.614081978797913
9.61412799358368
9.614171028137207
9.614213585853577
9.61425793170929
9.614300012588501
9.614341497421265
9.552083492279053
9.552142977714539
9.552196860313416
9.552259922027588
9.55231499671936
9.552379965782166
9.552432537078857
9.552507400512695
9.470889568328857
9.470942497253418
9.470988512039185
9.471034049987793
9.471093893051147
9.471137046813965
9.471179962158203
9.471223950386047
9.399524450302124
9.399582505226135
9.39963436126709
9.399685025215149
9.399734497070312
9.399784922599792
9.399842977523804
9.399892449378967
9.212920427322388
9.213006377220154
9.213062405586243
9.213111877441406
9.213160395622253
9.213208436965942
9.213255882263184
9.213302373886108
9.018123984336853
9.018179416656494
9.018229007720947
9.018277525901794
9.018324375152588
9.018372416496277
9.01841938495636
9.01846694946289
8.82652747631073
8.826582551002502
8.826631546020508
8.826678991317749
8.826725602149963
8.82677149772644
8.826817989349365
8.826863527297974
8.646977066993713
8.647030591964722
8.647079586982727
8.647125959396362
8.647172570228577
8.647218585014343
8.64726448059082
8.64730954170227
10.154119968414307
10.154169917106628
10.154213905334473
10.154256939888
10.154299020767212
10.154341459274292
10.154385924339294
10.154428482055664
10.07329797744751
10.073362946510315
10.073408007621765
10.073480367660522
10.073522448539734
10.073564887046814
10.073615431785583
10.07367742061615
9.954218983650208
9.954285502433777
9.954346418380737
9.954395055770874
9.954453945159912
9.95451307296753
9.954571008682251
9.954617977142334
9.76773452758789
9.767811894416809
9.76787543296814
9.767937421798706
9.767986536026001
9.768059968948364
9.768098950386047
9.768177509307861
9.646596074104309
9.646655082702637
9.646733522415161
9.646790981292725
9.646860480308533
9.646963953971863
9.64701247215271
9.647062420845032
9.473041534423828
9.473105072975159
9.473160028457642
9.473211526870728
9.473277568817139
9.473322033882141
9.473386526107788
9.473450541496277
9.303353428840637
9.30340838432312
9.303461909294128
9.303511381149292
9.303559422492981
9.303607940673828
9.303655862808228
9.303704023361206
9.068223118782043
9.068280100822449
9.068329095840454
9.06837809085846
9.068426489830017
9.068474054336548
9.06852114200592
9.068572044372559
10.263295531272888
10.263351917266846
10.263400554656982
10.263447523117065
10.263493537902832
10.263540029525757
10.263586044311523
10.263631582260132
10.1378755569458
10.13792896270752
10.137977480888367
10.138028502464294
10.1380854845047
10.138148427009583
10.138216972351074
10.138272404670715
10.004990458488464
10.005042433738708
10.005089044570923
10.005133509635925
10.005178451538086
10.005226016044617
10.005269408226013
10.005313038825989
9.613632559776306
9.613677620887756
9.613718032836914
9.613757133483887
9.61379849910736
9.613836646080017
9.613874077796936
9.613911509513855
9.385923027992249
9.386016607284546
9.386067032814026
9.386131525039673
9.386202454566956
9.386250019073486
9.386317014694214
9.386384010314941
9.662777066230774
9.66282856464386
9.662869095802307
9.66290807723999
9.662947058677673
9.66298508644104
9.663023114204407
9.663061499595642
9.45435106754303
9.454396605491638
9.454437017440796
9.45447552204132
9.454514145851135
9.454578518867493
9.454630494117737
9.454702019691467
9.64961850643158
9.64966893196106
9.649713516235352
9.649757027626038
9.649808526039124
9.64986252784729
9.649904489517212
9.649945974349976
10.63596248626709
10.636018991470337
10.636068940162659
10.636117458343506
10.636165499687195
10.636221051216125
10.636271476745605
10.63631796836853
10.517397165298462
10.517463564872742
10.517514705657959
10.517563581466675
10.517611145973206
10.517658114433289
10.517704606056213
10.517751097679138
10.375220537185669
10.375271677970886
10.375317573547363
10.375364065170288
10.375409007072449
10.375454068183899
10.375498533248901
10.375542998313904
10.222463488578796
10.22251558303833
10.222562551498413
10.222607970237732
10.22265350818634
10.222699046134949
10.222744464874268
10.222789525985718
10.08467710018158
10.084732055664062
10.084779500961304
10.084826469421387
10.084872007369995
10.084917068481445
10.084962010383606
10.085007548332214
9.615856528282166
9.615915060043335
9.615962028503418
9.616007447242737
9.616051435470581
9.61609661579132
9.616140007972717
9.616183996200562
9.403549075126648
9.403634548187256
9.403692483901978
9.403746008872986
9.40380048751831
9.403914451599121
9.403961420059204
9.404006004333496
10.212939500808716
10.213004350662231
10.213069915771484
10.213112950325012
10.213193416595459
10.213234901428223
10.213275790214539
10.213332891464233
10.059489607810974
10.059557557106018
10.059601068496704
10.059643626213074
10.05968451499939
10.059726119041443
10.059767007827759
10.059808611869812
9.865659952163696
9.865707993507385
9.865759015083313
9.865811467170715
9.865852355957031
9.865893006324768
9.865933895111084
9.865973949432373
10.643917918205261
10.643970489501953
10.644016981124878
10.64406144618988
10.644106030464172
10.644149422645569
10.644192934036255
10.644236445426941
10.51570451259613
10.515752077102661
10.515798568725586
10.515840530395508
10.5159010887146
10.51595401763916
10.515995025634766
10.516056060791016
10.391664505004883
10.391727566719055
10.391773462295532
10.391818046569824
10.39188301563263
10.391927003860474
10.391968965530396
10.392012000083923
10.257924556732178
10.258050560951233
10.258106112480164
10.25815200805664
10.258195996284485
10.258239030838013
10.258281588554382
10.25832450389862
10.073846936225891
10.0739004611969
10.073947429656982
10.073992848396301
10.074037909507751
10.07408595085144
10.074130892753601
10.074175477027893
9.853472113609314
9.853541612625122
9.853604555130005
9.853655099868774
9.85370409488678
9.853754043579102
9.853804469108582
9.853854537010193
9.828808903694153
9.828863382339478
9.828911900520325
9.828959941864014
9.829010963439941
9.829056859016418
9.829102873802185
9.829148888587952
9.61642849445343
9.616482615470886
9.616531014442444
9.6165771484375
9.61662209033966
9.61666715145111
9.616712093353271
9.616757035255432
9.318994045257568
9.319046020507812
9.319092631340027
9.319136619567871
9.319180607795715
9.319225072860718
9.31926965713501
9.319314002990723
9.057864546775818
9.057915091514587
9.057960510253906
9.05800461769104
9.058047533035278
9.058091044425964
9.058133482933044
9.05817699432373
8.748796582221985
8.74884808063507
8.74889349937439
8.748937606811523
8.74898111820221
8.749024510383606
8.749066472053528
8.749109625816345
8.983342409133911
8.983392477035522
8.983435988426208
8.98347795009613
8.9835205078125
8.983562111854553
8.983607530593872
8.98364806175232
10.078020572662354
10.078075528144836
10.078126430511475
10.078166007995605
10.078217506408691
10.078258514404297
10.078306555747986
10.078356504440308
9.857033014297485
9.857083559036255
9.857128500938416
9.857178449630737
9.857220530509949
9.85726261138916
9.857304096221924
9.857348561286926
9.651687979698181
9.651737689971924
9.651781558990479
9.651825547218323
9.651868104934692
9.651910066604614
9.651952147483826
9.651994109153748
10.643182873725891
10.643237471580505
10.643284916877747
10.643330931663513
10.643386363983154
10.643433928489685
10.643478989601135
10.643524408340454
10.513797998428345
10.51385247707367
10.51390254497528
10.51395046710968
10.513999581336975
10.514047980308533
10.514095902442932
10.51414406299591
10.3860604763031
10.386116027832031
10.386165022850037
10.386214137077332
10.386260509490967
10.38630759716034
10.386353611946106
10.386399507522583
10.224040508270264
10.22409451007843
10.224143028259277
10.224188566207886
10.224234580993652
10.224280595779419
10.224326491355896
10.224372506141663
9.988679051399231
9.988729476928711
9.988776087760925
9.988821506500244
9.988866448402405
9.988912463188171
9.988958597183228
9.98900592327118
9.688776969909668
9.688828587532043
9.68887448310852
9.688920021057129
9.688964128494263
9.689008116722107
9.689051508903503
9.689095139503479
9.428071022033691
9.428126573562622
9.428173422813416
9.42822003364563
9.428265452384949
9.42831289768219
9.428362488746643
9.42840850353241
9.132045030593872
9.132097005844116
9.132147073745728
9.132201671600342
9.132245659828186
9.132288575172424
9.132331609725952
9.132374167442322
8.87164556980133
8.871699929237366
8.871748447418213
8.871795535087585
8.871841430664062
8.87188708782196
8.871932983398438
8.871978044509888
8.826786041259766
8.826837420463562
8.826882481575012
8.82692551612854
8.82696795463562
8.82701051235199
8.827052474021912
8.827094554901123
9.499979972839355
9.500030875205994
9.500076055526733
9.500119924545288
9.500163435935974
9.500206470489502
9.50024938583374
9.500291466712952
9.23881447315216
9.238867044448853
9.238913416862488
9.238958477973938
9.239004015922546
9.239048480987549
9.239092946052551
9.239136934280396
8.932627439498901
8.932682991027832
8.932731032371521
8.932778477668762
8.932852506637573
8.932903051376343
8.932950973510742
8.932997941970825
10.216251969337463
10.216306447982788
10.216354012489319
10.216400623321533
10.216446042060852
10.216491460800171
10.216536521911621
10.216581463813782
10.01227605342865
10.012327671051025
10.012373566627502
10.012418627738953
10.012462615966797
10.012506604194641
10.012550115585327
10.012593150138855
9.91069209575653
9.910744071006775
9.910790085792542
9.910835027694702
9.910879135131836
9.91092300415039
9.910967111587524
9.911010503768921
11.130974411964417
11.131028056144714
11.131075024604797
11.1311194896698
11.13116455078125
11.131208419799805
11.131253004074097
11.131297945976257
10.97635304927826
10.97640609741211
10.976452112197876
10.976501941680908
10.976546049118042
10.976590037345886
10.976637959480286
10.976682543754578
10.850742936134338
10.850794911384583
10.850841999053955
10.850887894630432
10.85093343257904
10.850978016853333
10.851023435592651
10.851067900657654
10.73260235786438
10.732663869857788
10.732715010643005
10.732765913009644
10.732813835144043
10.73286235332489
10.732949376106262
10.733002424240112
10.580018401145935
10.580073952674866
10.580123543739319
10.58017086982727
10.580217957496643
10.580264925956726
10.580310940742493
10.580357551574707
10.357465624809265
10.357516527175903
10.357563018798828
10.357608556747437
10.357654094696045
10.357699513435364
10.357744097709656
10.357788562774658
9.304114580154419
9.30416452884674
9.30421006679535
9.3042551279068
9.304298996925354
9.30434250831604
9.304389476776123
9.304434061050415
9.163860559463501
9.163912534713745
9.163958430290222
9.16400396823883
9.164047956466675
9.164092063903809
9.164138436317444
9.164182543754578
9.347100019454956
9.347151041030884
9.347196459770203
9.347239971160889
9.347283482551575
9.347326874732971
9.347370028495789
9.347413420677185
9.04714548587799
9.047199010848999
9.047246098518372
9.047291994094849
9.04733693599701
9.047381520271301
9.047426581382751
9.047471523284912
10.213694453239441
10.213746905326843
10.21379292011261
10.213837385177612
10.213881969451904
10.213925838470459
10.213974952697754
10.214018940925598
11.022823929786682
11.022879004478455
11.022925972938538
11.022972583770752
11.023020505905151
11.023064970970154
11.023108959197998
11.023152470588684
10.78159749507904
10.781652569770813
10.781703472137451
10.781748533248901
10.781792998313904
10.781837463378906
10.78188145160675
10.7819265127182
10.571389555931091
10.571437001228333
10.57148003578186
10.571521043777466
10.571562051773071
10.571602463722229
10.571643114089966
10.57168447971344
10.365355491638184
10.365406513214111
10.365452527999878
10.365496516227722
10.365553975105286
10.365602970123291
10.365669012069702
10.365715026855469
10.183586120605469
10.183656454086304
10.183708429336548
10.18375849723816
10.183816075325012
10.183865547180176
10.18391501903534
10.18396508693695
9.97121810913086
9.971272587776184
9.971322178840637
9.971370577812195
9.971418142318726
9.971465587615967
9.971512079238892
9.971558570861816
9.705602645874023
9.705655694007874
9.705703139305115
9.70574963092804
9.70579969882965
9.705845594406128
9.705890536308289
9.705936074256897
9.645432949066162
9.645486116409302
9.645533084869385
9.645586013793945
9.645630121231079
9.645673990249634
9.64571750164032
9.645761609077454
10.146127462387085
10.146179914474487
10.14622688293457
10.14627194404602
10.146316409111023
10.146360993385315
10.14640498161316
10.146448850631714
9.872135043144226
9.87218701839447
9.872233033180237
9.872277975082397
9.872322082519531
9.872366547584534
9.872411012649536
9.872454643249512
9.56885850429535
9.5689115524292
9.568957567214966
9.569002509117126
9.569047570228577
9.569092035293579
9.569139122962952
9.569184064865112
9.305230140686035
9.305293560028076
9.305344581604004
9.305391073226929
9.305437088012695
9.305482625961304
9.305532574653625
9.305577635765076
8.946189999580383
8.946244478225708
8.946292996406555
8.946338891983032
8.946385383605957
8.946430444717407
8.946475982666016
8.946521401405334
10.880435466766357
10.880484938621521
10.880529522895813
10.880573034286499
10.880616545677185
10.880659461021423
10.880702495574951
10.880744457244873
10.664541125297546
10.664591550827026
10.664636015892029
10.664678454399109
10.664721012115479
10.6647629737854
10.664812088012695
10.66485345363617
10.475782990455627
10.475838422775269
10.475886940956116
10.475934028625488
10.475980877876282
10.476031064987183
10.476076483726501
10.476122498512268
10.50944185256958
10.509495973587036
10.509543895721436
10.50959038734436
10.509636402130127
10.509681820869446
10.509727358818054
10.509772896766663
10.285591006278992
10.285644054412842
10.285691499710083
10.285737037658691
10.285782933235168
10.285832524299622
10.28587794303894
10.285923480987549
10.319802641868591
10.319853067398071
10.319899082183838
10.319943070411682
10.319987058639526
10.320030570030212
10.320073008537292
10.320116519927979
11.506370902061462
11.506420373916626
11.50646436214447
11.506506443023682
11.506561875343323
11.506609439849854
11.506661415100098
11.506711959838867
11.359837532043457
11.359887599945068
11.35993206501007
11.359984040260315
11.36003863811493
11.360080003738403
11.360124111175537
11.360166072845459
11.225767493247986
11.22582745552063
11.22587251663208
11.22592556476593
11.225969076156616
11.226012110710144
11.226056098937988
11.226098895072937
10.995977997779846
10.996035099029541
10.996111035346985
10.996153593063354
10.996202945709229
10.996262550354004
10.996314525604248
10.996363520622253
10.842273354530334
10.84233045578003
10.842381358146667
10.84243094921112
10.842479825019836
10.842530012130737
10.842579364776611
10.842641830444336
10.033642530441284
10.03369951248169
10.033750057220459
10.033798456192017
10.033846974372864
10.033894538879395
10.033941984176636
10.033988952636719
9.947456955909729
9.947510480880737
9.947558403015137
9.94760549068451
9.947651505470276
9.947697520256042
9.947742581367493
9.94778847694397
11.432922005653381
11.432993412017822
11.433042049407959
11.433088541030884
11.43313443660736
11.433179497718811
11.433224558830261
11.433270573616028
11.212605476379395
11.212657928466797
11.212706446647644
11.212751984596252
11.2128005027771
11.21284556388855
11.212889552116394
11.212933540344238
11.014444470405579
11.014495968818665
11.01454246044159
11.014586925506592
11.014631509780884
11.014675974845886
11.014719486236572
11.014763951301575
10.781598448753357
10.781654000282288
10.781699061393738
10.781744003295898
10.781789898872375
10.781839966773987
10.78188943862915
10.781964898109436
10.709270000457764
10.709316968917847
10.709358930587769
10.709400534629822
10.70944094657898
10.724143505096436
10.72419798374176
10.724243402481079
11.789347529411316
11.78942096233368
11.789469003677368
11.789512991905212
11.789556503295898
11.78959858417511
11.789641499519348
11.789684534072876
11.647831439971924
11.647886872291565
11.647929072380066
11.647969961166382
11.648024082183838
11.648065567016602
11.648118019104004
11.648168444633484
11.507903456687927
11.50795304775238
11.50801396369934
11.508075952529907
11.508134484291077
11.508182406425476
11.508252024650574
11.508293509483337
11.355489015579224
11.355537056922913
11.355600476264954
11.355659484863281
11.355722546577454
11.355784058570862
11.35584557056427
11.355886459350586
11.158334493637085
11.158387899398804
11.158435463905334
11.15848195552826
11.158527493476868
11.158572912216187
11.158618569374084
11.158663511276245
10.847074389457703
10.847128868103027
10.847177863121033
10.847225427627563
10.847272872924805
10.847319483757019
10.84736943244934
10.84741997718811
10.554170966148376
10.55422294139862
10.554269433021545
10.554314017295837
10.554358005523682
10.554401993751526
10.554445505142212
10.554489016532898
10.28682804107666
10.286880016326904
10.286925077438354
10.286968469619751
10.287011504173279
10.287054061889648
10.287097096443176
10.287139415740967
9.608833909034729
9.608881950378418
9.608924984931946
9.608966946601868
9.609007954597473
9.609048843383789
9.609089374542236
9.609129428863525
10.310798525810242
10.310851573944092
10.310899496078491
10.310946941375732
10.310993552207947
10.311039447784424
10.311084985733032
10.311131477355957
10.075312495231628
10.075366497039795
10.075414538383484
10.075461506843567
10.075507998466492
10.0755535364151
10.07559847831726
10.075644493103027
10.009244918823242
10.009300947189331
10.009351372718811
10.0093994140625
10.00944697856903
10.00949490070343
10.009541511535645
10.009588479995728
9.830907583236694
9.830961465835571
9.831072092056274
9.831124544143677
9.831172466278076
9.83121907711029
9.831265091896057
9.831309914588928
11.293372511863708
11.293425559997559
11.29347312450409
11.29352355003357
11.293569087982178
11.293614506721497
11.293659090995789
11.29370403289795
11.085273504257202
11.085326075553894
11.085373520851135
11.085419058799744
11.08546507358551
11.085510015487671
11.085561037063599
11.08560597896576
12.590784430503845
12.590836524963379
12.590883016586304
12.590927481651306
12.590972542762756
12.5910165309906
12.591059923171997
12.59110403060913
12.466208577156067
12.466271996498108
12.466318964958191
12.466364026069641
12.466408014297485
12.466451525688171
12.466495513916016
12.466538548469543
12.336648941040039
12.336704969406128
12.336753964424133
12.336802005767822
12.336854457855225
12.336902976036072
12.336952567100525
12.336997509002686
12.180779457092285
12.180828928947449
12.180884957313538
12.180928468704224
12.180970907211304
12.181012988090515
12.18105435371399
12.1810964345932
12.051665425300598
12.05171251296997
12.051763534545898
12.051818013191223
12.05185842514038
12.05189847946167
12.051937580108643
12.051998496055603
11.903873920440674
11.903919458389282
11.90398097038269
11.904042482376099
11.904080986976624
11.9041188955307
11.904177904129028
11.904237389564514
11.782572031021118
11.782629013061523
11.782679915428162
11.782729506492615
11.782778024673462
11.782826542854309
11.782875418663025
11.782923936843872
11.583025932312012
11.583080530166626
11.58313000202179
11.583178043365479
11.58322548866272
11.583272933959961
11.583325028419495
11.583373069763184
11.331969976425171
11.332023978233337
11.332072496414185
11.332119464874268
11.332166075706482
11.332212567329407
11.332258582115173
11.332305073738098
11.041664481163025
11.041717410087585
11.041798949241638
11.041847944259644
11.041894555091858
11.041939854621887
11.041985869407654
11.042117953300476
10.757763981819153
10.757815957069397
10.757862448692322
10.757912516593933
10.757957458496094
10.758002519607544
10.758046388626099
10.75809097290039
10.489903569221497
10.489956498146057
10.490002989768982
10.49004852771759
10.490095496177673
10.490140438079834
10.490227937698364
10.490283489227295
10.185232520103455
10.185284972190857
10.18533205986023
10.18537700176239
10.18542206287384
10.18546748161316
10.185512065887451
10.185556530952454
9.879623174667358
9.879699110984802
9.879741668701172
9.87979805469513
9.87984013557434
9.87991201877594
9.879969596862793
9.880032539367676
9.738831520080566
9.738882064819336
9.73892605304718
9.738968014717102
9.739009976387024
9.739064931869507
9.73910653591156
9.739147543907166
9.685171484947205
9.685226082801819
9.685277581214905
9.685316920280457
9.685385465621948
9.685445070266724
9.685492992401123
9.685567021369934
9.622598528862
9.622653484344482
9.62269651889801
9.622738003730774
9.622786045074463
9.622831463813782
9.622891902923584
9.622932076454163
10.63257610797882
10.632630586624146
10.632678031921387
10.632724642753601
10.63277804851532
10.632823586463928
10.632869601249695
10.632915019989014
11.417935013771057
11.417992949485779
11.418048024177551
11.418097496032715
11.418146967887878
11.418195486068726
11.418262958526611
11.418312072753906
11.153051495552063
11.15310800075531
11.153156518936157
11.153203964233398
11.153249979019165
11.15329658985138
11.153342485427856
11.153388023376465
10.883656978607178
10.883710026741028
10.883756518363953
10.883802056312561
10.883846402168274
10.883890509605408
10.883936047554016
10.883980989456177
10.587462544441223
10.587512969970703
10.587559938430786
10.587620496749878
10.587677478790283
10.587724566459656
10.587769389152527
10.587813973426819
10.267500400543213
10.26757287979126
10.267622947692871
10.267670392990112
10.267716407775879
10.267762422561646
10.267807841300964
10.267853498458862
9.96251094341278
9.962561011314392
9.962606549263
9.962660431861877
9.962708473205566
9.962753057479858
9.962796926498413
9.962840557098389
9.799696922302246
9.799746990203857
9.799790501594543
9.799853444099426
9.799895405769348
9.799936532974243
9.799978017807007
9.800019979476929
9.842591524124146
9.842639565467834
9.842682003974915
9.84272289276123
9.842764019966125
9.842803955078125
9.842844486236572
9.842884540557861
10.992660999298096
10.992709517478943
10.992770552635193
10.99282443523407
10.99286699295044
10.992908596992493
10.992949962615967
10.99299156665802
12.033711552619934
12.033758521080017
12.033811450004578
12.033853530883789
12.033893942832947
12.033935904502869
12.033985376358032
12.03402841091156
11.829408049583435
11.829460501670837
11.82953405380249
11.829588055610657
11.8296480178833
11.829712510108948
11.829760074615479
11.829804539680481
11.60944938659668
11.60966432094574
11.609712362289429
11.609766960144043
11.60980999469757
11.609874963760376
11.609919428825378
11.609973430633545
11.304043054580688
11.304091572761536
11.30415654182434
11.30420196056366
11.304245591163635
11.304287552833557
11.304329514503479
11.30439305305481
11.004371404647827
11.00442087650299
11.004464387893677
11.00450587272644
11.004565358161926
11.004612922668457
11.004654884338379
11.004696369171143
10.740938544273376
10.741015076637268
10.741066694259644
10.741114139556885
10.741161584854126
10.741208672523499
10.741254568099976
10.7413010597229
10.438337445259094
10.438457489013672
10.438598871231079
10.438671469688416
10.438722848892212
10.4387708902359
10.43881642818451
10.438862442970276
10.203258156776428
10.203314661979675
10.203364491462708
10.203410029411316
10.203476071357727
10.203527092933655
10.203577160835266
10.203623056411743
10.006139636039734
10.006197094917297
10.00624704360962
10.006295084953308
10.00634515285492
10.006394028663635
10.006442070007324
10.006494641304016
10.607123494148254
10.60717499256134
10.607221484184265
10.607266545295715
10.607311010360718
10.607380032539368
10.607439041137695
10.607486963272095
11.052393078804016
11.052455067634583
11.052502036094666
11.052565574645996
11.052608489990234
11.052677035331726
11.052721619606018
11.05276358127594
10.754655003547668
10.754703521728516
10.754747986793518
10.75478994846344
10.754832029342651
10.754873514175415
10.754914402961731
10.754955530166626
10.463661909103394
10.463733911514282
10.463801980018616
10.463849902153015
10.463895440101624
10.463940024375916
10.463984370231628
10.46402895450592
10.166845440864563
10.166897416114807
10.166943907737732
10.16698944568634
10.167054295539856
10.16711938381195
10.167193412780762
10.167252898216248
10.128807067871094
10.128859519958496
10.128906488418579
10.128955125808716
10.129008054733276
10.129053592681885
10.129098534584045
10.129143476486206
10.114351511001587
10.114437580108643
10.114490032196045
10.114535927772522
10.114583492279053
10.114628076553345
10.114671468734741
10.114716053009033
11.395580887794495
11.395637035369873
11.395685911178589
11.395732998847961
11.395781397819519
11.395832896232605
11.395880937576294
11.395940899848938
11.353852033615112
11.353915929794312
11.353963971138
11.354010462760925
11.354060530662537
11.354106545448303
11.354151606559753
11.354197025299072
13.077236890792847
13.077288389205933
13.077333927154541
13.077378988265991
13.077423930168152
13.077468514442444
13.077512979507446
13.07755696773529
12.92454206943512
12.924594044685364
12.92464804649353
12.924691557884216
12.924734473228455
12.924777507781982
12.924819946289062
12.924862504005432
12.737136960029602
12.737194895744324
12.737244486808777
12.737291932106018
12.73733937740326
12.73738694190979
12.737434387207031
12.737481474876404
12.512216567993164
12.512271523475647
12.512319922447205
12.512367010116577
12.512414455413818
12.512460947036743
12.5125070810318
12.512553572654724
12.309492826461792
12.309547424316406
12.309593915939331
12.309638381004333
12.309682488441467
12.309727907180786
12.309775352478027
12.309818983078003
12.102930068969727
12.102986931800842
12.103036522865295
12.103085994720459
12.1031334400177
12.10318148136139
12.103228449821472
12.103278040885925
11.899425029754639
11.899479985237122
11.899528503417969
11.89957594871521
11.899623036384583
11.899669408798218
11.89971649646759
11.899762034416199
11.687855958938599
11.68791151046753
11.687960028648376
11.68800699710846
11.688053011894226
11.688100934028625
11.68814742565155
11.688193082809448
11.426788449287415
11.426841974258423
11.426888465881348
11.426937937736511
11.426982879638672
11.427034497261047
11.427078485488892
11.427122950553894
11.839556574821472
11.839609026908875
11.839656472206116
11.839704036712646
11.839752078056335
11.83980143070221
11.839851021766663
11.839900970458984
11.573018550872803
11.57307505607605
11.573124051094055
11.573172092437744
11.573218584060669
11.573265075683594
11.573312163352966
11.573357582092285
11.291436553001404
11.291496992111206
11.29154908657074
11.29159688949585
11.29164457321167
11.29169249534607
11.291738986968994
11.291785955429077
10.974546551704407
10.974600553512573
10.974645018577576
10.97469961643219
10.97474455833435
10.974787950515747
10.974830508232117
10.974884629249573
10.679645895957947
10.679712533950806
10.679776906967163
10.67982542514801
10.679872393608093
10.679921388626099
10.67996895313263
10.680042386054993
10.501625537872314
10.50168001651764
10.501728534698486
10.501776576042175
10.501824140548706
10.5018709897995
10.501917600631714
10.501964569091797
10.27281653881073
10.272868990898132
10.272919416427612
10.272965431213379
10.273011088371277
10.273056507110596
10.273101568222046
10.273146510124207
10.280996561050415
10.28104555606842
10.281089544296265
10.281131982803345
10.281174063682556
10.28121554851532
10.281257033348083
10.281298041343689
10.141241073608398
10.141289591789246
10.14133358001709
10.141375541687012
10.141416549682617
10.141457557678223
10.14149796962738
10.141538619995117
10.380789995193481
10.380839586257935
10.380886554718018
10.380929589271545
10.380972981452942
10.381014585494995
10.381056547164917
10.381098508834839
10.510436534881592
10.510484099388123
10.51052701473236
10.510569095611572
10.510610580444336
10.510679602622986
10.510721445083618
10.510764479637146
10.315296411514282
10.315351963043213
10.31540048122406
10.315467476844788
10.31551992893219
10.315567016601562
10.315612435340881
10.315662503242493
10.441681385040283
10.441738486289978
10.441787958145142
10.441836953163147
10.44188392162323
10.441931366920471
10.441977977752686
10.442028999328613
10.520696878433228
10.520764470100403
10.520817995071411
10.520869016647339
10.520918488502502
10.520967483520508
10.521016001701355
10.521065473556519
10.32467806339264
10.324734449386597
10.324812531471252
10.324874997138977
10.324925541877747
10.324974536895752
10.325021505355835
10.325069069862366
10.387722969055176
10.387774586677551
10.387821078300476
10.387867093086243
10.38791310787201
10.38795793056488
10.388003468513489
10.388048529624939
10.216650009155273
10.21670401096344
10.216750979423523
10.21679699420929
10.21684205532074
10.216886520385742
10.216935515403748
10.21697998046875
10.362695455551147
10.362748980522156
10.362794995307922
10.362839937210083
10.362883448600769
10.362927436828613
10.3629709482193
10.363013982772827
10.640315532684326
10.640363931655884
10.640418529510498
10.640460014343262
10.640500903129578
10.640542030334473
10.640609502792358
10.640655994415283
10.351977586746216
10.352024674415588
10.352066159248352
10.35212767124176
10.352167963981628
10.352216601371765
10.35226309299469
10.352326154708862
10.63275158405304
10.632804155349731
10.632843017578125
10.632899522781372
10.632938027381897
10.632984638214111
10.633035063743591
10.633074045181274
10.427191495895386
10.427273631095886
10.427321195602417
10.42738652229309
10.427439570426941
10.427481532096863
10.427539110183716
10.427583575248718
10.687162041664124
10.68722403049469
10.687278509140015
10.687332034111023
10.687387466430664
10.687442541122437
10.687522411346436
10.687580943107605
10.412236452102661
10.412291407585144
10.41234040260315
10.41238796710968
10.412434458732605
10.412481427192688
10.412527918815613
10.412574410438538
10.456527471542358
10.45658004283905
10.456626534461975
10.456671595573425
10.456718444824219
10.45676302909851
10.456807017326355
10.4568510055542
10.295209527015686
10.29526400566101
10.295313000679016
10.295363068580627
10.295413970947266
10.295459985733032
10.295506000518799
10.295551061630249
10.438854098320007
10.438907027244568
10.43895399570465
10.43899953365326
10.439045071601868
10.439089059829712
10.439133524894714
10.439178586006165
10.618910312652588
10.61896288394928
10.619012355804443
10.619057416915894
10.619115352630615
10.61915898323059
10.619201898574829
10.619243860244751
10.36314594745636
10.36319613456726
10.363248109817505
10.36330258846283
10.363344550132751
10.363407611846924
10.363448977470398
10.363491535186768
10.276746034622192
10.276796460151672
10.276862978935242
10.276906490325928
10.27695107460022
10.276996493339539
10.277039051055908
10.277082443237305
10.472045540809631
10.472113013267517
10.472175002098083
10.472214937210083
10.472272038459778
10.472333073616028
10.472371935844421
10.472420454025269
10.5171560049057
10.517206072807312
10.517252087593079
10.517296075820923
10.517339587211609
10.517383575439453
10.517427563667297
10.517470479011536
10.524716973304749
10.524768471717834
10.524815559387207
10.524870038032532
10.524930000305176
10.524974584579468
10.525018453598022
10.52509355545044
10.524465441703796
10.524526000022888
10.5245760679245
10.52462649345398
10.524674415588379
10.524723052978516
10.524771094322205
10.524818539619446
10.45910894870758
10.459162950515747
10.459211468696594
10.459258556365967
10.459305047988892
10.459350943565369
10.459397554397583
10.45944356918335
10.467411041259766
10.46746551990509
10.46751344203949
10.46756100654602
10.467607498168945
10.467685461044312
10.46773648262024
10.467784523963928
10.46034288406372
10.460394978523254
10.46044147014618
10.460485935211182
10.460530042648315
10.460573434829712
10.46061646938324
10.460659503936768
10.354364037513733
10.354413509368896
10.354457020759583
10.35450005531311
10.354542016983032
10.354583501815796
10.354628562927246
10.354681491851807
10.494502544403076
10.494571924209595
10.49463701248169
10.494690418243408
10.49473249912262
10.494781494140625
10.494842052459717
10.49489152431488
10.45797049999237
10.458032011985779
10.458077549934387
10.458123087882996
10.458166480064392
10.458211064338684
10.458255052566528
10.458298563957214
10.383191466331482
10.38324499130249
10.383323550224304
10.383368968963623
10.383414506912231
10.383459568023682
10.383503913879395
10.383558511734009
10.371327996253967
10.37139105796814
10.37145709991455
10.371500492095947
10.371552467346191
10.37161099910736
10.371653437614441
10.371704459190369
10.548454523086548
10.548505425453186
10.54854953289032
10.54861295223236
10.548654913902283
10.548719048500061
10.54876446723938
10.548808574676514
10.549530506134033
10.549586534500122
10.549635410308838
10.549683451652527
10.549729943275452
10.549776434898376
10.549822926521301
10.549870014190674
10.42954397201538
10.42960000038147
10.429651498794556
10.429698586463928
10.42974591255188
10.4298015832901
10.429876923561096
10.429950594902039
10.209349513053894
10.20940101146698
10.20944595336914
10.209505915641785
10.209548950195312
10.20959198474884
10.20967948436737
10.209748029708862
10.6676584482193
10.667728424072266
10.667781472206116
10.667837500572205
10.667888522148132
10.667930006980896
10.668010473251343
10.66808807849884
10.361685991287231
10.36174750328064
10.361802577972412
10.361858487129211
10.361914992332458
10.361969470977783
10.362022995948792
10.362075924873352
10.361654877662659
10.361711978912354
10.36176598072052
10.36181390285492
10.361860990524292
10.361907839775085
10.361958861351013
10.362005472183228
10.552468419075012
10.552526950836182
10.552591919898987
10.552646517753601
10.552709937095642
10.552752017974854
10.552802920341492
10.5528564453125
10.669979929924011
10.670031428337097
10.6700758934021
10.670119404792786
10.670162439346313
10.670204401016235
10.670255899429321
10.670298457145691
10.466808438301086
10.46686339378357
10.46691346168518
10.46696138381958
10.46700894832611
10.467056512832642
10.467103481292725
10.467151045799255
10.427298426628113
10.427353978157043
10.427403450012207
10.427451014518738
10.427497506141663
10.427543997764587
10.427590012550354
10.42763638496399
10.573470115661621
10.573553085327148
10.573615074157715
10.573664546012878
10.573736667633057
10.573800086975098
10.573848605155945
10.573894143104553
10.335817456245422
10.335874915122986
10.335919380187988
10.335988402366638
10.336040496826172
10.336112976074219
10.336161494255066
10.33620536327362
10.547177076339722
10.547233581542969
10.547311544418335
10.547363638877869
10.547412037849426
10.54745900630951
10.547507047653198
10.547554016113281
10.470943927764893
10.47102439403534
10.471075892448425
10.471123933792114
10.471169829368591
10.471215963363647
10.471260905265808
10.471306443214417
10.539784550666809
10.539862155914307
10.539928078651428
10.539970636367798
10.540029048919678
10.540074110031128
10.54012656211853
10.540168523788452
10.546169519424438
10.546247005462646
10.546302676200867
10.54636800289154
10.546410083770752
10.546465635299683
10.546513080596924
10.546567559242249
10.370240449905396
10.370293974876404
10.370340943336487
10.370386004447937
10.370430588722229
10.370484471321106
10.370530486106873
10.370575070381165
10.371329545974731
10.37138557434082
10.371435523033142
10.37148404121399
10.37153148651123
10.371579051017761
10.371625542640686
10.371673107147217
10.501904010772705
10.501959919929504
10.50200891494751
10.50205647945404
10.502110004425049
10.502155542373657
10.502200961112976
10.502246022224426
10.561350584030151
10.561405539512634
10.561455130577087
10.561504602432251
10.561551094055176
10.56160306930542
10.561649084091187
10.561692953109741
10.406475901603699
10.406530499458313
10.406574010848999
10.406615376472473
10.406656503677368
10.406697392463684
10.406737923622131
10.406778931617737
10.592578887939453
10.592627882957458
10.59268844127655
10.592752933502197
10.592795848846436
10.592846989631653
10.592903971672058
10.59295392036438
10.503520488739014
10.50357699394226
10.50362503528595
10.503672122955322
10.503718972206116
10.50376558303833
10.503812074661255
10.503860116004944
10.35832691192627
10.35838007926941
10.358428478240967
10.358474493026733
10.358518958091736
10.358563542366028
10.358607411384583
10.358651518821716
10.434857487678528
10.434913396835327
10.43496298789978
10.43501102924347
10.435058951377869
10.4351065158844
10.435153484344482
10.435200452804565
10.509436964988708
10.509491920471191
10.509540438652039
10.509614944458008
10.509673476219177
10.509721994400024
10.509769439697266
10.50981593132019
10.478719472885132
10.47877037525177
10.478821396827698
10.478867411613464
10.478917837142944
10.479000926017761
10.479053020477295
10.479102492332458
10.372932076454163
10.372983455657959
10.373029589653015
10.373074650764465
10.373118996620178
10.37316346168518
10.373207569122314
10.373252034187317
10.593942403793335
10.593995928764343
10.594042420387268
10.594087481498718
10.594131469726562
10.594175934791565
10.594219326972961
10.594262480735779
10.542459964752197
10.542510986328125
10.542556881904602
10.542600989341736
10.54264497756958
10.542688965797424
10.542733430862427
10.542779445648193
10.586477518081665
10.586528539657593
10.586573004722595
10.586616039276123
10.586666107177734
10.586707949638367
10.58674955368042
10.586791038513184
10.40417492389679
10.404234409332275
10.404282450675964
10.404329538345337
10.404383540153503
10.404424548149109
10.404465436935425
10.404509544372559
10.539519548416138
10.539592504501343
10.53965711593628
10.539704084396362
10.539770483970642
10.53984808921814
10.539901614189148
10.539969563484192
10.369823575019836
10.369911074638367
10.369961023330688
10.370020508766174
10.370071053504944
10.370110034942627
10.370157599449158
10.37022054195404
10.444840550422668
10.44491958618164
10.444971561431885
10.445021510124207
10.445070505142212
10.445119023323059
10.445167541503906
10.445218563079834
10.491886019706726
10.491950511932373
10.492003560066223
10.492053985595703
10.492103099822998
10.492151498794556
10.492200493812561
10.49224853515625
10.447266459465027
10.447322487831116
10.447372555732727
10.447420477867126
10.447467565536499
10.44751501083374
10.447566032409668
10.447623014450073
10.454259991645813
10.45431900024414
10.454365968704224
10.454410910606384
10.454455494880676
10.454500555992126
10.454544425010681
10.454588532447815
10.697994351387024
10.698045372962952
10.698092818260193
10.698137879371643
10.698183417320251
10.698227405548096
10.69827139377594
10.698315382003784
10.608465552330017
10.608519554138184
10.608567476272583
10.608615040779114
10.608663439750671
10.608713030815125
10.608762502670288
10.608811974525452
10.498521447181702
10.49857497215271
10.498646974563599
10.498697519302368
10.498743534088135
10.498788952827454
10.498832941055298
10.498877882957458
10.456623077392578
10.456671118736267
10.456713676452637
10.456756591796875
10.456798076629639
10.45684015750885
10.456881523132324
10.456923604011536
10.603943467140198
10.603995561599731
10.604041934013367
10.604086995124817
10.604130506515503
10.604174971580505
10.604242444038391
10.604290962219238
10.553282380104065
10.553332448005676
10.553387522697449
10.55343246459961
10.553475975990295
10.553519487380981
10.55358099937439
10.553624510765076
10.414922595024109
10.414974093437195
10.415039539337158
10.415104508399963
10.415168046951294
10.41521143913269
10.415256023406982
10.415299534797668
10.381365537643433
10.38143503665924
10.381481528282166
10.381533026695251
10.38157606124878
10.381619095802307
10.381661057472229
10.381704092025757
10.456557035446167
10.45661199092865
10.456661581993103
10.456709504127502
10.456756949424744
10.456805944442749
10.456853032112122
10.456900000572205
10.371846079826355
10.37190055847168
10.371953129768372
10.37200117111206
10.372048139572144
10.372094631195068
10.372140645980835
10.37218701839447
10.538524508476257
10.538578510284424
10.538626432418823
10.538673043251038
10.538718581199646
10.538763880729675
10.538813948631287
10.538860440254211
10.373180985450745
10.37323248386383
10.373279333114624
10.373323917388916
10.37336790561676
10.373411893844604
10.373454928398132
10.373498439788818
10.589284539222717
10.589335918426514
10.589381456375122
10.589426398277283
10.589470982551575
10.589514374732971
10.589558959007263
10.589602947235107
10.600597977638245
10.600652933120728
10.60070252418518
10.600753545761108
10.60080099105835
10.600847482681274
10.600894093513489
10.600952982902527
10.577965021133423
10.57801866531372
10.578075647354126
10.57812213897705
10.578171610832214
10.578217148780823
10.57826316356659
10.57830798625946
10.480605602264404
10.480659484863281
10.480706453323364
10.480751991271973
10.480797052383423
10.480842471122742
10.480887055397034
10.480931997299194
10.501365900039673
10.50142240524292
10.501481413841248
10.501529335975647
10.50157642364502
10.501622915267944
10.50166940689087
10.501715898513794
10.633512377738953
10.633566856384277
10.633616924285889
10.633662819862366
10.63370943069458
10.633755445480347
10.633800864219666
10.633871912956238
10.677818059921265
10.677873492240906
10.6779226064682
10.677969574928284
10.678016066551208
10.678064107894897
10.678110957145691
10.678157567977905
10.474300503730774
10.474354982376099
10.474403500556946
10.47444999217987
10.474496006965637
10.474542021751404
10.474591493606567
10.474637031555176
10.619430422782898
10.619483351707458
10.619529962539673
10.619575381278992
10.619619965553284
10.619664430618286
10.619709491729736
10.61975347995758
10.555007100105286
10.555063128471375
10.555111646652222
10.555158019065857
10.555204629898071
10.555250525474548
10.555295586585999
10.555341124534607
10.536069989204407
10.536127924919128
10.53617799282074
10.536226511001587
10.536274075508118
10.53632140159607
10.536368489265442
10.536415457725525
10.470025539398193
10.470080971717834
10.47013008594513
10.470178127288818
10.470224499702454
10.470271110534668
10.470325112342834
10.470370054244995
10.568057894706726
10.568111896514893
10.568158984184265
10.568204522132874
10.568249464035034
10.56829845905304
10.568344593048096
10.568389415740967
10.56775450706482
10.567807078361511
10.567855954170227
10.567903518676758
10.567952036857605
10.567999482154846
10.568050503730774
10.56810200214386
10.726178526878357
10.726233005523682
10.726281523704529
10.72632896900177
10.726386070251465
10.726431965827942
10.726478934288025
10.726526498794556
10.60711658000946
10.607168555259705
10.607215523719788
10.607261061668396
10.607305526733398
10.607350587844849
10.607395052909851
10.607439517974854
10.641151547431946
10.641212582588196
10.64126455783844
10.641314506530762
10.641364097595215
10.641409635543823
10.641455054283142
10.641499519348145
10.506922364234924
10.506989002227783
10.50704050064087
10.507089495658875
10.507136464118958
10.507184028625488
10.507231831550598
10.50729787349701
10.638110995292664
10.638162016868591
10.638211488723755
10.63826036453247
10.638304948806763
10.638348460197449
10.638391971588135
10.638435959815979
10.593743920326233
10.593796372413635
10.593843460083008
10.593889474868774
10.593933939933777
10.593979477882385
10.594023942947388
10.59406852722168
10.541964054107666
10.542018055915833
10.542065024375916
10.542110562324524
10.542155504226685
10.542199611663818
10.542245507240295
10.542290925979614
