-1.0
-1.0
462.5
-1.0
-1.0
221.5
-1.0
-1.0
-1.0
-1.0
412.5
-1.0
-1.0
193.0
-1.0
-1.0
-1.0
-1.0
362.5
-1.0
-1.0
143.0
-1.0
-1.0
-1.0
-1.0
332.5
-1.0
-1.0
100.0
-1.0
-1.0
-1.0
-1.0
282.5
-1.0
-1.0
85.0
-1.0
577.0
-1.0
-1.0
232.5
-1.0
-1.0
91.5
-1.0
538.5
-1.0
-1.0
209.0
-1.0
-1.0
103.0
-1.0
498.0
-1.0
-1.0
159.0
-1.0
-1.0
111.5
-1.0
457.0
-1.0
-1.0
121.0
-1.0
-1.0
111.5
-1.0
407.0
-1.0
-1.0
71.0
-1.0
-1.0
123.5
-1.0
372.0
-1.0
-1.0
73.5
-1.0
-1.0
123.5
552.5
322.0
-1.0
-1.0
73.5
-1.0
-1.0
134.5
502.5
279.5
-1.0
-1.0
83.0
-1.0
-1.0
134.5
497.5
229.5
-1.0
-1.0
83.0
-1.0
-1.0
134.5
447.5
179.5
-1.0
-1.0
92.0
-1.0
-1.0
154.0
405.0
148.5
-1.0
-1.0
100.0
547.5
-1.0
154.0
362.5
145.0
-1.0
-1.0
100.0
504.5
-1.0
158.5
324.0
153.5
-1.0
-1.0
111.0
454.5
-1.0
158.5
274.0
153.5
-1.0
-1.0
120.0
411.5
-1.0
166.5
243.0
163.5
-1.0
-1.0
127.5
361.5
-1.0
166.5
193.0
163.5
-1.0
-1.0
127.5
311.5
-1.0
179.0
143.0
171.0
-1.0
-1.0
116.5
266.5
-1.0
828.5
121.5
171.0
-1.0
-1.0
116.5
216.5
-1.0
786.5
121.5
171.0
-1.0
-1.0
123.5
174.0
-1.0
746.5
128.5
180.0
-1.0
-1.0
133.5
159.5
-1.0
701.5
139.0
198.0
-1.0
-1.0
874.0
159.5
-1.0
649.5
146.0
198.0
-1.0
-1.0
833.0
159.5
-1.0
611.5
146.0
198.0
-1.0
-1.0
790.0
168.0
-1.0
570.0
155.0
208.0
-1.0
-1.0
753.5
174.0
-1.0
530.0
163.5
215.0
-1.0
-1.0
723.5
180.0
-1.0
498.5
163.5
222.5
-1.0
-1.0
683.0
180.0
-1.0
457.0
163.5
233.5
-1.0
-1.0
633.0
187.0
-1.0
407.0
172.5
233.5
-1.0
-1.0
605.0
194.5
-1.0
379.5
172.5
241.5
-1.0
-1.0
546.5
200.5
574.0
388.0
172.5
251.5
-1.0
-1.0
514.0
200.5
537.5
405.5
194.5
251.5
-1.0
-1.0
464.0
200.5
487.5
405.5
194.5
251.5
-1.0
-1.0
429.0
204.5
437.5
418.0
201.0
259.0
-1.0
-1.0
390.0
204.5
391.0
407.0
201.0
259.0
-1.0
-1.0
430.0
217.0
1167.0
433.0
225.0
256.5
-1.0
-1.0
439.5
228.0
1074.0
441.5
225.0
264.5
-1.0
-1.0
447.0
228.0
980.0
450.5
233.0
264.5
-1.0
-1.0
455.5
232.0
889.5
459.5
233.0
277.5
-1.0
-1.0
455.0
232.0
811.0
463.5
241.0
277.5
-1.0
-1.0
443.0
239.5
776.5
444.0
240.0
288.5
789.5
-1.0
451.0
239.5
733.5
454.0
225.0
288.5
739.5
-1.0
451.0
239.5
683.5
454.0
225.0
288.5
689.5
-1.0
473.5
246.5
643.5
475.0
225.0
298.5
645.5
-1.0
479.0
246.5
593.5
480.5
233.0
298.5
612.0
-1.0
499.5
253.0
571.0
500.0
247.5
308.5
573.0
-1.0
510.5
253.0
528.5
512.5
257.0
308.5
523.0
839.5
784.5
268.5
543.5
760.0
257.0
324.5
477.5
800.5
833.5
274.5
559.5
821.5
265.5
335.5
427.5
750.5
1024.5
274.5
559.5
867.5
265.5
335.5
386.0
707.0
1033.5
280.5
575.0
875.5
275.5
348.5
336.0
657.0
1033.5
280.5
575.0
875.5
275.5
348.5
286.0
607.0
1033.5
280.5
575.0
875.5
275.5
348.5
288.0
879.0
1044.5
1247.0
781.5
886.0
280.5
367.0
288.0
829.0
1055.0
1197.0
781.5
1279.0
280.5
771.0
295.5
1067.5
1055.0
1154.5
792.5
1279.0
295.5
848.5
295.5
1017.5
1055.0
1104.5
792.5
1279.0
295.5
848.5
314.5
967.5
1487.5
1278.0
805.0
1726.0
515.0
848.5
314.5
1069.5
1478.5
1228.0
805.0
1726.0
515.0
848.5
814.5
1069.5
1488.0
1698.0
767.5
1722.5
561.5
848.5
814.5
1061.0
1498.0
1648.0
779.5
1924.0
561.5
839.5
814.5
1059.0
1490.5
1598.0
779.5
1917.0
561.5
806.0
814.5
1053.0
1482.0
1536.5
771.0
1910.5
561.5
797.0
814.5
1043.5
1577.0
1466.0
766.0
2330.5
561.5
785.5
1623.5
1043.5
1577.0
1416.0
766.0
2330.5
561.5
785.5
1538.0
1043.5
1922.5
1415.0
766.0
2730.5
561.5
785.5
1658.0
1043.5
1922.5
2163.5
793.0
2730.5
1411.0
1355.0
1608.0
1043.5
1921.0
2160.0
793.0
2730.5
1366.0
1355.0
1550.0
1043.5
1913.0
2153.0
786.5
2855.5
1358.5
1355.0
1500.0
1043.5
1913.0
2153.0
764.0
2855.5
1358.5
2404.5
1450.0
1043.5
1913.0
2153.0
764.0
2855.5
1358.5
2354.5
2054.0
1043.5
2333.5
2448.5
1273.5
2866.5
1596.5
2494.5
2029.5
1043.5
2333.5
2475.5
1273.5
2866.5
1620.5
2444.5
1979.5
1043.5
2333.5
2475.5
1273.5
2866.5
1620.5
2394.5
1982.0
1159.0
2333.5
2482.5
1273.5
2866.5
3445.0
2344.5
1982.0
1159.0
2333.5
2482.5
1273.5
2866.5
3395.0
2294.5
1988.0
1159.0
2333.5
2486.5
1273.5
2866.5
3352.0
2244.5
1988.0
1159.0
2333.5
2486.5
1953.0
2866.5
3302.0
2194.5
1988.0
1159.0
2333.5
3128.5
1953.0
2866.5
3252.0
2144.5
1999.0
2807.0
2333.5
3158.5
2022.5
2866.5
3210.5
2319.5
1999.0
2762.0
2333.5
3158.5
2028.5
2866.5
3160.5
2325.0
1999.0
3245.0
2333.5
3158.5
2031.5
2866.5
3110.5
2328.0
2005.0
3197.5
2836.0
3165.5
2061.0
2938.0
3068.5
2355.5
2005.0
3151.0
2842.5
3165.5
2063.5
2944.0
3018.5
2359.5
2807.0
3094.0
3149.5
3167.0
2055.5
3056.5
3010.0
2363.5
2771.0
3043.5
3149.5
3171.0
2055.5
3056.5
3013.0
2354.0
2768.0
2996.5
3155.0
3169.0
2059.0
3106.5
2968.0
2357.0
2772.5
2946.5
3146.5
3132.5
2059.0
3105.5
2972.0
2357.0
2771.5
2958.0
3422.0
3133.0
2054.5
3109.5
3328.0
2982.0
2755.5
2935.0
3408.0
3125.0
2047.0
3100.0
3320.5
2975.0
2752.5
2930.0
3392.0
3119.5
2046.0
3091.0
3314.5
2946.5
2754.0
2894.0
3394.5
3118.5
2041.0
3086.0
3313.5
2919.5
2751.0
2889.5
3419.0
3107.0
2680.5
3078.5
3309.0
2924.5
2741.0
2886.5
3422.5
3502.0
2677.5
3079.5
3295.5
2925.0
2731.5
2873.0
3420.5
3492.0
2665.0
3085.0
3291.5
2910.5
2761.0
2869.0
3410.5
3482.5
2660.5
3076.5
3558.5
2906.5
2770.0
2858.5
3402.0
3492.0
2656.0
3070.0
3568.0
2887.5
2755.0
2842.5
3385.5
3477.0
2643.5
3061.5
3554.5
2884.5
2746.5
3112.5
3382.5
3473.0
3448.5
3045.0
3548.0
2877.5
2727.0
3102.0
3373.5
3460.5
3441.5
3037.0
3526.0
2870.0
2728.5
3096.0
3398.0
3458.0
3430.5
3402.5
3532.0
2852.5
2716.5
3083.0
3401.0
3442.5
3421.0
3399.0
3517.5
2850.5
3565.5
3074.0
3392.5
3445.5
3401.0
3391.0
3571.0
2838.0
3553.0
3063.0
3389.0
3430.0
3405.0
3377.5
3553.5
2836.5
3566.0
3609.5
3402.5
3568.5
3602.5
3392.5
3575.5
2829.5
3565.5
3596.5
3377.0
3565.5
3586.5
3379.5
3568.0
2822.5
3549.5
3601.5
3380.0
3559.5
3607.0
3374.0
3557.5
3640.0
3545.5
3588.5
3370.0
3557.5
3603.0
3365.0
3544.0
3629.0
3544.0
3583.5
3357.5
3550.0
3585.0
3356.5
3548.0
3619.0
3535.0
3623.5
3347.0
3529.5
3589.0
3345.0
3536.5
3663.0
3529.5
3611.5
3338.5
3525.5
3574.5
3337.0
3532.0
3649.5
3520.5
3638.5
3334.0
3523.5
3563.5
3327.0
3512.5
3634.0
3522.5
3627.0
3333.5
3511.5
3633.0
3333.5
3520.0
3628.0
3504.0
3620.5
3314.0
3501.0
3624.5
3324.0
3505.0
3634.5
3499.5
3615.0
3317.5
3498.5
3623.0
3315.5
3496.5
3618.5
3510.0
3617.5
3313.0
3510.5
3625.0
3314.5
3501.0
3623.0
3502.5
3619.0
3304.5
3494.5
3628.5
3303.5
3502.5
3612.5
3499.5
3607.0
3308.0
3500.0
3616.0
3302.5
3500.5
3608.5
3488.0
3608.0
3293.5
3498.0
3607.0
3293.0
3495.0
3607.5
3486.0
3592.0
3269.5
3496.0
3599.0
3270.5
3487.5
3602.5
3483.0
3588.0
3264.5
3482.5
3589.5
3272.5
3486.5
3588.0
3472.0
3581.0
3263.5
3473.0
3577.0
3266.0
3475.5
3582.0
3472.5
3582.0
3265.0
3471.0
3574.5
3226.5
3472.0
3573.5
3477.5
3588.0
3261.0
3473.0
3587.5
3175.0
3475.0
3590.0
3476.0
3576.5
3254.5
3476.5
3579.5
3121.0
3480.5
3582.5
3467.5
3574.0
3254.5
3466.5
3577.5
3071.0
3475.5
3580.5
3482.5
3583.0
3261.5
3477.0
3587.0
3023.5
3475.5
3584.0
3481.5
3583.5
3270.5
3485.0
3583.0
3031.0
3481.5
3585.0
3481.5
3579.0
3221.5
3485.0
3577.0
3020.5
3454.5
3582.0
3489.5
3591.5
3185.5
3492.5
3585.0
3035.0
3411.5
3590.0
3494.5
3591.5
3135.5
3498.0
3585.0
3035.0
3366.0
3590.0
3494.5
3593.0
3091.0
3498.0
3588.0
3040.0
3316.0
3593.0
3499.0
3596.5
3050.0
3508.0
3593.5
3048.5
3287.5
3597.0
3487.5
3592.5
3027.5
3469.5
3589.5
3052.5
3287.5
3592.5
3485.5
3592.5
3004.0
3417.5
3588.5
3052.5
3284.5
3592.5
3501.0
3608.5
2993.0
3384.0
3605.5
3034.5
3297.5
3608.5
3499.0
3608.5
2999.5
3334.5
3605.5
3014.5
3298.0
3600.0
3499.0
3589.5
2999.5
3299.5
3590.5
2986.5
3298.0
3597.0
3505.5
3596.5
2974.0
3306.5
3599.5
2976.0
3304.0
3592.5
3485.0
3605.5
2920.0
3313.0
3610.5
2973.0
3312.5
3607.5
3439.0
3609.5
2881.5
3318.0
3615.5
2985.5
3320.0
3611.0
3398.5
3616.0
2831.5
3326.5
3619.5
2985.5
3330.0
3616.0
3350.0
3617.5
2835.0
3328.5
3618.5
2996.0
3328.0
3611.0
3307.0
3581.0
2840.5
3332.0
3631.0
3001.5
3332.0
3621.0
3257.0
3531.0
2844.0
3332.0
3631.0
3005.0
3332.0
3621.0
3217.0
3485.5
2844.0
3342.5
3637.5
3005.0
3346.0
3627.0
3167.0
3439.0
2855.0
3342.5
3642.5
3015.5
3346.0
3631.0
3117.0
3389.0
2855.0
3342.5
3642.5
3015.5
3346.0
3631.0
3078.0
3342.5
2855.0
3355.0
3646.0
3015.5
3357.5
3633.0
3057.5
3325.0
2867.0
3325.5
3647.0
3028.0
3357.5
3622.0
3064.5
3329.5
2872.5
3314.5
3602.5
3032.5
3332.0
3628.0
3080.0
3326.5
2879.0
3325.5
3543.5
3032.0
3332.0
3623.5
3088.0
3338.0
2889.5
3336.0
3512.0
2993.5
3340.0
3642.0
3096.5
3359.0
2897.5
3345.5
3482.5
2952.5
3340.0
3654.5
3100.5
3359.0
2905.0
3348.0
3482.5
2909.0
3295.0
3654.5
3106.5
3359.0
2909.0
3349.5
3482.5
2863.0
3256.5
3654.5
3114.0
3368.0
2909.0
3307.5
3491.0
2813.0
3262.0
3663.5
3114.0
3368.0
2915.0
3257.5
3491.0
2770.0
3262.0
3663.5
3098.5
3373.5
2916.5
3245.5
3496.5
2723.5
3276.5
3670.5
3057.0
3377.5
2916.5
3245.5
3503.0
2665.0
3276.5
3676.0
3077.0
3404.0
2915.0
3268.0
3527.0
2633.0
3297.5
3701.0
3096.0
3423.0
2881.5
3288.0
3542.0
2600.5
3319.0
3719.0
3115.0
3412.0
2900.5
3310.5
3574.0
2578.5
3337.5
3752.0
3131.0
3383.0
2923.0
3323.5
3596.0
2551.5
3353.5
3771.0
3149.5
3353.0
2939.5
3340.0
3615.0
2517.5
3370.5
3789.0
3173.0
3323.0
2970.5
3363.5
3643.0
2498.0
3394.0
3814.0
3194.5
3339.0
2993.0
3386.0
3661.0
2474.0
3417.0
3800.5
3205.0
3355.0
2990.5
3395.5
3676.0
2472.0
3424.5
3763.0
3217.0
3372.0
2954.0
3408.5
3694.0
2484.5
3436.5
3729.0
3243.5
3388.0
2932.0
3434.5
3709.0
2511.0
3465.0
3695.5
3250.5
3404.0
2894.5
3442.5
3726.0
2523.5
3472.0
3662.0
3278.5
3436.5
2870.5
3473.0
3754.5
2549.5
3502.0
3638.5
3315.5
3466.0
2852.5
3507.0
3787.5
2580.0
3536.5
3621.5
3340.5
3488.0
2829.0
3530.0
3809.0
2608.5
3563.0
3594.0
3379.0
3528.5
2841.0
3568.0
3849.5
2632.0
3600.0
3586.0
3408.5
3529.5
2872.5
3599.5
3873.0
2609.5
3628.5
3585.0
3431.5
3510.5
2903.0
3619.5
3901.5
2591.0
3653.5
3616.0
3467.5
3492.0
2942.5
3661.0
3938.0
2581.0
3694.5
3650.5
3513.5
3487.0
2988.5
3704.5
3977.5
2577.0
3735.0
3691.5
3534.0
3459.5
3016.5
3727.0
4007.0
2556.0
3755.5
3716.0
3582.0
3448.5
3053.5
3770.0
4042.5
2544.5
3803.0
3754.5
3612.0
3472.0
3093.5
3802.0
4080.0
2533.5
3833.5
3755.5
3638.0
3503.0
3116.0
3814.0
4112.0
2512.0
3860.0
3744.5
3677.0
3539.5
3159.5
3801.5
4152.0
2507.5
3897.0
3782.0
3697.0
3562.5
3189.0
3774.0
4171.5
2482.0
3916.5
3803.5
3716.5
3581.0
3209.5
3744.5
4191.5
2458.5
3937.5
3822.5
3753.5
3606.5
3267.5
3729.0
4218.5
2462.0
3973.0
3848.0
3775.5
3626.0
3288.5
3700.5
4236.0
2436.0
3996.5
3867.5
3799.0
3646.5
3332.0
3675.0
4256.5
2427.0
4020.0
3888.0
3810.0
3656.0
3370.0
3635.5
4265.0
2416.5
4032.5
3897.0
3836.0
3678.5
3387.0
3612.0
4285.5
2383.5
4056.0
3919.5
3846.0
3689.5
3382.5
3574.0
4299.0
2374.5
4067.0
3930.5
3868.5
3710.5
3350.5
3545.0
4318.5
2392.0
4089.5
3952.0
3877.0
3721.0
3322.0
3505.0
4328.0
2415.0
4098.0
3961.0
3898.0
3736.0
3287.0
3475.0
4342.5
2429.0
4120.0
3976.0
3914.5
3752.5
3256.0
3439.0
4358.5
2445.5
4136.5
3993.5
3921.5
3755.0
3210.0
3395.5
4362.5
2451.0
4142.5
3997.5
3963.0
3777.5
3172.5
3389.5
4386.0
2464.0
4184.0
4019.0
3975.0
3777.5
3131.5
3377.5
4386.0
2472.5
4169.0
4019.0
3989.5
3775.0
3084.0
3390.5
4386.0
2472.5
4131.5
4019.0
4014.0
3725.0
3084.0
3415.0
4386.0
2472.5
4108.5
4019.0
4017.0
3675.0
3084.0
3419.0
4386.0
2472.5
4061.5
4019.0
4017.0
3658.0
3084.0
3386.0
4386.0
2472.5
4011.5
4019.0
4017.0
3658.0
3084.0
3336.0
4386.0
2472.5
3961.5
4019.0
4017.0
3658.0
3084.0
3286.0
4386.0
2472.5
3911.5
4019.0
4017.0
3658.0
3084.0
3236.0
4386.0
2472.5
3861.5
4019.0
4017.0
3658.0
3084.0
3186.0
4386.0
2472.5
3811.5
4019.0
4017.0
3658.0
3084.0
3136.0
4386.0
2472.5
3761.5
4019.0
4017.0
3658.0
3084.0
3086.0
4386.0
2472.5
3711.5
4019.0
4017.0
3658.0
3084.0
3036.0
4386.0
2472.5
3661.5
4019.0
4017.0
3658.0
3084.0
2986.0
4386.0
2472.5
3611.5
4019.0
4006.0
3658.0
3084.0
2947.0
4386.0
2472.5
3561.5
4019.0
3983.5
3658.0
3084.0
2947.0
4386.0
2472.5
3484.0
4019.0
3983.5
3658.0
3084.0
2947.0
4386.0
2472.5
3384.0
4019.0
3983.5
3658.0
3084.0
2947.0
4386.0
2472.5
3284.0
4019.0
3956.5
3658.0
3084.0
2947.0
4386.0
2472.5
3211.0
4019.0
3906.5
3658.0
3084.0
2947.0
4386.0
2472.5
3161.0
4019.0
3856.5
3658.0
3084.0
2947.0
4386.0
2472.5
3111.0
4019.0
3806.5
3658.0
3084.0
2947.0
4386.0
2472.5
3061.0
4019.0
3803.0
3658.0
3084.0
2947.0
4359.0
2472.5
3011.0
3999.5
3803.0
3658.0
3084.0
2947.0
4359.0
2472.5
2961.0
3949.5
3803.0
3658.0
3084.0
2947.0
4359.0
2472.5
2911.0
3899.5
3803.0
3658.0
3074.0
2947.0
4359.0
2457.0
2886.5
3849.5
3803.0
3658.0
3074.0
2947.0
4359.0
2407.0
2886.5
3799.5
3803.0
3650.0
3074.0
2947.0
4359.0
2357.0
2886.5
3757.5
3803.0
3600.0
3074.0
2947.0
4359.0
2307.0
2886.5
3757.5
3803.0
3537.0
3074.0
2947.0
4359.0
2270.0
2886.5
3757.5
3803.0
3468.5
3074.0
2947.0
4359.0
2270.0
2855.0
3757.5
3803.0
3418.5
3074.0
2947.0
4359.0
2270.0
2805.0
3757.5
3803.0
3368.5
3074.0
2947.0
4359.0
2270.0
2755.0
3757.5
3803.0
3318.5
3074.0
2947.0
4359.0
2270.0
2705.0
3757.5
3803.0
3268.5
3074.0
2947.0
4359.0
2270.0
2655.0
3757.5
3803.0
3264.0
3074.0
2947.0
4359.0
2224.5
2605.0
3757.5
3803.0
3264.0
3074.0
2947.0
4359.0
2174.5
2555.0
3757.5
3803.0
3264.0
3066.5
2947.0
4359.0
2132.0
2505.0
3757.5
3803.0
3264.0
3016.5
2947.0
4359.0
2132.0
2455.0
3757.5
3803.0
3264.0
2966.5
2947.0
4359.0
2132.0
2405.0
3757.5
3803.0
3264.0
2916.5
2947.0
4359.0
2132.0
2380.0
3732.5
3803.0
3264.0
2866.5
2947.0
4359.0
2132.0
2380.0
3682.5
3803.0
3264.0
2816.5
2947.0
4359.0
2132.0
2380.0
3632.5
3803.0
3264.0
2766.5
2947.0
4359.0
2132.0
2380.0
3582.5
3803.0
3264.0
2716.5
2947.0
4359.0
2132.0
2380.0
3532.5
3803.0
3264.0
2666.5
2947.0
4359.0
2132.0
2380.0
3482.5
3803.0
3264.0
2653.5
2947.0
4359.0
2121.0
2354.0
3432.5
3803.0
3264.0
2653.5
2947.0
4359.0
2121.0
2304.0
3382.5
3803.0
3264.0
2653.5
2947.0
4359.0
2121.0
2254.0
3332.5
3803.0
3264.0
2653.5
2947.0
4359.0
2121.0
2204.0
3282.5
3803.0
3264.0
2653.5
2947.0
4359.0
2121.0
2154.0
3232.5
3765.0
3264.0
2653.5
2947.0
4359.0
2121.0
2142.0
3182.5
3715.0
3264.0
2653.5
2947.0
4359.0
2121.0
2142.0
3132.5
3665.0
3264.0
2653.5
2947.0
4359.0
2121.0
2142.0
3082.5
3615.0
3264.0
2653.5
2947.0
4359.0
2121.0
2142.0
3032.5
3565.0
3264.0
2653.5
2947.0
4343.5
2121.0
2142.0
2998.0
3515.0
3264.0
2653.5
2947.0
4293.5
2121.0
2142.0
2998.0
3465.0
3264.0
2653.5
2947.0
4243.5
2121.0
2142.0
2998.0
3415.0
3264.0
2653.5
2947.0
4193.5
2121.0
2142.0
2998.0
3365.0
3264.0
2653.5
2947.0
4143.5
2121.0
2142.0
2998.0
3315.0
3264.0
2653.5
2947.0
4093.5
2121.0
2142.0
2998.0
3265.0
3264.0
2653.5
2947.0
4043.5
2121.0
2142.0
2998.0
3215.0
3264.0
2653.5
2947.0
3993.5
2121.0
2142.0
2998.0
3165.0
3264.0
2653.5
2947.0
3943.5
2121.0
2142.0
2998.0
3149.0
3264.0
2653.5
2913.0
3893.5
2121.0
2142.0
2998.0
3149.0
3258.0
2653.5
2863.0
3849.5
2121.0
2142.0
2998.0
3149.0
3208.0
2653.5
2813.0
3849.5
2121.0
2142.0
2998.0
3149.0
3158.0
2653.5
2763.0
3849.5
2121.0
2142.0
2998.0
3149.0
3148.5
2653.5
2713.0
3809.0
2121.0
2142.0
2998.0
3149.0
3148.5
2653.5
2663.0
3759.0
2121.0
2142.0
2998.0
3123.5
3148.5
2653.5
2638.5
3709.0
2121.0
2142.0
2998.0
3123.5
3136.5
2653.5
2624.5
3659.0
2121.0
2118.0
2998.0
3123.5
3086.5
2653.5
2624.5
3609.0
2121.0
2118.0
2998.0
3123.5
3036.5
2653.5
2624.5
3559.0
2121.0
2118.0
2998.0
3123.5
2986.5
2653.5
2624.5
3509.0
2121.0
2118.0
2998.0
3123.5
2936.5
2653.5
2624.5
3459.0
2121.0
2118.0
2998.0
3123.5
2886.5
2653.5
2624.5
3409.0
2121.0
2118.0
2998.0
3123.5
2837.0
2653.5
2624.0
3359.0
2121.0
2118.0
2998.0
3099.5
2837.0
2653.5
2611.0
3309.0
2121.0
2105.0
2998.0
3093.5
2837.0
2653.5
2597.0
3259.0
2107.5
2088.5
2998.0
3093.5
2837.0
2653.5
2597.0
3209.0
2057.5
2088.5
2998.0
3093.5
2837.0
2653.5
2586.0
3170.0
2007.5
2088.5
2998.0
3093.5
2837.0
2606.0
2536.0
3170.0
2005.0
2088.5
2998.0
3093.5
2837.0
2556.0
2486.0
3170.0
2005.0
2088.5
2998.0
3093.5
2837.0
2506.0
2436.0
3170.0
2005.0
2088.5
2998.0
3093.5
2837.0
2456.0
2386.0
3170.0
2005.0
2088.5
2998.0
3093.5
2837.0
2406.0
2336.0
3170.0
2005.0
2088.5
2998.0
3093.5
2837.0
2356.0
2286.0
3170.0
2005.0
2088.5
2998.0
3089.5
2837.0
2345.5
2230.5
3170.0
1978.0
2085.5
2998.0
3085.0
2837.0
2329.5
2176.5
3170.0
1956.5
2081.5
2998.0
3085.0
2837.0
2279.5
2126.5
3170.0
1956.5
2081.5
2998.0
3085.0
2837.0
2229.5
2076.5
3170.0
1956.5
2081.5
2998.0
3085.0
2837.0
2179.5
2026.5
3170.0
1956.5
2081.5
2998.0
3085.0
2837.0
2129.5
1976.5
3170.0
1956.5
2081.5
2998.0
3085.0
2818.0
2079.5
1945.5
3170.0
1956.5
2081.5
2998.0
3085.0
2784.0
2076.5
1945.5
3170.0
1956.5
2081.5
2935.0
3085.0
2784.0
2076.5
1945.5
3170.0
1956.5
2081.5
2835.0
3085.0
2784.0
2076.5
1945.5
3170.0
1956.5
2081.5
2735.0
3085.0
2784.0
2076.5
1945.5
3170.0
1956.5
2081.5
2635.0
3085.0
2784.0
2076.5
1945.5
3147.5
1956.5
2081.5
2557.5
3085.0
2784.0
2076.5
1942.5
3100.5
1956.5
2081.5
2507.5
3085.0
2766.0
2076.5
1925.0
3091.5
1956.5
2081.5
2452.0
3085.0
2716.0
2076.5
1925.0
3091.5
1956.5
2081.5
2402.0
3085.0
2666.0
2076.5
1925.0
3091.5
1956.5
2081.5
2352.0
3085.0
2616.0
2076.5
1925.0
3091.5
1956.5
2081.5
2302.0
3085.0
2566.0
2076.5
1925.0
3091.5
1956.5
2081.5
2252.0
3081.5
2516.0
2076.5
1925.0
3091.5
1956.5
2075.0
2212.0
3074.0
2466.0
2063.0
1912.0
3091.5
1947.0
2068.5
2212.0
3074.0
2416.0
2036.5
1912.0
3071.5
1943.5
2068.5
2212.0
3074.0
2366.0
2036.5
1912.0
3021.5
1943.5
2068.5
2212.0
3074.0
2316.0
2036.5
1912.0
2971.5
1943.5
2068.5
2212.0
3074.0
2266.0
2036.5
1912.0
2921.5
1943.5
2068.5
2212.0
3074.0
2246.0
2036.5
1912.0
2871.5
1916.5
2068.5
2209.0
3074.0
2246.0
2023.5
1912.0
2821.5
1879.5
2068.5
2209.0
3074.0
2246.0
1973.5
1912.0
2771.5
1879.5
2068.5
2209.0
3074.0
2246.0
1923.5
1912.0
2721.5
1879.5
2068.5
2209.0
3074.0
2246.0
1873.5
1912.0
2671.5
1879.5
2068.5
2209.0
3074.0
2246.0
1823.5
1912.0
2621.5
1879.5
2068.5
2209.0
3074.0
2246.0
1773.5
1912.0
2571.5
1879.5
2068.5
2209.0
3074.0
2246.0
1723.5
1912.0
2521.5
1879.5
2068.5
2209.0
3074.0
2246.0
1673.5
1912.0
2471.5
1879.5
2068.5
2209.0
3067.0
2246.0
1617.5
1902.0
2461.0
1873.5
2058.0
2209.0
3056.0
2228.5
1563.5
1896.0
2461.0
1869.0
2051.0
2209.0
3056.0
2176.0
1533.5
1896.0
2461.0
1869.0
2051.0
2191.5
3056.0
2126.0
1524.0
1896.0
2431.5
1868.0
2051.0
2181.5
3056.0
2068.5
1511.5
1896.0
2425.0
1852.5
2051.0
2173.5
3011.0
2018.5
1511.5
1896.0
2425.0
1847.5
2051.0
2173.5
2961.0
1968.5
1511.5
1896.0
2425.0
1847.5
2051.0
2173.5
2911.0
1965.5
1511.5
1896.0
2378.0
1847.5
2051.0
2173.5
2861.0
1965.5
1511.5
1896.0
2328.0
1847.5
2051.0
2173.5
2811.0
1965.5
1511.5
1896.0
2278.0
1847.5
2051.0
2173.5
2761.0
1965.5
1511.5
1896.0
2228.0
1847.5
2051.0
2173.5
2711.0
1965.5
1511.5
1896.0
2178.0
1847.5
2051.0
2173.5
2661.0
1965.5
1511.5
1896.0
2128.0
1847.5
2051.0
2173.5
2611.0
1965.5
1511.5
1896.0
2078.0
1847.5
2051.0
2173.5
2561.0
1965.5
1511.5
1896.0
2028.0
1847.5
2051.0
2173.5
2511.0
1965.5
1511.5
1896.0
1978.0
1847.5
2051.0
2173.5
2461.0
1965.5
1511.5
1896.0
1928.0
1847.5
2051.0
2173.5
2411.0
1965.5
1511.5
1896.0
1878.0
1847.5
2051.0
2173.5
2361.0
1965.5
1511.5
1896.0
1828.0
1847.5
2051.0
2173.5
2311.0
1965.5
1511.5
1896.0
1778.0
1847.5
2051.0
2173.5
2261.0
1965.5
1511.5
1896.0
1728.0
1847.5
2051.0
2173.5
2254.0
1962.5
1506.0
1896.0
1674.5
1840.0
2051.0
2150.0
2254.0
1942.0
1506.0
1896.0
1621.5
1840.0
2051.0
2123.5
2249.5
1892.0
1493.5
1889.0
1601.0
1840.0
2045.5
2123.5
2246.0
1890.5
1453.5
1881.0
1601.0
1834.0
2004.5
2123.5
2242.5
1890.5
1453.5
1881.0
1601.0
1787.5
1954.5
2123.5
2242.5
1890.5
1453.5
1881.0
1601.0
1737.5
1904.5
2123.5
2242.5
1890.5
1453.5
1881.0
1601.0
1687.5
1854.5
2123.5
2242.5
1890.5
1453.5
1881.0
1601.0
1637.5
1804.5
2123.5
2242.5
1890.5
1453.5
1881.0
1601.0
1587.5
1754.5
2123.5
2242.5
1890.5
1453.5
1881.0
1601.0
1537.5
1704.5
2123.5
2242.5
1881.0
1446.5
1881.0
1596.5
1480.5
1686.5
2119.5
2242.5
1881.0
1446.5
1881.0
1551.5
1437.5
1679.5
2114.5
2230.5
1860.0
1428.0
1865.5
1541.0
1426.0
1674.5
2108.5
2230.5
1810.0
1428.0
1815.5
1541.0
1426.0
1674.5
2108.5
2230.5
1760.0
1428.0
1765.5
1541.0
1426.0
1674.5
2108.5
2230.5
1710.0
1428.0
1715.5
1541.0
1426.0
1674.5
2108.5
2230.5
1660.0
1428.0
1665.5
1541.0
1426.0
1674.5
2108.5
2230.5
1610.0
1428.0
1615.5
1541.0
1426.0
1674.5
2108.5
2230.5
1560.0
1428.0
1565.5
1541.0
1426.0
1674.5
2108.5
2230.5
1510.0
1428.0
1515.5
1541.0
1426.0
1674.5
2108.5
2230.5
1458.5
1428.0
1471.5
1536.5
1426.0
1674.5
2108.5
2230.5
1402.0
1417.5
1471.5
1532.5
1417.0
1661.5
2101.5
2230.5
1352.0
1417.5
1471.5
1532.5
1417.0
1611.5
2101.5
2230.5
1322.0
1417.5
1471.5
1512.5
1417.0
1561.5
2101.5
2230.5
1322.0
1417.5
1471.5
1462.5
1417.0
1511.5
2101.5
2230.5
1322.0
1417.5
1471.5
1412.5
1417.0
1461.5
2101.5
2230.5
1322.0
1417.5
1471.5
1362.5
1417.0
1411.5
2101.5
2218.0
1322.0
1412.0
1458.5
1331.5
1412.5
1378.0
2101.5
2172.5
1316.0
1400.0
1453.0
1325.5
1401.0
1370.5
2095.5
2158.5
1308.5
1397.0
1436.0
1295.0
1397.0
1361.0
2081.0
2158.5
1302.0
1388.0
1436.0
1285.5
1387.5
1361.0
2015.5
2121.0
1300.5
1381.5
1436.0
1285.5
1383.0
1361.0
1965.5
2071.0
1300.5
1381.5
1436.0
1285.5
1383.0
1361.0
1915.5
2021.0
1300.5
1381.5
1436.0
1285.5
1383.0
1361.0
1865.5
1971.0
1300.5
1381.5
1436.0
1285.5
1383.0
1361.0
1815.5
1921.0
1300.5
1381.5
1436.0
1285.5
1383.0
1361.0
1765.5
1871.0
1300.5
1381.5
1436.0
1285.5
1383.0
1361.0
1715.5
1821.0
1300.5
1381.5
1436.0
1285.5
1383.0
1361.0
1665.5
1771.0
1300.5
1381.5
1436.0
1285.5
1383.0
1361.0
1615.5
1721.0
1300.5
1381.5
1436.0
1285.5
1383.0
1361.0
1565.5
1671.0
1300.5
1381.5
1436.0
1285.5
1383.0
1361.0
1515.5
1621.0
1300.5
1381.5
1436.0
1285.5
1383.0
1361.0
1465.5
1571.0
1300.5
1381.5
1436.0
1285.5
1383.0
1361.0
1415.5
1521.0
1300.5
1381.5
1436.0
1285.5
1383.0
1361.0
1365.5
1471.0
1300.5
1381.5
1436.0
1285.5
1383.0
1361.0
1315.5
1421.0
1300.5
1381.5
1436.0
1285.5
1383.0
1361.0
1265.5
1365.0
1293.0
1375.5
1431.0
1285.5
1377.0
1355.0
1252.0
1315.0
1290.5
1375.5
1431.0
1285.5
1377.0
1355.0
1204.5
1300.5
1240.5
1375.5
1431.0
1285.5
1377.0
1319.5
1204.5
1297.0
1215.5
1363.0
1424.0
1271.5
1368.5
1294.5
1200.0
1290.5
1194.5
1358.0
1381.0
1268.0
1359.0
1284.5
1198.5
1290.5
1194.5
1358.0
1331.0
1223.5
1358.5
1279.5
1198.5
1290.5
1192.0
1358.0
1277.5
1190.0
1358.5
1277.0
1190.5
1265.0
1183.5
1344.5
1270.5
1181.0
1345.0
1265.5
1179.0
1254.0
1168.5
1333.5
1255.5
1164.0
1335.0
1254.0
1169.5
1240.5
1159.0
1317.5
1241.5
1157.5
1319.5
1239.5
1159.0
1225.0
1146.5
1306.0
1227.0
1144.5
1308.0
1225.0
1152.0
1216.0
1133.0
1295.0
1218.0
1130.5
1296.0
1210.5
1135.0
1196.0
1124.5
1282.0
1201.0
1123.0
1282.5
1202.0
1123.0
1190.0
1108.0
1270.5
1188.0
1112.5
1267.5
1189.5
1108.0
1181.5
1096.5
1250.0
1182.5
1095.5
1257.5
1175.5
1095.0
1163.5
1089.0
1241.5
1163.5
1086.0
1239.0
1164.0
1087.5
1155.5
1073.0
1224.5
1153.5
1079.5
1226.0
1149.0
1073.0
1144.0
1058.5
1210.5
1147.5
1057.5
1214.0
1138.0
1064.0
1132.0
1049.0
1195.5
1134.5
1046.5
1199.0
1129.5
1048.0
1114.0
1040.5
1183.5
1113.5
1039.0
1185.0
1119.5
1039.0
1104.5
1030.0
1170.0
1104.5
1024.5
1170.0
1105.5
1025.0
1096.5
1015.5
1153.0
1092.0
1015.0
1156.0
1092.0
1014.0
1074.0
1000.0
1144.0
1081.5
1008.0
1144.5
1076.5
1005.5
1064.5
995.0
1136.5
1063.0
986.0
1136.0
1063.5
989.5
1052.5
977.0
1120.0
1054.0
976.0
1124.5
1053.5
976.5
1041.5
968.5
1107.5
1041.5
965.5
1102.5
1040.0
967.0
1029.0
955.5
1090.0
1025.5
956.0
1090.5
1026.5
961.0
1014.0
942.0
1080.0
1020.0
942.5
1079.0
1013.0
943.5
1001.5
932.5
1066.5
997.0
933.0
1067.5
1002.5
933.5
989.0
920.5
1053.5
983.5
921.5
1054.0
989.5
922.5
973.5
909.0
1039.0
979.5
908.5
1038.0
975.0
911.5
963.0
901.0
1024.5
962.5
893.5
1024.5
964.5
900.5
957.5
881.0
1011.5
956.0
881.0
1010.5
954.0
882.5
940.0
870.5
1002.0
942.0
864.0
1000.5
947.0
868.0
927.0
860.0
992.0
928.5
850.5
991.0
927.0
858.0
917.0
841.5
978.5
915.5
845.5
976.5
916.5
843.0
905.0
834.0
964.5
901.0
829.5
963.5
902.0
834.5
892.5
820.5
948.5
890.5
820.0
951.0
887.0
824.0
874.5
807.5
932.0
877.5
813.0
936.5
880.0
813.0
865.5
804.5
923.5
862.0
795.5
925.0
860.5
797.5
854.0
785.5
913.5
848.0
788.0
908.0
850.0
787.0
838.5
769.5
901.0
842.0
770.5
901.0
840.0
771.5
830.0
758.5
887.5
826.5
761.5
889.0
824.0
757.0
815.5
745.5
868.5
813.5
748.5
880.5
815.5
746.5
803.0
734.5
861.5
805.0
737.0
855.0
805.5
732.5
794.5
721.0
844.5
794.5
722.5
847.5
792.5
717.0
782.0
703.0
834.0
785.5
705.5
833.5
782.0
708.5
764.5
692.5
821.0
767.5
698.5
820.5
772.0
697.5
755.5
685.5
808.0
757.5
687.0
810.0
754.5
676.0
746.5
665.0
797.5
751.0
663.5
796.0
746.5
668.0
735.5
658.5
781.5
732.5
652.0
787.5
732.5
654.0
723.5
645.0
766.5
722.5
643.0
764.0
725.5
644.0
711.5
627.0
755.5
711.0
630.0
757.0
713.0
629.0
699.0
618.5
742.0
702.5
618.5
740.0
694.0
619.5
682.0
609.0
725.0
683.0
610.0
727.0
689.0
609.0
666.0
597.5
712.5
672.5
600.5
713.0
673.0
599.0
660.5
586.0
701.5
653.5
587.0
701.5
658.5
585.5
650.5
572.5
687.0
647.5
569.5
686.0
647.0
574.0
634.5
554.5
672.0
639.5
563.5
671.5
641.5
557.0
629.5
545.5
660.0
621.0
544.0
658.5
629.0
546.5
609.0
532.0
646.5
617.0
535.5
646.5
611.5
536.0
597.5
524.0
637.0
597.5
522.0
639.0
596.0
521.0
583.0
511.5
626.0
582.5
513.0
624.0
582.5
511.5
574.0
500.0
605.5
573.0
500.5
609.5
572.5
499.0
559.0
489.5
592.5
559.0
490.0
592.0
563.0
489.0
548.0
478.0
574.5
554.5
474.0
577.0
551.0
477.0
535.0
464.5
565.5
537.0
465.0
565.5
536.5
465.0
526.5
452.5
556.0
515.0
453.5
555.5
522.5
452.5
519.0
432.0
538.0
515.0
429.5
537.0
520.5
443.0
504.0
426.0
528.5
501.5
418.5
526.0
503.0
426.5
493.0
412.5
514.0
487.0
411.5
513.5
492.5
410.0
476.0
398.5
506.0
477.5
397.0
502.5
475.0
401.5
462.5
387.0
488.0
462.5
389.0
496.5
462.0
386.5
450.5
375.5
479.5
449.5
374.0
477.5
454.5
373.0
438.5
368.0
462.0
439.5
364.0
455.5
438.5
368.0
430.0
358.0
444.5
422.0
355.0
443.0
424.0
357.5
416.0
341.0
431.5
421.0
336.0
431.0
412.5
345.0
400.0
326.0
421.5
402.5
332.5
422.0
396.5
333.0
390.0
317.0
410.0
385.5
320.5
408.0
386.0
317.0
374.5
306.0
390.5
385.5
306.0
393.0
372.0
306.5
360.5
293.5
381.5
360.5
299.0
380.5
362.5
296.0
348.0
286.5
367.0
350.0
281.0
372.0
348.0
281.5
337.5
267.5
355.5
339.0
266.5
353.0
338.0
277.0
326.5
255.5
342.5
329.0
261.5
342.5
325.0
251.5
310.5
240.0
330.0
314.5
245.5
332.0
315.0
246.5
298.0
232.5
319.0
301.5
233.5
319.0
298.5
232.0
292.0
219.5
305.5
284.0
218.5
305.5
291.0
218.0
276.5
203.5
294.5
278.0
204.0
296.5
278.0
203.0
264.5
193.5
284.5
261.5
192.0
285.0
259.0
194.0
255.5
178.5
272.5
251.0
180.0
271.5
249.5
175.5
241.5
161.5
257.5
240.5
165.0
258.5
242.0
167.5
231.0
151.0
239.0
230.0
161.5
235.0
231.0
155.5
212.5
147.5
230.5
211.5
147.5
228.0
211.5
145.0
201.0
134.5
215.5
196.0
137.5
212.0
201.5
136.0
201.0
111.0
196.5
195.5
121.0
193.5
198.0
117.5
184.5
107.0
184.0
179.0
106.5
185.0
183.0
105.0
168.0
96.0
172.5
165.5
92.0
173.0
167.5
99.5
157.0
79.0
164.5
153.0
84.5
164.0
153.5
78.5
140.5
66.5
153.0
141.0
68.0
151.5
141.0
72.5
131.5
57.0
132.0
132.5
57.5
140.5
125.5
57.5
118.0
46.0
123.5
121.0
45.5
124.0
115.0
41.0
104.5
32.0
110.5
103.0
29.5
112.0
109.5
33.0
102.0
32.0
87.0
80.5
29.5
87.5
82.5
33.0
76.0
20.0
67.0
77.0
20.5
82.5
72.0
19.0
52.0
6.5
66.5
51.0
10.0
64.0
65.0
19.0
47.0
-2.0
43.5
44.5
1.0
51.5
46.5
2.0
25.5
-2.0
26.5
30.0
-2.0
25.5
32.5
-2.0
3.5
-2.0
-2.0
17.5
-2.0
4.0
17.0
-2.0
