2373.375
1749.5
2615.0
1712.0
2828.125
1773.0
2929.875
1735.5
3163.0
1817.0
3218.625
1946.0
3433.5
1908.5
3371.0
1871.0
3308.5
1988.25
3246.0
1950.75
3183.5
1913.25
3121.0
1875.75
3058.5
1838.25
2996.0
1800.75
2933.5
1763.25
2871.0
1725.75
2808.5
1688.25
2746.0
1650.75
2683.5
1613.25
2621.0
1575.75
2558.5
1538.25
2496.0
1500.75
2433.5
1463.25
2371.0
1425.75
2308.5
1388.25
2246.0
1350.75
2183.5
1313.25
2121.0
1275.75
2058.5
1238.25
1996.0
1200.75
1933.5
1163.25
1879.875
1893.625
1829.875
1843.625
1779.875
1793.625
1729.875
1743.625
1679.875
1693.625
1629.875
1643.625
1593.625
3150.625
1580.75
3840.375
1568.25
3752.875
1555.75
3665.375
1543.25
3577.875
1530.75
3490.375
1518.25
3402.875
1505.75
3315.375
1493.25
3227.875
2247.875
3150.25
2222.875
3075.25
2197.875
3000.25
2172.875
2925.25
2147.875
2850.25
2122.875
2775.25
2867.0
2707.75
2829.5
2645.25
2792.0
2582.75
2754.5
2520.25
2717.0
2457.75
2679.5
2395.25
2642.0
2332.75
2604.5
2270.25
2567.0
2207.75
3315.125
2930.875
3277.625
2868.375
3240.125
2805.875
3202.625
2743.375
3165.125
2680.875
3127.625
2618.375
3090.125
2555.875
3052.625
2493.375
3015.125
2430.875
2973.0
2373.0
2923.0
2323.0
2873.0
2273.0
2823.0
2223.0
2773.0
2173.0
2723.0
2123.0
2673.0
2073.0
2623.0
2023.0
2573.0
1973.0
2523.0
1923.0
2473.0
1873.0
2423.0
1823.0
2381.0
1765.0
2343.5
1702.5
2306.0
1640.0
2268.5
1577.5
2231.0
1515.0
2193.5
1452.5
2156.0
1390.0
2118.5
1327.5
2081.0
1265.0
2043.5
1202.5
2006.0
1140.0
1967.5
1078.5
1896.125
1049.875
1821.125
1024.875
1746.125
999.875
1671.125
974.875
1598.375
947.625
1535.875
910.125
1464.0
882.0
1389.0
857.0
1306.25
839.75
1218.75
827.25
1131.25
814.75
1043.75
802.25
966.875
779.125
891.875
754.125
819.625
726.375
757.125
688.875
694.625
651.375
632.875
613.125
575.125
570.875
519.625
526.375
469.625
476.375
419.625
426.375
369.625
376.375
319.625
326.375
272.75
273.25
222.75
223.25
172.75
173.25
122.75
123.25
72.75
73.25
22.75
23.25
