2.7374187409877777
2.737621933221817
2.822436958551407
2.822528600692749
2.9070768654346466
2.907205104827881
3.017595112323761
3.017826110124588
3.1405563950538635
3.1412756145000458
3.2138732373714447
3.213973969221115
3.3127837479114532
3.313075214624405
3.4981367886066437
3.4985582530498505
3.576565831899643
3.5767722129821777
3.7426204681396484
3.7427282631397247
3.8335483372211456
3.8336615562438965
3.8832924365997314
3.883382886648178
4.014700025320053
4.014784663915634
3.9478266835212708
3.948040008544922
4.0452757477760315
4.0454550087451935
4.226737350225449
4.226856887340546
4.109128654003143
4.109342306852341
4.228663861751556
4.228728234767914
4.184407114982605
4.184506416320801
4.338792979717255
4.3390195071697235
4.319772243499756
4.320089250802994
4.36988365650177
4.370023459196091
4.291008621454239
4.291152119636536
4.152043282985687
4.152170151472092
4.223727583885193
4.223798602819443
4.085509091615677
4.085572749376297
4.453859239816666
4.453991144895554
4.634725421667099
4.636748909950256
4.679407835006714
4.6794673800468445
4.495051026344299
4.495141297578812
4.669167160987854
4.669270753860474
4.8183256685733795
4.818434298038483
4.810611575841904
4.810702055692673
4.741265654563904
4.741339683532715
4.748892068862915
4.749006867408752
4.794231683015823
4.794299513101578
4.762992173433304
4.76306027173996
5.2502210438251495
5.250286221504211
5.456019818782806
5.456075996160507
5.5638954639434814
5.563956618309021
5.518749117851257
5.518811881542206
5.543651640415192
5.543719917535782
5.626055896282196
5.626123160123825
5.645263880491257
5.645328015089035
5.589162081480026
5.589221954345703
5.576400876045227
5.576460272073746
5.713551491498947
5.713613778352737
5.700076371431351
5.7001431584358215
5.780785024166107
5.780861914157867
5.755888253450394
5.755972236394882
5.856947511434555
5.857040166854858
5.915934979915619
5.916001975536346
6.087745368480682
6.087804228067398
6.069645375013351
6.069704115390778
6.114129364490509
6.114318639039993
6.0502722561359406
6.050349622964859
6.14687779545784
6.146932631731033
6.101373255252838
6.101436883211136
6.0652883648872375
6.065364301204681
6.141194015741348
6.141253888607025
6.150878310203552
6.150931745767593
6.50914466381073
6.509206652641296
6.478236645460129
6.478312313556671
6.6311445236206055
6.631220489740372
6.563611775636673
6.563685417175293
6.682759612798691
6.682820051908493
6.630943417549133
6.631016165018082
6.7043004631996155
6.704362839460373
6.704256504774094
6.7043538093566895
6.815528482198715
6.81558296084404
6.763804525136948
6.763863772153854
6.833197325468063
6.833261221647263
6.801489681005478
6.801542729139328
6.80021932721138
6.800275355577469
6.924543976783752
6.9245994091033936
6.805231332778931
6.80529922246933
6.802886128425598
6.802967011928558
6.877063632011414
6.877128720283508
6.921051323413849
6.921110779047012
7.011120110750198
7.011186122894287
7.079771280288696
7.079844951629639
7.0000752210617065
7.000143378973007
7.108066082000732
7.108146697282791
7.145900785923004
7.145974159240723
7.199134111404419
7.199207961559296
7.255543887615204
7.255618125200272
7.213386505842209
7.213450729846954
7.209551990032196
7.2096057534217834
7.351037323474884
7.351109445095062
7.38001212477684
7.380089372396469
7.391805082559586
7.391870826482773
7.40573251247406
7.405811995267868
7.428092658519745
7.428187370300293
7.633929222822189
7.634009599685669
7.701308846473694
7.701373249292374
7.671781063079834
7.671854585409164
7.698876440525055
7.6989439725875854
7.789689749479294
7.789748877286911
7.862387955188751
7.8624498546123505
7.824429094791412
7.824501186609268
7.895843654870987
7.89590984582901
7.861863732337952
7.8619192242622375
7.992823153734207
7.9928867518901825
8.045922815799713
8.0459865629673
8.012037366628647
8.012097746133804
8.051797866821289
8.051865041255951
8.088249206542969
8.088313639163971
8.062163978815079
8.062232255935669
8.123277634382248
8.123348534107208
8.151469737291336
8.151539266109467
8.117113500833511
8.117179989814758
8.210181683301926
8.210245549678802
8.517785340547562
8.517846018075943
8.584715247154236
8.584770768880844
8.642688512802124
8.642748832702637
8.617050766944885
8.617107391357422
8.589418888092041
8.589481055736542
8.567929923534393
8.567999333143234
8.647014439105988
8.647078484296799
8.617720484733582
8.6177818775177
8.63667419552803
8.636743515729904
8.591985881328583
8.592049151659012
8.546202600002289
8.546255111694336
8.49161872267723
8.491671621799469
