2.9366830587387085
2.9367616176605225
2.936823010444641
2.9368796348571777
2.9369765520095825
2.9370455741882324
2.9371529817581177
2.937376618385315
2.9862351417541504
2.9867465496063232
2.9868205785751343
2.9869511127471924
2.9872630834579468
2.987346649169922
2.9874120950698853
2.9874720573425293
3.023813843727112
3.0238864421844482
3.023993492126465
3.02406644821167
3.0241284370422363
3.0241838693618774
3.032589912414551
3.0326708555221558
3.1297359466552734
3.1298564672470093
3.1300400495529175
3.130108952522278
3.1301674842834473
3.1302229166030884
3.1302804946899414
3.1303365230560303
3.2654205560684204
3.2654885053634644
3.265587091445923
3.278544545173645
3.283499598503113
3.283585548400879
3.283700108528137
3.2837780714035034
3.306506872177124
3.3066070079803467
3.3066704273223877
3.306727886199951
3.30678391456604
3.30683696269989
3.321393847465515
3.321479320526123
3.3783650398254395
3.378880500793457
3.3789565563201904
3.379020094871521
3.379083514213562
3.3791385889053345
3.3791935443878174
3.379248023033142
3.4079315662384033
3.4079965353012085
3.4082330465316772
3.40830659866333
3.40836501121521
3.4084194898605347
3.4084750413894653
3.4085335731506348
3.446739435195923
3.4468148946762085
3.4468754529953003
3.4469324350357056
3.44706392288208
3.44714093208313
3.4472023248672485
3.4472599029541016
3.4710525274276733
3.4711694717407227
3.4713170528411865
3.4713854789733887
3.471482992172241
3.4715365171432495
3.47158944606781
3.4716399908065796
3.55639910697937
3.5564690828323364
3.5565751791000366
3.5566446781158447
3.5567010641098022
3.556753158569336
3.5568060874938965
3.5568580627441406
3.7881970405578613
3.7883920669555664
3.7884665727615356
3.788522481918335
3.7886414527893066
3.7887020111083984
3.7887810468673706
3.788884997367859
3.8572285175323486
3.857288956642151
3.8573440313339233
3.857396960258484
3.8574600219726562
3.8575379848480225
3.85759699344635
3.857712984085083
3.822432518005371
3.8225040435791016
3.822561025619507
3.8226399421691895
3.822695016860962
3.8227455615997314
3.822798490524292
3.8228514194488525
3.835284471511841
3.8353480100631714
3.835406541824341
3.835463047027588
3.8356109857559204
3.835675001144409
3.835732936859131
3.8357869386672974
3.9300060272216797
3.9301544427871704
3.9375205039978027
3.9376410245895386
3.937711477279663
3.937767505645752
3.9378230571746826
3.937875986099243
3.953009009361267
3.9531126022338867
3.9531774520874023
3.95328152179718
3.9533464908599854
3.953398108482361
3.953594446182251
3.953671932220459
3.9805214405059814
3.9806020259857178
3.9806599617004395
3.9807130098342896
3.980865955352783
3.980943441390991
3.9810038805007935
3.9811495542526245
4.076154947280884
4.076238989830017
4.077462434768677
4.077589988708496
4.077697515487671
4.077764511108398
4.077862024307251
4.077970027923584
4.435793399810791
4.435865044593811
4.435971021652222
4.436036467552185
4.436092495918274
4.4361430406570435
4.436195492744446
4.451097369194031
4.187862038612366
4.187934041023254
4.187991976737976
4.188048481941223
4.188102960586548
4.188154578208923
4.188207983970642
4.188260436058044
4.197330832481384
4.197397470474243
4.197452902793884
4.197505950927734
4.19755744934082
4.197606444358826
4.197706460952759
4.19853138923645
4.317390561103821
4.317476987838745
4.317600965499878
4.3176774978637695
4.317933559417725
4.317999958992004
4.318058013916016
4.318157434463501
4.358566403388977
4.358743906021118
4.358808398246765
4.358865022659302
4.358923435211182
4.358975052833557
4.359935402870178
4.360012054443359
4.383378624916077
4.383439064025879
4.383495092391968
4.383627533912659
4.3837950229644775
4.383858561515808
4.383914470672607
4.3840330839157104
4.432649493217468
4.433027982711792
4.433696508407593
4.433812499046326
4.433884978294373
4.433941006660461
4.442698001861572
4.4427748918533325
4.4980961084365845
4.4981560707092285
4.498211026191711
4.49826455116272
4.498316526412964
4.498365521430969
4.498475074768066
4.498527526855469
4.523838520050049
4.523920059204102
4.524985074996948
4.525063633918762
4.525127649307251
4.525183081626892
4.531746506690979
4.531829595565796
5.641157507896423
5.641230583190918
5.641288638114929
5.642594575881958
5.642912149429321
5.642977595329285
5.6430360078811646
5.643092513084412
5.679786920547485
5.679851412773132
5.679914474487305
5.6800419092178345
5.680113911628723
5.680168986320496
5.680227041244507
5.680281400680542
5.699476480484009
5.699540972709656
5.699597001075745
5.699651479721069
5.699703931808472
5.6997538805007935
5.699968457221985
5.700034976005554
5.839117050170898
5.839179515838623
5.83923602104187
5.839418530464172
5.839488983154297
5.8395445346832275
5.839600563049316
5.839655518531799
5.872531533241272
5.8725974559783936
5.872655868530273
5.8727123737335205
5.872766971588135
5.872819900512695
5.872938394546509
5.873008847236633
5.83964741230011
5.839706540107727
5.839759469032288
5.8398109674453735
5.839862942695618
5.839910984039307
5.839961409568787
5.840012431144714
5.821809530258179
5.8218914270401
5.821946859359741
5.821999549865723
5.822050452232361
5.822099924087524
5.822150468826294
5.822200536727905
5.940469026565552
5.940542459487915
5.940599083900452
5.940653562545776
5.940742015838623
5.940795540809631
5.940848112106323
5.940899014472961
5.963132977485657
5.963196039199829
5.963253974914551
5.963309049606323
5.963361978530884
5.963411569595337
5.9634644985198975
5.963516473770142
5.925742030143738
5.925806403160095
5.92586350440979
5.925917983055115
5.9259713888168335
5.926023006439209
5.926075458526611
5.926128029823303
5.902369022369385
5.90242600440979
5.90247905254364
5.902531623840332
5.902583599090576
5.902631163597107
5.902682542800903
5.902733087539673
5.954714417457581
5.954786539077759
5.954836964607239
5.954902529716492
5.954967498779297
5.95502245426178
5.955082535743713
5.955129384994507
5.9283740520477295
5.928430080413818
5.928479552268982
5.928529500961304
5.928576946258545
5.928625464439392
5.928673028945923
5.928719520568848
5.881622910499573
5.881686449050903
5.881743431091309
5.881820440292358
5.88188099861145
5.8819334506988525
5.881989479064941
5.88204300403595
5.8647414445877075
5.864802956581116
5.864858984947205
5.864912986755371
5.864966034889221
5.865017533302307
5.865069508552551
5.865121006965637
5.799038887023926
5.799128413200378
5.799186825752258
5.799271464347839
5.799334406852722
5.799386501312256
5.799437403678894
5.799488425254822
5.753430604934692
5.753486156463623
5.753536105155945
5.753583669662476
5.753630638122559
5.753675103187561
5.753722548484802
5.753768563270569
6.7955944538116455
6.79565691947937
6.795703053474426
6.795792579650879
6.795852541923523
6.7959184646606445
6.795974493026733
6.796041488647461
6.767398476600647
6.767462491989136
6.767523527145386
6.767579555511475
6.767632603645325
6.7676825523376465
6.767736554145813
6.76779043674469
6.713111996650696
6.71317195892334
6.713227033615112
6.713281035423279
6.713333010673523
6.71338152885437
6.713438510894775
6.7134904861450195
6.64687705039978
6.646935939788818
6.646988391876221
6.647040486335754
6.647095441818237
6.647144436836243
6.647194504737854
6.647245526313782
6.77284300327301
6.7728999853134155
6.772950530052185
6.773000955581665
6.77304995059967
6.773096442222595
6.773146390914917
6.773195505142212
6.728222966194153
6.728282451629639
6.728332996368408
6.728381991386414
6.728429436683655
6.72847843170166
6.728526473045349
6.7285754680633545
6.692871928215027
6.692942023277283
6.692999958992004
6.69305694103241
6.69311249256134
6.693163990974426
6.693218946456909
6.69327449798584
6.653951525688171
6.6540305614471436
6.654097557067871
6.654155015945435
6.654208064079285
6.65425705909729
6.654309034347534
6.654359579086304
6.593417048454285
6.593475580215454
6.593527555465698
6.593578577041626
6.593628525733948
6.59367561340332
6.593729496002197
6.593779563903809
6.677314877510071
6.677372455596924
6.677421927452087
6.677471876144409
6.677520513534546
6.677564859390259
6.677613973617554
6.67768394947052
6.65077805519104
6.65083909034729
6.650892496109009
6.650974631309509
6.651034593582153
6.651086091995239
6.6511390209198
6.6512075662612915
6.639624118804932
6.639712572097778
6.639790058135986
6.639876484870911
6.639936089515686
6.639988899230957
6.640043616294861
6.640097975730896
6.5928720235824585
6.592941999435425
6.592996597290039
6.593053102493286
6.59310507774353
6.593153119087219
6.593233585357666
6.593289494514465
6.54809296131134
6.548164010047913
6.548232078552246
6.54830002784729
6.548364520072937
6.548416972160339
6.548470497131348
6.548619031906128
6.580394983291626
6.580455422401428
6.580509066581726
6.580561876296997
6.580613493919373
6.5806615352630615
6.580713391304016
6.580765008926392
6.580302596092224
6.580390453338623
6.580448508262634
6.580620050430298
6.580772519111633
6.580839991569519
6.580909967422485
6.58096706867218
6.49124801158905
6.491330504417419
6.491411447525024
6.491504549980164
6.491571545600891
6.491633057594299
6.491690397262573
6.491743445396423
6.583832502365112
6.58391535282135
6.583972930908203
6.584093928337097
6.5841569900512695
6.584266424179077
6.5843305587768555
6.584408521652222
6.557908415794373
6.557987451553345
6.5580408573150635
6.558093905448914
6.558302402496338
6.558363914489746
6.558419942855835
6.558472394943237
6.554853439331055
6.554916501045227
6.554984450340271
6.555039405822754
6.555091381072998
6.555139899253845
6.555191874504089
6.5552438497543335
6.4777374267578125
6.4777984619140625
6.477853536605835
6.4779064655303955
6.47795844078064
6.478006482124329
6.478060483932495
6.478111028671265
6.450322389602661
6.450377941131592
6.450428366661072
6.4504783153533936
6.450528383255005
6.45057487487793
6.450624465942383
6.450672388076782
6.4885125160217285
6.488571524620056
6.488622546195984
6.488672494888306
6.488744020462036
6.4887934923172
6.488844990730286
6.488894939422607
6.5289610624313354
6.529024958610535
6.5290820598602295
6.529137015342712
6.529191017150879
6.529242038726807
6.529294967651367
6.529348015785217
6.4777668714523315
6.47783100605011
6.477932929992676
6.478044509887695
6.478106498718262
6.478157877922058
6.478211045265198
6.478262901306152
6.428517460823059
6.4285783767700195
6.428630352020264
6.428681969642639
6.428752422332764
6.428805947303772
6.428857922554016
6.428921461105347
6.371492981910706
6.371556520462036
6.37160849571228
6.371659994125366
6.371710419654846
6.371756911277771
6.371813535690308
6.371867418289185
6.385068416595459
6.3851364850997925
6.385192036628723
6.385244965553284
6.385296583175659
6.385344505310059
6.385394930839539
6.38544499874115
6.324579954147339
6.324640989303589
6.324695110321045
6.324747085571289
6.324798941612244
6.324847102165222
6.324897527694702
6.324949026107788
6.319100022315979
6.319162607192993
6.319216012954712
6.319269061088562
6.319321632385254
6.3193700313568115
6.319428563117981
6.319480061531067
6.44133198261261
6.4413933753967285
6.44144594669342
6.4414979219436646
6.441548466682434
6.441594481468201
6.441643953323364
6.441694021224976
6.388975024223328
6.389031529426575
6.389081954956055
6.389131546020508
6.389180541038513
6.389226078987122
6.389275550842285
6.389323592185974
6.344827055931091
6.3448851108551025
6.3449366092681885
6.344988465309143
6.345038533210754
6.345085620880127
6.345137119293213
6.345187067985535
6.397657513618469
6.397734642028809
6.397793173789978
6.397852659225464
6.39790666103363
6.397956609725952
6.3980101346969604
6.398063540458679
6.34565794467926
6.345722079277039
6.3457770347595215
6.345831513404846
6.3458839654922485
6.345932602882385
6.345986008644104
6.346037983894348
6.287261366844177
6.287316918373108
6.287367939949036
6.287419319152832
6.287469387054443
6.28751540184021
6.2875648736953735
6.287614822387695
6.230739593505859
6.230798006057739
6.230849504470825
6.230899095535278
6.2309499979019165
6.230996012687683
6.231045484542847
6.231094598770142
6.175971508026123
6.176029562950134
6.176082134246826
6.17613410949707
6.176183462142944
6.191180467605591
6.191245436668396
6.191301584243774
6.267282009124756
6.2673444747924805
6.2674009799957275
6.267458438873291
6.267513036727905
6.267563581466675
6.2676169872283936
6.267674088478088
6.219832539558411
6.219897508621216
6.219973087310791
6.220035433769226
6.220121502876282
6.220180988311768
6.220241546630859
6.220322489738464
6.16614043712616
6.166207909584045
6.16626501083374
6.166316032409668
6.166365385055542
6.166411995887756
6.166463017463684
6.166534423828125
7.165241003036499
7.165298938751221
7.165349006652832
7.165400981903076
7.165451526641846
7.165497064590454
7.165547966957092
7.165598511695862
7.379003047943115
7.379063010215759
7.379117012023926
7.379171013832092
7.379225015640259
7.379273414611816
7.379328012466431
7.379381060600281
7.3183499574661255
7.318411946296692
7.318464517593384
7.318574547767639
7.318665981292725
7.318724036216736
7.318779349327087
7.318938970565796
7.403215527534485
7.40327787399292
7.40333092212677
7.403386950492859
7.403441548347473
7.403489947319031
7.403542518615723
7.403602957725525
7.347095489501953
7.347153902053833
7.347203969955444
7.347257018089294
7.347311496734619
7.347357511520386
7.347409009933472
7.347460031509399
7.3236565589904785
7.323718905448914
7.32377302646637
7.323828935623169
7.323889493942261
7.323938012123108
7.323989987373352
7.324041962623596
7.215192556381226
7.21525502204895
7.215306043624878
7.215360045433044
7.215413451194763
7.21546196937561
7.2155128717422485
7.2155643701553345
7.2305110692977905
7.230571031570435
7.230621576309204
7.230675101280212
7.230727553367615
7.230774998664856
7.230826020240784
7.23087751865387
7.109111547470093
7.109183073043823
7.109244108200073
7.1092976331710815
7.109349608421326
7.1093961000442505
7.109446048736572
7.109495043754578
7.1277525424957275
7.127808570861816
7.12785804271698
7.127909541130066
7.127959966659546
7.128006458282471
7.128060936927795
7.1281105279922485
7.097442984580994
7.097502589225769
7.097553968429565
7.0976070165634155
7.097660541534424
7.097709059715271
7.0977619886398315
7.097813963890076
7.039807915687561
7.039870381355286
7.0399229526519775
7.039976358413696
7.04002833366394
7.040080428123474
7.0401328802108765
7.040183901786804
6.988029956817627
6.988090395927429
6.988141417503357
6.988192915916443
6.988244414329529
6.98829448223114
6.988346457481384
6.988396525382996
8.06186306476593
8.061921000480652
8.061969995498657
8.062021970748901
8.062072038650513
8.062119007110596
8.062168002128601
8.062217593193054
8.006613969802856
8.006686449050903
8.006744861602783
8.00680947303772
8.006858468055725
8.006903529167175
8.006953477859497
8.007001042366028
7.969251990318298
7.969310998916626
7.969363451004028
7.969423890113831
7.969476938247681
7.969526052474976
7.969576954841614
7.969628930091858
7.903436541557312
7.903494954109192
7.90354597568512
7.903599977493286
7.90366005897522
7.903708457946777
7.903761506080627
7.9038389921188354
8.033905506134033
8.034003496170044
8.034064412117004
8.034124970436096
8.034218072891235
8.034277439117432
8.034331917762756
8.03438401222229
7.979868054389954
7.9799240827560425
7.980000615119934
7.980065107345581
7.980118036270142
7.980165123939514
7.980215668678284
7.980266094207764
8.2323739528656
8.232431411743164
8.2324800491333
8.232530355453491
8.232580423355103
8.232625961303711
8.232674956321716
8.232723951339722
8.121585369110107
8.121642827987671
8.121697425842285
8.121751427650452
8.121802926063538
8.121850967407227
8.121901988983154
8.121953010559082
7.8210209608078
7.821082353591919
7.821133852005005
7.821188926696777
7.821243405342102
7.8212913274765015
7.821342349052429
7.821395397186279
8.081254005432129
8.081323981285095
8.081374526023865
8.081427574157715
8.0814790725708
8.081526160240173
8.081578135490417
8.081628561019897
7.751673102378845
7.751731514930725
7.7517805099487305
7.751832485198975
7.751883506774902
7.751931071281433
7.751981496810913
7.752032041549683
8.058882474899292
8.05895447731018
8.059008479118347
8.059066534042358
8.059121012687683
8.059170007705688
8.059223055839539
8.059275507926941
7.717445492744446
7.717507004737854
7.717560529708862
7.71761691570282
7.717677593231201
7.717728018760681
7.717782020568848
7.717834949493408
7.665854454040527
7.665918469429016
7.665971398353577
7.6660274267196655
7.66608190536499
7.666131973266602
7.666185021400452
7.666237473487854
7.977998375892639
7.978060483932495
7.978114008903503
7.978170990943909
7.978225469589233
7.978276014328003
7.978330492973328
7.978383421897888
7.5796250104904175
7.579705476760864
7.579759001731873
7.579813003540039
7.579869508743286
7.579919457435608
7.579973459243774
7.580026030540466
7.558890461921692
7.558955430984497
7.559009552001953
7.559069037437439
7.559125065803528
7.559175491333008
7.5592299699783325
7.559283971786499
7.8110785484313965
7.811139941215515
7.811194062232971
7.811254501342773
7.811310529708862
7.81136155128479
7.811421036720276
7.811474919319153
7.752472877502441
7.752535343170166
7.752612948417664
7.752679824829102
7.752739429473877
7.752827405929565
7.752904415130615
7.752965450286865
7.693366050720215
7.693427562713623
7.693480491638184
7.693537950515747
7.6935930252075195
7.6936434507369995
7.69369649887085
7.693750500679016
7.664064049720764
7.6641271114349365
7.664180517196655
7.664237141609192
7.664292097091675
7.664342522621155
7.6643970012664795
7.6644511222839355
7.607341408729553
7.607401967048645
7.607455015182495
7.60750949382782
7.6075639724731445
7.607613563537598
7.607666492462158
7.607719540596008
7.554912090301514
7.5549715757369995
7.555022597312927
7.555078029632568
7.555132031440735
7.555180549621582
7.555233120918274
7.55528461933136
7.497600078582764
7.497658014297485
7.497708439826965
7.497762084007263
7.497814059257507
7.497861623764038
7.497916579246521
7.497971057891846
8.074803471565247
8.074859023094177
8.074908018112183
8.074958443641663
8.07500958442688
8.075055480003357
8.075106501579285
8.07515549659729
8.044127583503723
8.044188022613525
8.044242978096008
8.044297575950623
8.044351935386658
8.044417977333069
8.044485569000244
8.044541478157043
7.989039421081543
7.989099860191345
7.989151835441589
7.989205360412598
7.989258885383606
7.989307403564453
7.989367842674255
7.989418983459473
7.93176543712616
7.931822061538696
7.931872487068176
7.931965947151184
7.9320443868637085
7.932132005691528
7.932233929634094
7.932289004325867
8.023377537727356
8.023435473442078
8.023488521575928
8.023540496826172
8.023589968681335
8.023635506629944
8.023683905601501
8.023733019828796
7.966048955917358
7.966104507446289
7.966152548789978
7.9662024974823
7.966251015663147
7.966297030448914
7.966345548629761
7.966395020484924
7.93428635597229
7.934345364570618
7.934395432472229
7.9344483613967896
7.934499382972717
7.9345463514328
7.934603929519653
7.934654951095581
7.863138437271118
7.863195419311523
7.863245010375977
7.8632975816726685
7.863348007202148
7.8633949756622314
7.863445043563843
7.863495469093323
7.803805947303772
7.803861975669861
7.803911089897156
7.8039630651474
7.80401349067688
7.804060459136963
7.804111003875732
7.804161071777344
7.815781950950623
7.815839409828186
7.81588888168335
7.815940856933594
7.815995454788208
7.816042900085449
7.816093921661377
7.816142916679382
7.75955593585968
7.759611010551453
7.759658455848694
7.759737491607666
7.759793043136597
7.759841561317444
7.759892463684082
7.75994348526001
7.469202518463135
7.469259977340698
7.469311475753784
7.469386458396912
7.469443440437317
7.469494462013245
7.4695494174957275
7.46966552734375
7.48742401599884
7.4876790046691895
7.487828493118286
7.4879279136657715
7.488108515739441
7.488168478012085
7.48822546005249
7.488277435302734
7.431977987289429
7.432037115097046
7.432087063789368
7.43213951587677
7.432192087173462
7.432239055633545
7.432295083999634
7.432347059249878
7.459722518920898
7.459776997566223
7.459825873374939
7.459876894950867
7.459928035736084
7.459975004196167
7.460028529167175
7.460078954696655
7.418777585029602
7.418841481208801
7.418954014778137
7.419012069702148
7.4190651178359985
7.419129133224487
7.419188499450684
7.419246435165405
7.451474547386169
7.4515334367752075
7.451584458351135
7.451637506484985
7.451689004898071
7.451736569404602
7.451787948608398
7.451839566230774
7.416034936904907
7.416094422340393
7.416146397590637
7.416202425956726
7.41625702381134
7.416306495666504
7.416359901428223
7.41642689704895
8.17754602432251
8.177604079246521
8.177654504776001
8.17770802974701
8.177760481834412
8.177808046340942
8.177860021591187
8.177911520004272
8.181273102760315
8.181329488754272
8.181379079818726
8.181464552879333
8.181660056114197
8.181711554527283
8.181764960289001
8.181816101074219
8.123890399932861
8.123946905136108
8.123995900154114
8.124046444892883
8.124095916748047
8.124141931533813
8.1241934299469
8.124241828918457
8.094988584518433
8.095048069953918
8.095098495483398
8.095163464546204
8.095231533050537
8.095282554626465
8.09533703327179
8.095389008522034
8.077690482139587
8.077780961990356
8.07783591747284
8.077893376350403
8.077948451042175
8.077999472618103
8.078052997589111
8.07810640335083
8.021406888961792
8.021465539932251
8.021515488624573
8.02156949043274
8.021620512008667
8.021668076515198
8.021718502044678
8.021768569946289
7.963672995567322
7.963728547096252
7.963799476623535
7.963857531547546
7.9639095067977905
7.963956952095032
7.964005947113037
7.96405553817749
7.905351877212524
7.905406475067139
7.905457973480225
7.905537009239197
7.90559196472168
7.905639410018921
7.905690550804138
7.905738472938538
8.14880895614624
8.148869514465332
8.148921608924866
8.148977994918823
8.149032473564148
8.149081587791443
8.14913558959961
8.149188041687012
8.096809983253479
8.0968679189682
8.096918940544128
8.09697151184082
8.097024083137512
8.097075939178467
8.097128033638
8.097179055213928
8.034612894058228
8.034677028656006
8.034726858139038
8.03477942943573
8.0348299741745
8.034876465797424
8.034927487373352
8.03497838973999
7.976746439933777
7.976801514625549
7.976848483085632
7.976898908615112
7.976946830749512
7.976991891860962
7.977039456367493
7.977086424827576
7.929597973823547
7.9296555519104
7.929705619812012
7.929759502410889
7.929814100265503
7.929861068725586
7.929911136627197
7.9299635887146
7.8798511028289795
7.879910111427307
7.879959583282471
7.880011558532715
7.880063533782959
7.880110502243042
7.880160570144653
7.880210638046265
7.821905016899109
7.821961522102356
7.822010040283203
7.822062611579895
7.822113037109375
7.822159647941589
7.822209596633911
7.822258114814758
7.777203440666199
7.777261972427368
7.777313470840454
7.7773659229278564
7.777416944503784
7.777464509010315
7.777514338493347
7.7775644063949585
7.723132491111755
7.723188519477844
7.723241090774536
7.72329306602478
7.723344087600708
7.723390102386475
7.723438620567322
7.723487496376038
7.666991472244263
7.667048096656799
7.667098641395569
7.667149543762207
7.667198538780212
7.667244076728821
7.667297124862671
7.667346119880676
7.609341979026794
7.6093984842300415
7.609446883201599
7.6094969511032104
7.609545469284058
7.609591007232666
7.609638452529907
7.60968554019928
7.551138997077942
7.55119252204895
7.551238536834717
7.55128812789917
7.551335573196411
7.551380157470703
7.5514280796051025
7.551475524902344
7.780998945236206
7.78106689453125
7.781118392944336
7.781171441078186
7.781222462654114
7.781269431114197
7.78131890296936
7.781368851661682
7.728248357772827
7.728304862976074
7.728353977203369
7.7284053564071655
7.728455901145935
7.728503942489624
7.728553414344788
7.728604435920715
7.6860129833221436
7.686097025871277
7.68615448474884
7.68621039390564
7.68626344203949
7.686311602592468
7.6863625049591064
7.68641197681427
7.819533467292786
7.819601535797119
7.819651126861572
7.819702625274658
7.819753527641296
7.819800615310669
7.819849491119385
7.819916009902954
7.765468597412109
7.765527009963989
7.765575647354126
7.765626072883606
7.765676975250244
7.7657225131988525
7.765771508216858
7.765820145606995
7.70837938785553
7.708434462547302
7.708481431007385
7.708531498908997
7.708581447601318
7.70862603187561
7.708674907684326
7.708725452423096
7.656535029411316
7.656590461730957
7.65663743019104
7.6566994190216064
7.656748533248901
7.656792879104614
7.656840562820435
7.65692400932312
7.654202103614807
7.654257535934448
7.654306054115295
7.654356598854065
7.654406666755676
7.654452562332153
7.6545010805130005
7.654550075531006
8.936437487602234
8.936495542526245
8.936548471450806
8.936599016189575
8.936673402786255
8.93672800064087
8.936781406402588
8.936832547187805
8.894726872444153
8.894785404205322
8.894837379455566
8.894887566566467
8.89493989944458
8.894988059997559
8.895038962364197
8.895092487335205
8.840246558189392
8.840304970741272
8.840354442596436
8.840404510498047
8.840455055236816
8.840500950813293
8.840550065040588
8.840598940849304
8.891121506690979
8.891176462173462
8.89122450351715
8.891272902488708
8.891322493553162
8.89136803150177
8.891417980194092
8.891466498374939
8.833587050437927
8.833644986152649
8.833692908287048
8.833741426467896
8.83379054069519
8.833834886550903
8.833883881568909
8.833931565284729
9.070604920387268
9.070713520050049
9.070764899253845
9.070817947387695
9.070875525474548
9.070923447608948
9.070975422859192
9.071025490760803
9.021608471870422
9.021668553352356
9.021719574928284
9.021770000457764
9.021823525428772
9.021871566772461
9.021921992301941
9.021973490715027
8.953750967979431
8.953811526298523
8.953861951828003
8.95391309261322
8.953965425491333
8.954012989997864
8.954063534736633
8.954113006591797
8.915032386779785
8.915089964866638
8.915138483047485
8.91519045829773
8.915241003036499
8.915287017822266
8.915335893630981
8.915385007858276
8.853912472724915
8.853967428207397
8.854015469551086
8.85406243801117
8.854110956192017
8.854155421257019
8.854203462600708
8.854251027107239
8.83407747745514
8.834138035774231
8.834190487861633
8.83424198627472
8.83429503440857
8.834343433380127
8.83440101146698
8.834455490112305
8.89337158203125
8.893428564071655
8.893478512763977
8.89352810382843
8.893579602241516
8.8936265707016
8.893676519393921
8.893726587295532
9.99919056892395
9.999246954917908
9.99929654598236
9.999344944953918
9.999392986297607
9.999439001083374
9.99948799610138
9.99953806400299
9.91986083984375
9.919918894767761
9.919967412948608
9.920034408569336
9.920101404190063
9.92014992237091
9.920202374458313
9.920253872871399
9.915607333183289
9.915665984153748
9.915716886520386
9.915767908096313
9.915818929672241
9.91586697101593
9.915919423103333
9.91597044467926
9.967443466186523
9.967504024505615
9.967556595802307
9.967608571052551
9.967661023139954
9.967710018157959
9.967764496803284
9.967817544937134
9.916669011116028
9.916725516319275
9.916775584220886
9.91682505607605
9.916874527931213
9.916921019554138
9.91697096824646
9.91702151298523
9.945055961608887
9.945111989974976
9.945160388946533
9.945209383964539
9.945257425308228
9.945302367210388
9.945352554321289
9.945401430130005
9.87418794631958
9.874252438545227
9.874301433563232
9.874349474906921
9.874396920204163
9.874441862106323
9.87449049949646
9.87453842163086
9.81753396987915
9.817591428756714
9.817641496658325
9.817692399024963
9.817741990089417
9.817789912223816
9.817867875099182
9.817923903465271
9.860406875610352
9.860468983650208
9.860520482063293
9.860572934150696
9.860623955726624
9.860671877861023
9.860723853111267
9.860776424407959
9.782589435577393
9.782657504081726
9.782713055610657
9.782767534255981
9.78281855583191
9.782866477966309
9.782919049263
9.782970070838928
9.858049511909485
9.858105540275574
9.858154058456421
9.85820209980011
9.858250617980957
9.858295559883118
9.85834550857544
9.858394503593445
9.806322932243347
9.806378483772278
9.806431889533997
9.806480526924133
9.806527853012085
9.806573033332825
9.80663251876831
9.806680917739868
9.786249995231628
9.786308526992798
9.786358952522278
9.786409497261047
9.786460041999817
9.786506533622742
9.786594986915588
9.786653518676758
9.723158478736877
9.723219990730286
9.72327196598053
9.723323464393616
9.723374485969543
9.723422527313232
9.723474502563477
9.72352647781372
9.667605996131897
9.667679905891418
9.667730450630188
9.667781472206116
9.667834997177124
9.667882084846497
9.667932987213135
9.66800856590271
9.710583090782166
9.710638642311096
9.710686564445496
9.710735559463501
9.710784077644348
9.710829496383667
9.710877537727356
9.710926055908203
9.786787509918213
9.786844968795776
9.786896467208862
9.78694498538971
9.78699254989624
9.787036418914795
9.787085056304932
9.787132978439331
9.72264564037323
9.722704648971558
9.722756147384644
9.722806096076965
9.722856640815735
9.722903490066528
9.722955107688904
9.723007559776306
9.682076930999756
9.682136416435242
9.682187914848328
9.682240009307861
9.682291984558105
9.682339906692505
9.682392477989197
9.682445406913757
9.702215909957886
9.702273845672607
9.702322840690613
9.70237386226654
9.702424883842468
9.702471852302551
9.702526807785034
9.702603936195374
9.629392504692078
9.629449486732483
9.629497408866882
9.629546046257019
9.629594087600708
9.629638910293579
9.629687547683716
9.629736542701721
9.57310152053833
9.573171496391296
9.573234558105469
9.573285460472107
9.573341488838196
9.573388457298279
9.573437452316284
9.573486566543579
9.679739475250244
9.679796934127808
9.67984688282013
9.67991590499878
9.679986953735352
9.680039882659912
9.680094003677368
9.680145382881165
9.6416335105896
9.641716957092285
9.641772508621216
9.641824960708618
9.641876459121704
9.641941905021667
9.642009496688843
9.64207899570465
9.59306001663208
9.593136548995972
9.593186974525452
9.593237519264221
9.593287467956543
9.593334078788757
9.593384504318237
9.593434929847717
9.619245648384094
9.619315147399902
9.619378566741943
9.619441509246826
9.619491577148438
9.619537591934204
9.619587540626526
9.61963701248169
9.574667096138
9.574721932411194
9.574769973754883
9.574818015098572
9.574865460395813
9.57491946220398
9.575001955032349
9.575056552886963
9.519850492477417
9.519906044006348
9.519954562187195
9.52000343799591
9.520052909851074
9.52009904384613
9.520147919654846
9.520196914672852
9.527047991752625
9.527107954025269
9.527158975601196
9.527209520339966
9.527261137962341
9.527308106422424
9.527361512184143
9.527413487434387
9.580995440483093
9.581056475639343
9.581143975257874
9.581208944320679
9.58131754398346
9.581377029418945
9.581430435180664
9.58148205280304
9.542125463485718
9.542182564735413
9.542235493659973
9.54228401184082
9.542343974113464
9.542389512062073
9.542437434196472
9.54248595237732
9.484802007675171
9.48485553264618
9.48490309715271
9.484949588775635
9.484997510910034
9.485042572021484
9.485090970993042
9.485138535499573
9.440656542778015
9.440714478492737
9.4407639503479
9.440813541412354
9.440862536430359
9.440908432006836
9.440958023071289
9.441007018089294
9.526363968849182
9.526424050331116
9.52648401260376
9.526535987854004
9.526586532592773
9.526634573936462
9.526695132255554
9.526750564575195
9.468887090682983
9.468945503234863
9.468995451927185
9.469045519828796
9.469094514846802
9.469141006469727
9.469218015670776
9.469273090362549
9.417225003242493
9.417281031608582
9.417340874671936
9.41740345954895
9.41745936870575
9.417506456375122
9.41755747795105
9.417606949806213
9.439367532730103
9.439419984817505
9.439465999603271
9.439512491226196
9.439558982849121
9.439602971076965
9.439650535583496
9.439698457717896
9.395163536071777
9.395221590995789
9.39527153968811
9.395321488380432
9.395372033119202
9.395419001579285
9.395469069480896
9.395520567893982
9.36340856552124
9.36346447467804
9.363512992858887
9.36356246471405
9.363680005073547
9.363757014274597
9.363813519477844
9.363919496536255
9.317544937133789
9.317603945732117
9.317654967308044
9.317705512046814
9.317755460739136
9.317802906036377
9.31785500049591
9.31790542602539
9.335121631622314
9.33517849445343
9.3352290391922
9.335278630256653
9.3353271484375
9.335372567176819
9.335426568984985
9.335477113723755
9.40494191646576
9.404998898506165
9.40505599975586
9.405105471611023
9.405153393745422
9.405199527740479
9.405247926712036
9.4052973985672
9.344265460968018
9.34432339668274
9.344372987747192
9.344421982765198
9.344470977783203
9.344516038894653
9.344566941261292
9.344617009162903
9.300420045852661
9.300478100776672
9.30052900314331
9.30057954788208
9.30062997341156
9.30067753791809
9.300731539726257
9.300783038139343
9.315299034118652
9.31535792350769
9.315408945083618
9.315460562705994
9.315510988235474
9.31555950641632
9.315611004829407
9.315662503242493
9.288871884346008
9.288931488990784
9.288990020751953
9.289039015769958
9.289089441299438
9.289136528968811
9.289186477661133
9.289236426353455
9.234652519226074
9.23470950126648
9.234758496284485
9.234807968139648
9.234859585762024
9.23490560054779
9.234955430030823
9.235005497932434
9.177999019622803
9.178058505058289
9.1781085729599
9.178158044815063
9.17820656299591
9.178252577781677
9.178302526473999
9.178353071212769
10.358130097389221
10.358187556266785
10.358237624168396
10.358288168907166
10.358338475227356
10.35838508605957
10.358436107635498
10.35848867893219
10.302144408226013
10.302201986312866
10.302250981330872
10.302300930023193
10.302350521087646
10.302404403686523
10.30245292186737
10.302502989768982
10.295640468597412
10.295697569847107
10.295745968818665
10.295794606208801
10.295843124389648
10.295888066291809
10.29593551158905
10.295985102653503
10.241085410118103
10.24114453792572
10.241199016571045
10.241250038146973
10.241301536560059
10.241347432136536
10.241397976875305
10.24144959449768
10.386751055717468
10.386807441711426
10.386855483055115
10.386916875839233
10.386967420578003
10.387012958526611
10.387062430381775
10.387111902236938
10.329130053520203
10.32918655872345
10.329234600067139
10.32928204536438
10.329329013824463
10.32937753200531
10.329423546791077
10.329472064971924
10.285015940666199
10.285072922706604
10.285122990608215
10.285172462463379
10.285222053527832
10.285269498825073
10.285317063331604
10.285367488861084
11.324967980384827
11.325028419494629
11.32508099079132
11.325134515762329
11.32521140575409
11.325262904167175
11.3253173828125
11.325369000434875
11.222141981124878
11.2221999168396
11.222249984741211
11.222299933433533
11.22235643863678
11.222402930259705
11.222450971603394
11.222499966621399
11.16651165485382
11.1665700674057
11.16662061214447
11.166670083999634
11.166720032691956
11.16676652431488
11.166815161705017
11.166863560676575
11.247021436691284
11.24708104133606
11.247132897377014
11.247184991836548
11.247236967086792
11.247285008430481
11.247335433959961
11.247384905815125
11.302050948143005
11.302112579345703
11.302164077758789
11.302216053009033
11.30226755142212
11.30231761932373
11.302367568016052
11.302416443824768
11.169622540473938
11.169679999351501
11.169730067253113
11.169780015945435
11.169830560684204
11.169877529144287
11.169925451278687
11.169973492622375
11.184675574302673
11.184732556343079
11.184782028198242
11.18483054637909
11.184878587722778
11.184924006462097
11.184974551200867
11.18502151966095
11.207714438438416
11.207770466804504
11.20781946182251
11.20787000656128
11.207919478416443
11.207965970039368
11.208014488220215
11.20806348323822
11.076380014419556
11.076435565948486
11.076484084129333
11.076534032821655
11.07658302783966
11.076650500297546
11.07672107219696
11.07677412033081
11.020125985145569
11.02018404006958
11.020249962806702
11.0203115940094
11.020364999771118
11.020412564277649
11.02046000957489
11.020509958267212
11.093082070350647
11.093140125274658
11.09318995475769
11.093241095542908
11.09329104423523
11.093337059020996
11.09341549873352
11.093472003936768
11.03186047077179
11.03191602230072
11.031965017318726
11.032015442848206
11.032063961029053
11.03210997581482
11.03215754032135
11.032204389572144
10.97241199016571
10.972467422485352
10.97251558303833
10.972564458847046
10.972612977027893
10.972658038139343
10.972705006599426
10.972752094268799
10.889463543891907
10.889533042907715
10.889586567878723
10.889636039733887
10.88968563079834
10.8897305727005
10.889778137207031
10.889825582504272
11.115875840187073
11.115935444831848
11.115985870361328
11.116036415100098
11.116090416908264
11.116138458251953
11.116187334060669
11.116236448287964
11.046755075454712
11.046813011169434
11.046862006187439
11.046911120414734
11.046959519386292
11.0470050573349
11.047053098678589
11.047099590301514
10.989153981208801
10.98921251296997
10.989262104034424
10.98931097984314
10.989360570907593
10.989407062530518
10.989454984664917
10.989503026008606
10.946331977844238
10.946389436721802
10.946443915367126
10.946494460105896
10.946544528007507
10.94659149646759
10.946640372276306
10.94668996334076
11.044458150863647
11.044515132904053
11.044564604759216
11.044614553451538
11.044664144515991
11.04471206665039
11.04477059841156
11.044818639755249
10.98557996749878
10.98563539981842
10.98568344116211
10.98573100566864
10.985778450965881
10.985823512077332
10.985869526863098
10.985916495323181
10.916231870651245
10.916286945343018
10.916334986686707
10.916382908821106
10.916431427001953
10.916476488113403
10.916524410247803
10.916571378707886
10.927987575531006
10.92804753780365
10.92809796333313
10.928150534629822
10.928202033042908
10.928251028060913
10.928300499916077
10.92834997177124
10.876174926757812
10.87623393535614
10.876287579536438
10.876338958740234
10.876392483711243
10.876439452171326
10.876489043235779
10.8765389919281
10.859607458114624
10.859668016433716
10.859720468521118
10.85977303981781
10.859824895858765
10.859873414039612
10.859923958778381
10.859974980354309
10.863100409507751
10.863158464431763
10.863208413124084
10.863258004188538
10.863306999206543
10.863356828689575
10.863405466079712
10.863453984260559
10.787837982177734
10.787896513938904
10.78794550895691
10.787994146347046
10.788043022155762
10.788087606430054
10.78813362121582
10.788180947303772
10.915300965309143
10.915361523628235
10.915412545204163
10.915464520454407
10.915515065193176
10.915563106536865
10.91561496257782
10.91566550731659
10.883692383766174
10.883756041526794
10.88381052017212
10.883864521980286
10.883917570114136
10.883966445922852
10.884029984474182
10.884080052375793
10.812349915504456
10.812408924102783
10.812459468841553
10.812510013580322
10.812567949295044
10.812614560127258
10.812663912773132
10.81271243095398
10.743171095848083
10.743229508399963
10.743279099464417
10.743327617645264
10.743375539779663
10.743420481681824
10.743467569351196
10.743514657020569
10.837507486343384
10.837567329406738
10.837618947029114
10.837670922279358
10.837720394134521
10.837767958641052
10.837816953659058
10.837867021560669
10.782178044319153
10.782235503196716
10.782284021377563
10.782333612442017
10.782382011413574
10.78242802619934
10.782474994659424
10.782522082328796
10.720863461494446
10.720927953720093
10.720991969108582
10.721051573753357
10.721115469932556
10.721192479133606
10.72124993801117
10.72132396697998
10.777600049972534
10.777660369873047
10.777718424797058
10.777784943580627
10.777863502502441
10.77791452407837
10.777966380119324
10.778031945228577
10.747900485992432
10.747955441474915
10.748003005981445
10.74804949760437
10.748096466064453
10.748140931129456
10.748186469078064
10.748232960700989
10.685832023620605
10.685899019241333
10.685970067977905
10.686024904251099
10.686109066009521
10.686161518096924
10.686211943626404
10.686335444450378
10.706618428230286
10.706678986549377
10.706729412078857
10.706781387329102
10.706830978393555
10.706877946853638
10.70695698261261
10.707011938095093
10.663198113441467
10.663259506225586
10.663312554359436
10.66338562965393
10.66346561908722
10.66351854801178
10.66357147693634
10.66362452507019
10.610382556915283
10.610453963279724
10.610512495040894
10.610567092895508
10.610619068145752
10.610666990280151
10.610717058181763
10.610774636268616
10.719475507736206
10.719531536102295
10.719579458236694
10.719643473625183
10.71970248222351
10.719803929328918
10.719860553741455
10.719913482666016
10.66939103603363
10.669455528259277
10.669505000114441
10.66955304145813
10.669602036476135
10.669646978378296
10.669692993164062
10.669741034507751
10.647526025772095
10.647583484649658
10.647632956504822
10.647683024406433
10.647732019424438
10.647781491279602
10.64783000946045
10.647878050804138
10.604434370994568
10.604496955871582
10.604548931121826
10.604601502418518
10.604652404785156
10.604700922966003
10.604750514030457
10.604800939559937
10.574557542800903
10.57464051246643
10.574691891670227
10.574753880500793
10.57487142086029
10.574926495552063
10.574987888336182
10.575039029121399
10.613845467567444
10.613902926445007
10.613951444625854
10.613999843597412
10.614049911499023
10.61409592628479
10.614141941070557
10.61418890953064
10.556016445159912
10.556082487106323
10.55613100528717
10.556179523468018
10.55622684955597
10.556271433830261
10.556318879127502
10.556365966796875
10.497053503990173
10.497110486030579
10.4971604347229
10.497210502624512
10.497259497642517
10.497305512428284
10.497353434562683
10.49740195274353
10.490540981292725
10.490602016448975
10.490663528442383
10.49071741104126
10.490769982337952
10.49081802368164
10.490867495536804
10.490917921066284
10.439149618148804
10.439220666885376
10.439279556274414
10.439331531524658
10.43938398361206
10.43943202495575
10.439483642578125
10.439533591270447
10.583593368530273
10.583683490753174
10.583761930465698
10.583879470825195
10.583965420722961
10.584041476249695
10.584091901779175
10.584181904792786
10.543413519859314
10.543471455574036
10.543522477149963
10.543573379516602
10.54362440109253
10.54367196559906
10.543721914291382
10.543771505355835
10.49339747428894
10.493455529212952
10.493505001068115
10.493556022644043
10.493605017662048
10.49365246295929
10.493702054023743
10.49377954006195
10.503406047821045
10.503502488136292
10.503551959991455
10.503602981567383
10.503650903701782
10.503723502159119
10.503775000572205
10.503827452659607
10.448778510093689
10.448835492134094
10.448883414268494
10.448957443237305
10.44902789592743
10.449076533317566
10.449126958847046
10.449174404144287
10.403210997581482
10.403266072273254
10.403313517570496
10.403360962867737
10.403408408164978
10.40345299243927
10.403498530387878
10.403544545173645
10.369027495384216
10.369082927703857
10.369131445884705
10.36918044090271
10.369230389595032
10.369277000427246
10.369324922561646
10.369372367858887
11.50253140926361
11.50263798236847
11.502698540687561
11.50275194644928
11.502802014350891
11.502847909927368
11.502895951271057
11.502941489219666
11.542996048927307
11.54305100440979
11.543098449707031
11.543146014213562
11.543193936347961
11.543238997459412
11.543285489082336
11.543330550193787
11.494141936302185
11.494200468063354
11.494251489639282
11.494306087493896
11.494356393814087
11.494403958320618
11.494453430175781
11.494500517845154
11.672409057617188
11.672465085983276
11.67251706123352
11.67256760597229
11.67261552810669
11.672661542892456
11.672708511352539
11.672754526138306
11.61914849281311
11.619206070899963
11.619255542755127
11.619303941726685
11.619353413581848
11.619398474693298
11.619448900222778
11.619494557380676
11.559547781944275
11.559603452682495
11.559651374816895
11.559698820114136
11.559745907783508
11.55979037284851
11.559836387634277
11.55988085269928
11.71335244178772
11.71340548992157
11.713451504707336
11.713497996330261
11.71354353427887
11.713587403297424
11.713631987571716
11.713674902915955
11.710641026496887
11.710700988769531
11.710754632949829
11.710806131362915
11.710856556892395
11.710904479026794
11.710960507392883
11.711007595062256
11.658804535865784
11.658861517906189
11.658910989761353
11.658960461616516
11.659013509750366
11.659059524536133
11.659107565879822
11.659152507781982
11.615538954734802
11.615594506263733
11.61564290523529
11.615690469741821
11.615738034248352
11.615782499313354
11.615829586982727
11.61587393283844
11.587363123893738
11.587436556816101
11.587497591972351
11.587553143501282
11.587606549263
11.587655663490295
11.587705612182617
11.587753057479858
11.553133487701416
11.553192973136902
11.553243517875671
11.553293585777283
11.553344964981079
11.553392052650452
11.553439974784851
11.553486466407776
11.5298410654068
11.529898524284363
11.529953002929688
11.530003547668457
11.53005301952362
11.530100464820862
11.53014862537384
11.530195116996765
11.478183507919312
11.47826600074768
11.478340029716492
11.478397011756897
11.478449940681458
11.478495955467224
11.478549003601074
11.47859501838684
12.618717432022095
12.618775486946106
12.618824481964111
12.618874907493591
12.618923902511597
12.618969440460205
12.619019985198975
12.619065999984741
12.628738045692444
12.628793954849243
12.628843069076538
12.628892540931702
12.62894058227539
12.628987073898315
12.629036545753479
12.62908148765564
12.557247519493103
12.557304501533508
12.557353615760803
12.557403445243835
12.557453036308289
12.557499051094055
12.557547450065613
12.55759310722351
12.50972056388855
12.50978147983551
12.509832978248596
12.509883999824524
12.509934902191162
12.509982466697693
12.51003098487854
12.510077476501465
12.703998565673828
12.704059600830078
12.704110503196716
12.704161047935486
12.704212546348572
12.704259634017944
12.704307436943054
12.704354524612427
12.63167154788971
12.631750583648682
12.631805539131165
12.631856560707092
12.63190758228302
12.631958603858948
12.632006525993347
12.632051587104797
12.592182517051697
12.592241048812866
12.592291593551636
12.592345476150513
12.592396020889282
12.592453122138977
12.592504024505615
12.592550992965698
12.546441078186035
12.546504020690918
12.546556949615479
12.546612977981567
12.546666026115417
12.54671597480774
12.546768426895142
12.546818971633911
12.454519510269165
12.454580545425415
12.45463216304779
12.454685688018799
12.454737067222595
12.4547860622406
12.454843640327454
12.454894065856934
12.593398928642273
12.593456506729126
12.593505501747131
12.593557000160217
12.59360647201538
12.593652367591858
12.593700051307678
12.593745946884155
12.53596842288971
12.53602397441864
12.53609848022461
12.536155581474304
12.536206483840942
12.536253094673157
12.536300420761108
12.536345958709717
12.49545156955719
12.495512127876282
12.495563983917236
12.49561607837677
12.495667099952698
12.49571704864502
12.495766043663025
12.495813608169556
12.401786923408508
12.401843428611755
12.40189242362976
12.401941895484924
12.401989936828613
12.402034878730774
12.402081847190857
12.402126431465149
12.357406497001648
12.357465982437134
12.357516050338745
12.357567429542542
12.3576180934906
12.357665061950684
12.357713460922241
12.357760071754456
12.300208926200867
12.300263524055481
12.300310015678406
12.300357937812805
12.300405502319336
12.300450444221497
12.300496459007263
12.300540447235107
12.368887066841125
12.368943095207214
12.368991017341614
12.369039058685303
12.369089603424072
12.369134664535522
12.369181036949158
12.36922550201416
12.324085354804993
12.32414186000824
12.324192523956299
12.324242949485779
12.32431697845459
12.324362874031067
12.324411392211914
12.324458479881287
12.267398476600647
12.267454028129578
12.267502546310425
12.26755142211914
12.26759958267212
12.267645001411438
12.267693042755127
12.267738580703735
12.209195017814636
12.209249019622803
12.209306478500366
12.209354877471924
12.20940351486206
12.209448456764221
12.20949637889862
12.20954144001007
12.476654887199402
12.476713418960571
12.476762890815735
12.476812958717346
12.476863861083984
12.476910471916199
12.476970434188843
12.477015972137451
12.156241536140442
12.156297445297241
12.156345009803772
12.156394481658936
12.156458497047424
12.15650498867035
12.156555533409119
12.156626462936401
12.09876549243927
12.098820447921753
12.098868489265442
12.098917007446289
12.098963379859924
12.099008440971375
12.099053978919983
12.099097847938538
12.359823942184448
12.359920978546143
12.359973907470703
12.36002790927887
12.360077977180481
12.36012589931488
12.360174536705017
12.360220909118652
12.058840036392212
12.058914065361023
12.05901849269867
12.059109568595886
12.059169054031372
12.059218525886536
12.059282064437866
12.05932903289795
12.346285581588745
12.346344113349915
12.346394538879395
12.346445560455322
12.34654450416565
12.346598505973816
12.346649646759033
12.346697092056274
11.990383982658386
11.990440964698792
11.990490555763245
11.990540504455566
11.990588903427124
11.990640044212341
11.990689039230347
11.990737080574036
11.937456011772156
11.937510967254639
11.937559008598328
11.937607526779175
11.937656998634338
11.937702059745789
11.937748551368713
11.937793016433716
12.245665431022644
12.245721936225891
12.24577009677887
12.245818376541138
12.245865941047668
12.245911002159119
12.245957016944885
12.24600100517273
12.203745007514954
12.203834533691406
12.203888535499573
12.203942060470581
12.203991532325745
12.20403802394867
12.204086422920227
12.204132556915283
12.15011990070343
12.150186896324158
12.150259971618652
12.150315046310425
12.15036654472351
12.150423884391785
12.150472402572632
12.150518417358398
12.092837452888489
12.092891931533813
12.092939376831055
12.09298849105835
12.093036413192749
12.0930814743042
12.09312903881073
12.093174457550049
12.036740064620972
12.03679609298706
12.036873459815979
12.036928534507751
12.036978483200073
12.037024974822998
12.037071466445923
12.037116527557373
11.993109583854675
11.993169069290161
11.99321961402893
11.993270993232727
11.993322610855103
11.993370056152344
11.993429064750671
11.993508577346802
11.940753936767578
11.94081997871399
11.940868496894836
11.94091796875
11.940966963768005
11.941015481948853
11.941062927246094
11.94111704826355
12.008953928947449
12.009010910987854
12.009058952331543
12.009108901023865
12.00915789604187
12.009202361106873
12.009250402450562
12.009295344352722
11.911060452461243
11.91111695766449
11.911167025566101
11.911217451095581
11.911267518997192
11.911314487457275
11.91136348247528
11.91140902042389
11.874647498130798
11.874706983566284
11.87475848197937
11.874810457229614
11.874866485595703
11.874915480613708
11.874966979026794
11.875015497207642
11.819794058799744
11.819851636886597
11.819900512695312
11.819950580596924
11.81999957561493
11.820046067237854
11.820093512535095
11.820139050483704
11.866118907928467
11.866177082061768
11.866226434707642
11.866275548934937
11.866325497627258
11.866371989250183
11.866418957710266
11.866464495658875
11.808733105659485
11.808788061141968
11.808835506439209
11.808883666992188
11.808930516242981
11.808975100517273
11.809021592140198
11.80906617641449
12.106994390487671
12.107052445411682
12.107101917266846
12.107151985168457
12.107200980186462
12.107247471809387
12.107295393943787
12.107341527938843
12.049973607063293
12.05002748966217
12.05007553100586
12.050125122070312
12.050173997879028
12.050219535827637
12.050271153450012
12.05031704902649
11.993828535079956
11.993881464004517
11.993932008743286
11.993980526924133
11.994027972221375
11.994071960449219
11.994118571281433
11.994162559509277
11.951150059700012
11.951210021972656
11.951262474060059
11.951313972473145
11.951364874839783
11.951412916183472
11.951462507247925
11.951550960540771
11.9010169506073
11.901075005531311
11.901125073432922
11.901175022125244
11.901225566864014
11.901271939277649
11.901320457458496
11.901365399360657
11.844695568084717
11.844752550125122
11.844802498817444
11.844851016998291
11.844899535179138
11.844944596290588
11.844991087913513
11.845043540000916
11.804444074630737
11.804502606391907
11.804553627967834
11.80460512638092
11.8046555519104
11.804703116416931
11.804752588272095
11.80479907989502
11.75601601600647
11.7560715675354
11.756120562553406
11.756194114685059
11.756249070167542
11.756296634674072
11.75634503364563
11.756391167640686
11.880871057510376
11.880931615829468
11.880983471870422
11.881035447120667
11.881088614463806
11.881137490272522
11.88118851184845
11.881236553192139
11.827486991882324
11.827544450759888
11.827594518661499
11.827644944190979
11.827694535255432
11.827741503715515
11.827789545059204
11.827835440635681
12.956290364265442
12.956349492073059
12.956397533416748
12.95644497871399
12.9564950466156
12.95654046535492
12.956587076187134
12.95663046836853
12.917832970619202
12.917904496192932
12.917989492416382
12.918062448501587
12.918125033378601
12.918176054954529
12.918228507041931
12.918296933174133
13.363913416862488
13.363968968391418
13.36402142047882
13.364073038101196
13.364123106002808
13.364169955253601
13.364219546318054
13.364265441894531
13.406008124351501
13.406062006950378
13.406109094619751
13.40615713596344
13.406208515167236
13.406254053115845
13.406300067901611
13.40634560585022
13.362107515335083
13.362163424491882
13.362212538719177
13.362263441085815
13.362316012382507
13.36236298084259
13.36241102218628
13.362457513809204
13.30350399017334
13.303558945655823
13.303608059883118
13.303682923316956
13.303740501403809
13.303799033164978
13.3038809299469
13.30393898487091
13.23958957195282
13.239640593528748
13.239687085151672
13.239734649658203
13.239784598350525
13.239830017089844
13.239875555038452
13.239919543266296
13.236998438835144
13.237054467201233
13.237104535102844
13.237154960632324
13.23720908164978
13.237256526947021
13.237305998802185
13.23735249042511
13.194586038589478
13.194646000862122
13.194732427597046
13.194789409637451
13.194841861724854
13.194891452789307
13.194942474365234
13.194990396499634
13.15331494808197
13.15336799621582
13.15341603755951
13.153465509414673
13.153515458106995
13.153562426567078
13.153610467910767
13.153655886650085
13.126504063606262
13.12656056880951
13.126610040664673
13.126662135124207
13.126712083816528
13.1267591714859
13.126808047294617
13.126854658126831
13.086427927017212
13.086483478546143
13.086531400680542
13.08658504486084
13.08663547039032
13.086681485176086
13.086729407310486
13.086774945259094
13.048304080963135
13.048357009887695
13.048404097557068
13.048452973365784
13.048502564430237
13.048548102378845
13.048598527908325
13.048644065856934
13.02734649181366
13.027403473854065
13.027453422546387
13.027503490447998
13.027554512023926
13.027601957321167
13.027650475502014
13.027697443962097
12.973862528800964
12.973917484283447
12.97396695613861
12.974016904830933
12.974074006080627
12.974120020866394
12.974166989326477
12.974212408065796
12.968556523323059
12.968610048294067
12.968657970428467
12.96870756149292
12.968757033348083
12.96880292892456
12.968849897384644
12.968894958496094
14.077039003372192
14.07710611820221
14.077157020568848
14.077206015586853
14.077257513999939
14.07730507850647
14.077427983283997
14.077508568763733
14.102762460708618
14.102818489074707
14.102867007255554
14.102914452552795
14.102964520454407
14.103010535240173
14.103060364723206
14.103139519691467
14.01383090019226
14.013884902000427
14.013932347297668
14.013977885246277
14.014026880264282
14.014071941375732
14.014120817184448
14.014166951179504
14.089475512504578
14.08954107761383
14.089592456817627
14.089640974998474
14.08969259262085
14.089739561080933
14.089789509773254
14.089849591255188
14.081138014793396
14.081191420555115
14.081238985061646
14.081287503242493
14.081335425376892
14.0814049243927
14.08145546913147
14.081501960754395
14.007167100906372
14.007250666618347
14.007302165031433
14.007349014282227
14.007400631904602
14.007482647895813
14.00753664970398
14.007583618164062
13.96478283405304
13.964837908744812
13.964886903762817
13.964933395385742
13.964982390403748
13.965028882026672
13.965078473091125
13.965124487876892
13.990151047706604
13.99022662639618
13.990305542945862
13.990358591079712
13.990411043167114
13.990458607673645
13.990509510040283
13.990556597709656
14.017723441123962
14.01777696609497
14.01782488822937
14.017870426177979
14.017919421195984
14.017964959144592
14.018012046813965
14.018057465553284
13.916839957237244
13.916895031929016
13.916943430900574
13.916989922523499
13.917040944099426
13.917087435722351
13.917135953903198
13.917181968688965
13.929163575172424
13.929216027259827
13.929263472557068
13.929310083389282
13.929358005523682
13.929403066635132
13.929450988769531
13.929534435272217
13.870628595352173
13.870682954788208
13.870876908302307
13.870932459831238
13.870985507965088
13.871031999588013
13.871081948280334
13.871127486228943
13.823553562164307
13.823607087135315
13.823655128479004
13.823701620101929
13.82375454902649
13.823800563812256
13.82385003566742
13.823896050453186
13.761636972427368
13.76169204711914
13.76173996925354
13.761785984039307
13.761834502220154
13.761880993843079
13.761929035186768
13.761974453926086
13.7048259973526
13.704877972602844
13.704929947853088
13.704976081848145
13.70502495765686
13.705070495605469
13.705119013786316
13.705171585083008
13.660288572311401
13.660343050956726
13.66039252281189
13.660440564155579
13.660491108894348
13.660539984703064
13.660589575767517
13.6606365442276
13.78878653049469
13.788840889930725
13.78889000415802
13.788935899734497
13.788984537124634
13.7890305519104
13.789116501808167
13.789166927337646
13.724339604377747
13.724393010139465
13.724441051483154
13.724486589431763
13.724534153938293
13.724579572677612
13.724631071090698
13.724677085876465
13.54892647266388
13.549044609069824
13.549100518226624
13.549161553382874
13.549214482307434
13.549262523651123
13.549311518669128
13.54935908317566
13.493160963058472
13.493216514587402
13.493265986442566
13.49331247806549
13.493361949920654
13.493408441543579
13.493458032608032
13.493505477905273
13.434740543365479
13.434792518615723
13.434839010238647
13.43488359451294
13.434931993484497
13.4349764585495
13.43502402305603
13.435068011283875
13.389525413513184
13.389582514762878
13.3896324634552
13.389680027961731
13.389730453491211
13.389777541160583
13.389827489852905
13.389874935150146
13.334039568901062
13.334094524383545
13.334142684936523
13.334188103675842
13.334237098693848
13.334284543991089
13.334334015846252
13.334379076957703
13.301653981208801
13.3017076253891
13.30175507068634
13.301801085472107
13.301849484443665
13.301895141601562
13.301942586898804
13.301987051963806
13.776586055755615
13.77664053440094
13.77668845653534
13.776739001274109
13.776789546012878
13.776836633682251
13.776885032653809
13.77693247795105
14.053826093673706
14.05388069152832
14.053929090499878
14.053976058959961
14.054024577140808
14.054070591926575
14.054118633270264
14.054165124893188
13.723754525184631
13.723808526992798
13.723856091499329
13.72390103340149
13.723949551582336
13.723994016647339
13.72404158115387
13.724085450172424
13.664974570274353
13.665027499198914
13.66507351398468
13.665119051933289
13.665166974067688
13.665213942527771
13.665261507034302
13.665345907211304
13.618521571159363
13.618586540222168
13.618639469146729
13.61868703365326
13.618736028671265
13.618781566619873
13.618831992149353
13.618877649307251
13.562768936157227
13.562821507453918
13.56286895275116
13.56291389465332
13.562961459159851
13.563006401062012
13.563053488731384
13.563099026679993
13.50205147266388
13.502105474472046
13.502152919769287
13.502197027206421
13.502244472503662
13.502288937568665
13.50233542919159
13.502379536628723
13.458049416542053
13.458104968070984
13.45815396308899
13.458200573921204
13.458250522613525
13.458296537399292
13.458345532417297
13.458391427993774
13.880007028579712
13.880061984062195
13.8801109790802
13.880156993865967
13.880206108093262
13.88025152683258
13.880300045013428
13.880345582962036
13.836327075958252
13.836390018463135
13.836441040039062
13.836490988731384
13.836548089981079
13.836596608161926
13.836647987365723
13.83671760559082
13.780581951141357
13.780638933181763
13.780688405036926
13.78073799610138
13.780788540840149
13.780834913253784
13.780884504318237
13.780931949615479
13.723851919174194
13.72390353679657
13.723950028419495
13.723994970321655
13.724042415618896
13.724087476730347
13.724135398864746
13.724180459976196
13.680277466773987
13.680330514907837
13.680378437042236
13.680423974990845
13.680471420288086
13.680546998977661
13.68066143989563
13.680712342262268
13.625704050064087
13.625760555267334
13.62580955028534
13.625857591629028
13.625906586647034
13.625953555107117
13.626002550125122
13.626049637794495
13.547744870185852
13.547797441482544
13.547844409942627
13.547890543937683
13.547937870025635
13.547983527183533
13.548035502433777
13.548080444335938
13.505287528038025
13.50534200668335
13.505391120910645
13.505438566207886
13.505488634109497
13.50553548336029
13.505585432052612
13.505633115768433
13.259222507476807
13.259275555610657
13.259323477745056
13.25937008857727
13.259419560432434
13.259466648101807
13.259514570236206
13.259560585021973
13.217872023582458
13.217928528785706
13.217978954315186
13.218027472496033
13.218078017234802
13.218126058578491
13.218177437782288
13.218232989311218
13.159728527069092
13.15978491306305
13.159834384918213
13.159881949424744
13.159931421279907
13.15997850894928
13.160090923309326
13.160146951675415
13.57742440700531
13.577476501464844
13.577524423599243
13.577570080757141
13.577619433403015
13.577664971351624
13.57771360874176
13.577759981155396
13.529935956001282
13.529990434646606
13.530038475990295
13.530085921287537
13.53013551235199
13.530182480812073
13.530231475830078
13.530277967453003
13.470982432365417
13.471038937568665
13.471092343330383
13.471140027046204
13.471189975738525
13.47123634815216
13.471285343170166
13.47133195400238
13.416492462158203
13.416547417640686
13.416596055030823
13.416642427444458
13.416691422462463
13.41673755645752
13.416786551475525
13.416833519935608
14.54094398021698
14.541000008583069
14.541049480438232
14.541096925735474
14.54114294052124
14.541190028190613
14.541239380836487
14.541285514831543
14.490410447120667
14.490463972091675
14.490511894226074
14.490558981895447
14.490604400634766
14.490650415420532
14.490698456764221
14.490744471549988
14.37691593170166
14.37697446346283
14.377030491828918
14.377086997032166
14.377134442329407
14.37718141078949
14.377231478691101
14.377280950546265
14.429755926132202
14.429813504219055
14.429864406585693
14.429913520812988
14.42996346950531
14.430039405822754
14.430104970932007
14.430156588554382
14.377938032150269
14.37799346446991
14.378042459487915
14.378088474273682
14.378133893013
14.37817895412445
14.378235459327698
14.378280401229858
14.331100463867188
14.331157565116882
14.331207990646362
14.331256985664368
14.331303477287292
14.331350564956665
14.331400513648987
14.331447005271912
14.276356935501099
14.27640950679779
14.276458024978638
14.276503920555115
14.276549935340881
14.27659547328949
14.276643991470337
14.276690483093262
14.535412549972534
14.535465955734253
14.535512566566467
14.535557508468628
14.535605072975159
14.535649538040161
14.53571105003357
14.53575599193573
14.486883163452148
14.486940503120422
14.486990571022034
14.487049102783203
14.487096071243286
14.487142562866211
14.487192511558533
14.487240076065063
14.445203423500061
14.445258378982544
14.445340514183044
14.445391416549683
14.445438385009766
14.445484519004822
14.445533037185669
14.445578932762146
14.419000506401062
14.419056057929993
14.419105410575867
14.419153451919556
14.419200539588928
14.419247508049011
14.419297456741333
14.419344544410706
14.383406400680542
14.383460402488708
14.383508443832397
14.383554935455322
14.38360047340393
14.383645415306091
14.38369357585907
14.383739471435547
14.340625047683716
14.34067702293396
14.340723514556885
14.340768456459045
14.340813040733337
14.340856909751892
14.340937495231628
14.341011881828308
14.312560439109802
14.31261396408081
14.312663435935974
14.312709927558899
14.312755942344666
14.312800884246826
14.312849402427673
14.31289541721344
14.258509039878845
14.258563041687012
14.258610486984253
14.258656978607178
14.258702039718628
14.258747100830078
14.258794665336609
14.258843541145325
14.206955552101135
14.207008004188538
14.207055568695068
14.207102537155151
14.207146644592285
14.20719051361084
14.20723807811737
14.207282543182373
15.355052947998047
15.355108499526978
15.355157852172852
15.355204939842224
15.355251908302307
15.355297446250916
15.355342864990234
15.355388402938843
15.376238465309143
15.376291513442993
15.376338839530945
15.376384854316711
15.376429438591003
15.376473903656006
15.376518368721008
15.3765629529953
15.389458656311035
15.389512062072754
15.389559984207153
15.389606595039368
15.389652013778687
15.389697551727295
15.389742612838745
15.389787554740906
15.407109022140503
15.407165884971619
15.407217025756836
15.407266020774841
15.407313466072083
15.407360434532166
15.40740692615509
15.407453536987305
15.342122077941895
15.342177510261536
15.342231035232544
15.342278122901917
15.342324137687683
15.34237003326416
15.342416048049927
15.342461585998535
15.312795996665955
15.312852501869202
15.312902927398682
15.312950372695923
15.312997579574585
15.313043475151062
15.313089966773987
15.313136458396912
15.258185863494873
15.25824499130249
15.258295893669128
15.2583749294281
15.258427381515503
15.258475422859192
15.258564472198486
15.25862991809845
15.284690499305725
15.284746527671814
15.284798502922058
15.284857988357544
15.284903526306152
15.284960508346558
15.285019993782043
15.285067558288574
15.180846929550171
15.180943369865417
15.180995464324951
15.181046485900879
15.181093454360962
15.181174516677856
15.181224465370178
15.181299924850464
15.375498533248901
15.375827431678772
15.375890970230103
15.37594199180603
15.375995516777039
15.376108527183533
15.376203894615173
15.37625253200531
15.330746531486511
15.33081305027008
15.330916047096252
15.330976128578186
15.331048488616943
15.331101536750793
15.331150531768799
15.33119809627533
15.279629111289978
15.2796870470047
15.279736518859863
15.279783964157104
15.27988851070404
15.27994191646576
15.28001606464386
15.280068039894104
15.22236955165863
15.222430109977722
15.222513675689697
15.22292959690094
15.223058104515076
15.223125100135803
15.22321605682373
15.223266005516052
15.176703453063965
15.176761984825134
15.17681348323822
15.176862001419067
15.176910996437073
15.17695951461792
15.177006959915161
15.17706048488617
15.12547242641449
15.125529050827026
15.125577926635742
15.125625491142273
15.125672936439514
15.125744462013245
15.125794529914856
15.125842452049255
15.079739928245544
15.079798460006714
15.079849362373352
15.079898357391357
15.079946398735046
15.07999336719513
15.080040335655212
15.080087423324585
15.028512120246887
15.028568983078003
15.028619050979614
15.028667569160461
15.028715014457703
15.028762578964233
15.028810501098633
15.028857588768005
15.0896075963974
15.089661121368408
15.089709162712097
15.089755058288574
15.089802622795105
15.089847564697266
15.089896202087402
15.089941143989563
15.030900478363037
15.030954480171204
15.031001448631287
15.031047463417053
15.031091928482056
15.031134963035583
15.031179070472717
15.031221985816956
15.282312512397766
15.282363533973694
15.282408475875854
15.28245198726654
15.28249454498291
15.28253698348999
15.28257942199707
15.282621502876282
14.965240478515625
14.965292572975159
14.96533751487732
14.965380549430847
14.965422987937927
14.965465545654297
14.965508580207825
14.965550065040588
14.920719504356384
14.920774936676025
14.920824408531189
14.92087197303772
14.92091953754425
14.920965909957886
14.921011924743652
14.921058535575867
15.1738600730896
15.173917531967163
15.17396605014801
15.174013018608093
15.174062371253967
15.174108505249023
15.174152970314026
15.174198508262634
14.83478856086731
14.834844589233398
14.834892988204956
14.834940075874329
14.834986090660095
14.835031986236572
14.835077047348022
14.835122108459473
15.249219179153442
15.249275088310242
15.249324560165405
15.249372601509094
15.249420523643494
15.24946653842926
15.249513626098633
15.249561071395874
14.884700655937195
14.884754657745361
14.884803175926208
14.884849667549133
14.88489556312561
14.884940505027771
14.88498604297638
14.885030508041382
14.823252439498901
14.82330596446991
14.823355078697205
14.823400497436523
14.823445558547974
14.823489427566528
14.823533415794373
14.823577523231506
14.775363445281982
14.775420069694519
14.775468945503235
14.775515913963318
14.775561928749084
14.77560806274414
14.77565348148346
14.775698900222778
14.717131495475769
14.717183947563171
14.717234373092651
14.71727991104126
14.717324495315552
14.71736741065979
14.717411398887634
14.717454433441162
14.67376458644867
14.673822522163391
14.67387306690216
14.673921942710876
14.673969507217407
14.67401659488678
14.674063086509705
14.674132585525513
14.62034785747528
14.620403409004211
14.620452404022217
14.6204993724823
14.620544910430908
14.620589971542358
14.620667934417725
14.620716452598572
14.564560532569885
14.564614057540894
14.564660906791687
14.564707517623901
14.564751982688904
14.564795970916748
14.56484055519104
14.564884424209595
14.510168075561523
14.510223031044006
14.510271430015564
14.510318040847778
14.510372519493103
14.510416507720947
14.51046097278595
14.510504961013794
14.470974922180176
14.471032857894897
14.471083402633667
14.471132397651672
14.471183896064758
14.47123098373413
14.471278429031372
14.471324920654297
14.419161915779114
14.419217467308044
14.419266939163208
14.419313430786133
14.419360041618347
14.419404983520508
14.419450044631958
14.419494986534119
14.37820053100586
14.37825858592987
14.378309488296509
14.378359079360962
14.378406524658203
14.378453969955444
14.378501057624817
14.378548502922058
14.328628540039062
14.328684091567993
14.328733086585999
14.328779935836792
14.328826069831848
14.328871011734009
14.328916072845459
14.32896101474762
14.637477040290833
14.637531042098999
14.63757860660553
14.637624025344849
14.63766860961914
14.637712597846985
14.637756586074829
14.637802004814148
14.59976053237915
14.599818468093872
14.599868416786194
14.599915981292725
14.599963545799255
14.600010514259338
14.600061535835266
14.60010850429535
15.365107536315918
15.3651624917984
15.36521053314209
15.365285515785217
15.365334868431091
15.365401983261108
15.365447998046875
15.365493535995483
15.325154900550842
15.325210928916931
15.3252614736557
15.325313448905945
15.325368881225586
15.325430989265442
15.325503468513489
15.325554966926575
15.273188471794128
15.273244023323059
15.27331256866455
15.273360133171082
15.273406505584717
15.27349603176117
15.273569107055664
15.27364706993103
15.218038082122803
15.21810495853424
15.218162059783936
15.218232989311218
15.218307971954346
15.218358516693115
15.218404531478882
15.218473553657532
15.17676043510437
15.176815867424011
15.176864981651306
15.17691195011139
15.176958441734314
15.177005410194397
15.177050948143005
15.17709743976593
15.12607741355896
15.126155972480774
15.126206874847412
15.12627637386322
15.126325488090515
15.126371502876282
15.126416444778442
15.126461863517761
15.083367943763733
15.083423495292664
15.083476424217224
15.083524942398071
15.08357298374176
15.083619475364685
15.083666920661926
15.083713412284851
15.03208613395691
15.032142519950867
15.03219199180603
15.032240986824036
15.03228759765625
15.032333493232727
15.032380104064941
15.032425999641418
15.515974998474121
15.516026616096497
15.51607346534729
15.516118049621582
15.516162514686584
15.51620602607727
15.516250014305115
15.516294002532959
15.471898078918457
15.471953630447388
15.47200357913971
15.472051978111267
15.472098588943481
15.47214651107788
15.472192645072937
15.472238540649414
15.410253524780273
15.410309076309204
15.410362124443054
15.410409092903137
15.410455107688904
15.410500049591064
15.410545587539673
15.410590529441833
15.364388585090637
15.364442586898804
15.364491581916809
15.364538550376892
15.364584922790527
15.364631533622742
15.36467707157135
15.364722967147827
15.305856943130493
15.305911898612976
15.305960893630981
15.306031465530396
15.306081056594849
15.306127905845642
15.30617344379425
15.306218981742859
15.2510324716568
15.251086950302124
15.251134991645813
15.251180410385132
15.251224994659424
15.25127100944519
15.251315474510193
15.25135850906372
15.20828902721405
15.208343982696533
15.208394527435303
15.208441019058228
15.208487510681152
15.208532571792603
15.20857858657837
15.208622932434082
15.158663034439087
15.158716440200806
15.158764958381653
15.158811450004578
15.158860445022583
15.158910870552063
15.158957362174988
15.15900194644928
15.115457653999329
15.11551558971405
15.115565061569214
15.115614533424377
15.115661144256592
15.115707159042358
15.1157546043396
15.115800142288208
15.061024069786072
15.061078548431396
15.061127543449402
15.061174988746643
15.061222553253174
15.06126856803894
15.061314940452576
15.06136155128479
15.003668069839478
15.003721952438354
15.003769516944885
15.003814458847046
15.003859519958496
15.00390350818634
15.003946542739868
15.00399100780487
14.958301424980164
14.958354353904724
14.958403468132019
14.95845091342926
14.958497524261475
14.958542943000793
14.958588480949402
14.95863401889801
14.903855443000793
14.903919458389282
14.903970122337341
14.904016017913818
14.904062032699585
14.904108047485352
14.90415608882904
14.904200434684753
14.863298535346985
14.863354563713074
14.863404393196106
14.863453030586243
14.863501071929932
14.863548040390015
14.863595485687256
14.863642454147339
14.806522965431213
14.806575417518616
14.806623458862305
14.806670069694519
14.80671501159668
14.80675995349884
14.80680501461029
14.806849479675293
