-1.0
-1.0
-1.0
-1.0
-1.0
5080.5
-1.0
-1.0
-1.0
-1.0
-1.0
-1.0
-1.0
5528.5
-1.0
-1.0
-1.0
-1.0
-1.0
-1.0
-1.0
5464.0
-1.0
-1.0
-1.0
-1.0
-1.0
-1.0
-1.0
5364.0
-1.0
-1.0
-1.0
-1.0
-1.0
-1.0
-1.0
5264.0
-1.0
-1.0
-1.0
-1.0
-1.0
-1.0
-1.0
5399.0
-1.0
-1.0
-1.0
-1.0
-1.0
-1.0
-1.0
5299.0
-1.0
-1.0
-1.0
-1.0
-1.0
-1.0
-1.0
5199.0
-1.0
-1.0
-1.0
-1.0
-1.0
-1.0
-1.0
5099.0
-1.0
-1.0
-1.0
-1.0
-1.0
-1.0
-1.0
4999.0
-1.0
-1.0
-1.0
-1.0
-1.0
-1.0
-1.0
4899.0
-1.0
-1.0
-1.0
-1.0
-1.0
-1.0
-1.0
4799.0
-1.0
-1.0
-1.0
-1.0
-1.0
-1.0
-1.0
4699.0
-1.0
-1.0
-1.0
-1.0
-1.0
-1.0
-1.0
4599.0
-1.0
-1.0
-1.0
-1.0
-1.0
-1.0
-1.0
4499.0
-1.0
-1.0
-1.0
-1.0
-1.0
-1.0
-1.0
4399.0
-1.0
-1.0
-1.0
-1.0
-1.0
-1.0
-1.0
4299.0
-1.0
-1.0
-1.0
-1.0
-1.0
-1.0
-1.0
4199.0
-1.0
-1.0
-1.0
-1.0
-1.0
-1.0
-1.0
4099.0
-1.0
-1.0
-1.0
-1.0
-1.0
-1.0
-1.0
3999.0
-1.0
-1.0
-1.0
-1.0
-1.0
-1.0
-1.0
3899.0
-1.0
-1.0
-1.0
-1.0
-1.0
-1.0
-1.0
3799.0
-1.0
-1.0
-1.0
-1.0
-1.0
-1.0
-1.0
3699.0
-1.0
-1.0
-1.0
-1.0
-1.0
-1.0
-1.0
3599.0
-1.0
-1.0
-1.0
-1.0
-1.0
-1.0
-1.0
3499.0
-1.0
-1.0
-1.0
-1.0
-1.0
-1.0
-1.0
3399.0
-1.0
-1.0
-1.0
-1.0
-1.0
-1.0
-1.0
3299.0
-1.0
-1.0
-1.0
-1.0
-1.0
-1.0
-1.0
3199.0
-1.0
-1.0
3120.0
-1.0
-1.0
-1.0
-1.0
3118.5
-1.0
-1.0
3070.0
-1.0
-1.0
-1.0
-1.0
3068.5
-1.0
-1.0
3020.0
-1.0
-1.0
-1.0
-1.0
3018.5
-1.0
-1.0
2970.0
-1.0
-1.0
-1.0
-1.0
2968.5
-1.0
-1.0
2920.0
-1.0
-1.0
-1.0
-1.0
2918.5
-1.0
-1.0
2870.0
-1.0
-1.0
-1.0
-1.0
2868.5
-1.0
-1.0
2820.0
-1.0
-1.0
-1.0
-1.0
2818.5
-1.0
-1.0
2770.0
-1.0
-1.0
-1.0
-1.0
2768.5
-1.0
-1.0
2720.0
-1.0
-1.0
-1.0
-1.0
2718.5
-1.0
-1.0
2670.0
-1.0
-1.0
-1.0
-1.0
2668.5
-1.0
-1.0
2620.0
-1.0
-1.0
-1.0
-1.0
2618.5
-1.0
-1.0
2570.0
-1.0
-1.0
-1.0
-1.0
2568.5
-1.0
-1.0
2520.0
-1.0
-1.0
-1.0
-1.0
2518.5
-1.0
-1.0
2470.0
-1.0
-1.0
-1.0
-1.0
2468.5
-1.0
-1.0
2420.0
-1.0
-1.0
-1.0
-1.0
2418.5
-1.0
-1.0
2370.0
-1.0
-1.0
-1.0
-1.0
2368.5
-1.0
-1.0
2320.0
-1.0
-1.0
-1.0
-1.0
2318.5
-1.0
-1.0
2270.0
-1.0
3095.0
-1.0
-1.0
2279.0
-1.0
-1.0
2220.0
-1.0
3045.0
-1.0
-1.0
2279.0
-1.0
-1.0
2170.0
-1.0
2995.0
-1.0
-1.0
2279.0
-1.0
-1.0
2120.0
-1.0
2945.0
-1.0
-1.0
2279.0
-1.0
-1.0
2070.0
-1.0
2895.0
-1.0
-1.0
2279.0
-1.0
-1.0
2020.0
-1.0
2845.0
-1.0
-1.0
2279.0
-1.0
-1.0
1970.0
-1.0
2795.0
-1.0
-1.0
2279.0
-1.0
-1.0
1920.0
-1.0
2745.0
-1.0
-1.0
2279.0
-1.0
-1.0
1870.0
-1.0
2695.0
-1.0
-1.0
2279.0
-1.0
-1.0
1820.0
-1.0
2645.0
-1.0
-1.0
2279.0
-1.0
-1.0
1770.0
-1.0
2595.0
-1.0
-1.0
2279.0
-1.0
-1.0
1720.0
-1.0
2545.0
-1.0
-1.0
2279.0
-1.0
-1.0
1670.0
-1.0
2495.0
-1.0
-1.0
2279.0
-1.0
-1.0
1620.0
-1.0
2445.0
-1.0
-1.0
2279.0
-1.0
-1.0
1570.0
-1.0
2395.0
-1.0
-1.0
2279.0
-1.0
-1.0
1520.0
-1.0
2345.0
-1.0
-1.0
2279.0
-1.0
-1.0
1470.0
-1.0
2295.0
-1.0
-1.0
2279.0
-1.0
-1.0
1420.0
-1.0
2245.0
-1.0
-1.0
2279.0
-1.0
-1.0
1370.0
-1.0
2195.0
-1.0
-1.0
2279.0
-1.0
-1.0
1320.0
-1.0
2145.0
-1.0
-1.0
2279.0
-1.0
-1.0
1270.0
-1.0
2095.0
-1.0
-1.0
2279.0
-1.0
-1.0
1220.0
-1.0
2045.0
-1.0
-1.0
2279.0
-1.0
-1.0
1170.0
-1.0
1995.0
-1.0
-1.0
2279.0
-1.0
-1.0
1120.0
-1.0
1945.0
-1.0
-1.0
2279.0
-1.0
-1.0
1070.0
-1.0
1895.0
-1.0
-1.0
2279.0
-1.0
-1.0
1020.0
-1.0
1845.0
-1.0
-1.0
2279.0
-1.0
-1.0
970.0
-1.0
1795.0
-1.0
-1.0
2279.0
-1.0
-1.0
920.0
-1.0
1745.0
-1.0
-1.0
2279.0
-1.0
-1.0
870.0
-1.0
1695.0
-1.0
-1.0
2279.0
-1.0
-1.0
820.0
-1.0
1645.0
-1.0
-1.0
2279.0
-1.0
-1.0
770.0
-1.0
1595.0
-1.0
-1.0
2279.0
-1.0
-1.0
720.0
-1.0
1545.0
-1.0
-1.0
2279.0
-1.0
-1.0
670.0
-1.0
1495.0
-1.0
-1.0
2279.0
-1.0
-1.0
620.0
-1.0
1445.0
-1.0
-1.0
2279.0
-1.0
-1.0
570.0
-1.0
1395.0
-1.0
-1.0
2279.0
-1.0
-1.0
520.0
-1.0
1345.0
-1.0
-1.0
2279.0
-1.0
-1.0
470.0
-1.0
1295.0
-1.0
-1.0
2279.0
-1.0
-1.0
420.0
-1.0
1245.0
-1.0
-1.0
2279.0
-1.0
-1.0
413.5
-1.0
1195.0
-1.0
-1.0
2235.5
-1.0
-1.0
413.5
-1.0
1145.0
-1.0
-1.0
2185.5
-1.0
-1.0
413.5
-1.0
1095.0
-1.0
-1.0
2135.5
-1.0
-1.0
413.5
-1.0
4145.0
-1.0
-1.0
2128.0
-1.0
-1.0
413.5
-1.0
4045.0
-1.0
-1.0
2128.0
-1.0
-1.0
413.5
-1.0
3945.0
-1.0
-1.0
2128.0
-1.0
-1.0
413.5
-1.0
3845.0
-1.0
-1.0
2128.0
-1.0
-1.0
413.5
-1.0
3745.0
-1.0
-1.0
2128.0
-1.0
-1.0
413.5
-1.0
3645.0
-1.0
-1.0
2128.0
-1.0
-1.0
413.5
-1.0
3545.0
-1.0
-1.0
2128.0
-1.0
-1.0
413.5
-1.0
3445.0
-1.0
-1.0
2128.0
-1.0
-1.0
413.5
-1.0
3345.0
-1.0
-1.0
2128.0
-1.0
-1.0
413.5
-1.0
3245.0
-1.0
-1.0
2128.0
-1.0
-1.0
413.5
-1.0
3145.0
-1.0
-1.0
2128.0
-1.0
-1.0
413.5
-1.0
3045.0
-1.0
-1.0
2128.0
-1.0
-1.0
413.5
-1.0
2945.0
-1.0
-1.0
2128.0
-1.0
-1.0
413.5
3067.5
2883.5
-1.0
-1.0
2128.0
-1.0
-1.0
413.5
3017.5
2833.5
-1.0
-1.0
2128.0
-1.0
-1.0
413.5
2967.5
2783.5
-1.0
-1.0
2128.0
-1.0
-1.0
413.5
2917.5
2733.5
-1.0
-1.0
2128.0
-1.0
-1.0
413.5
2867.5
2683.5
-1.0
-1.0
2128.0
-1.0
-1.0
413.5
2817.5
2633.5
-1.0
-1.0
2128.0
-1.0
-1.0
413.5
2767.5
2583.5
-1.0
-1.0
2128.0
-1.0
-1.0
413.5
2717.5
2533.5
-1.0
-1.0
2128.0
-1.0
-1.0
413.5
2667.5
2483.5
-1.0
-1.0
2128.0
-1.0
-1.0
413.5
2617.5
2433.5
-1.0
-1.0
2128.0
-1.0
-1.0
413.5
2567.5
2383.5
-1.0
-1.0
2128.0
-1.0
-1.0
413.5
2517.5
2333.5
-1.0
-1.0
2128.0
-1.0
-1.0
413.5
2467.5
2283.5
-1.0
-1.0
2128.0
-1.0
-1.0
413.5
2417.5
2233.5
-1.0
-1.0
2128.0
-1.0
-1.0
413.5
2367.5
2183.5
-1.0
-1.0
2128.0
-1.0
-1.0
413.5
2317.5
2133.5
-1.0
-1.0
2128.0
-1.0
-1.0
413.5
2267.5
2083.5
-1.0
-1.0
2128.0
-1.0
-1.0
413.5
2217.5
2033.5
-1.0
-1.0
2128.0
-1.0
-1.0
413.5
2167.5
1983.5
-1.0
-1.0
2128.0
-1.0
-1.0
413.5
2117.5
1933.5
-1.0
-1.0
2128.0
-1.0
-1.0
413.5
2067.5
1883.5
-1.0
-1.0
2128.0
-1.0
-1.0
413.5
2017.5
1833.5
-1.0
-1.0
2128.0
-1.0
-1.0
413.5
1967.5
1783.5
-1.0
-1.0
2128.0
-1.0
-1.0
413.5
1917.5
1733.5
-1.0
-1.0
2128.0
-1.0
-1.0
413.5
1867.5
1683.5
-1.0
-1.0
2128.0
-1.0
-1.0
413.5
1817.5
1633.5
-1.0
-1.0
2128.0
-1.0
-1.0
413.5
1767.5
1583.5
-1.0
-1.0
2128.0
-1.0
-1.0
413.5
1717.5
1533.5
-1.0
-1.0
2128.0
-1.0
-1.0
413.5
1667.5
1483.5
-1.0
-1.0
2128.0
-1.0
-1.0
413.5
1617.5
1433.5
-1.0
-1.0
2128.0
-1.0
-1.0
413.5
1567.5
1383.5
-1.0
-1.0
2128.0
-1.0
-1.0
413.5
1517.5
1333.5
-1.0
-1.0
2128.0
-1.0
-1.0
413.5
1467.5
1283.5
-1.0
-1.0
2128.0
-1.0
-1.0
413.5
1417.5
1233.5
-1.0
-1.0
2128.0
-1.0
-1.0
413.5
1367.5
1183.5
-1.0
-1.0
2128.0
-1.0
-1.0
413.5
1317.5
1133.5
-1.0
-1.0
2128.0
-1.0
-1.0
413.5
1267.5
1083.5
-1.0
-1.0
2128.0
-1.0
-1.0
413.5
1217.5
1033.5
-1.0
-1.0
2128.0
-1.0
-1.0
413.5
1167.5
1006.5
-1.0
-1.0
2105.0
-1.0
-1.0
413.5
1117.5
1006.5
-1.0
-1.0
2055.0
-1.0
-1.0
413.5
1067.5
1006.5
-1.0
-1.0
2005.0
-1.0
-1.0
413.5
1017.5
998.0
-1.0
-1.0
1963.5
-1.0
-1.0
413.5
967.5
977.5
-1.0
-1.0
1934.0
-1.0
-1.0
413.5
917.5
977.5
-1.0
-1.0
1884.0
-1.0
-1.0
413.5
867.5
977.5
-1.0
-1.0
1834.0
-1.0
-1.0
413.5
817.5
977.5
-1.0
-1.0
1784.0
-1.0
-1.0
413.5
767.5
977.5
-1.0
-1.0
1734.0
-1.0
-1.0
413.5
717.5
977.5
-1.0
-1.0
1684.0
-1.0
-1.0
413.5
667.5
977.5
-1.0
-1.0
1634.0
-1.0
-1.0
413.5
617.5
977.5
-1.0
-1.0
1584.0
-1.0
-1.0
413.5
588.0
977.5
-1.0
-1.0
1513.5
-1.0
-1.0
413.5
588.0
977.5
-1.0
-1.0
1413.5
-1.0
-1.0
413.5
588.0
977.5
-1.0
-1.0
1313.5
-1.0
-1.0
413.5
588.0
977.5
-1.0
-1.0
1213.5
-1.0
-1.0
413.5
588.0
977.5
-1.0
-1.0
1113.5
-1.0
-1.0
413.5
588.0
977.5
-1.0
-1.0
1013.5
-1.0
-1.0
413.5
588.0
977.5
-1.0
-1.0
913.5
-1.0
-1.0
413.5
588.0
977.5
-1.0
-1.0
813.5
-1.0
-1.0
413.5
588.0
977.5
-1.0
-1.0
713.5
-1.0
-1.0
413.5
588.0
977.5
-1.0
-1.0
613.5
-1.0
-1.0
413.5
588.0
977.5
-1.0
-1.0
513.5
-1.0
-1.0
413.5
588.0
977.5
-1.0
-1.0
413.5
-1.0
-1.0
413.5
588.0
940.5
-1.0
-1.0
350.5
-1.0
-1.0
413.5
588.0
890.5
-1.0
-1.0
300.5
-1.0
-1.0
413.5
588.0
840.5
-1.0
-1.0
250.5
-1.0
-1.0
381.0
588.0
790.5
-1.0
-1.0
233.0
-1.0
-1.0
331.0
588.0
740.5
-1.0
-1.0
233.0
-1.0
-1.0
281.0
588.0
690.5
-1.0
-1.0
233.0
-1.0
-1.0
231.0
588.0
640.5
-1.0
-1.0
233.0
-1.0
-1.0
181.0
588.0
590.5
-1.0
-1.0
233.0
-1.0
-1.0
145.0
586.0
542.5
3127.5
-1.0
233.0
-1.0
-1.0
145.0
536.0
542.5
3077.5
-1.0
233.0
-1.0
-1.0
145.0
486.0
542.5
3027.5
-1.0
233.0
-1.0
-1.0
145.0
436.0
542.5
2977.5
-1.0
233.0
-1.0
-1.0
145.0
386.0
542.5
2927.5
-1.0
233.0
-1.0
-1.0
145.0
336.0
542.5
2877.5
-1.0
233.0
-1.0
-1.0
145.0
286.0
542.5
2827.5
-1.0
233.0
-1.0
-1.0
145.0
236.0
542.5
2777.5
-1.0
233.0
-1.0
-1.0
145.0
186.0
542.5
2727.5
-1.0
233.0
-1.0
-1.0
145.0
136.0
542.5
2677.5
-1.0
233.0
-1.0
-1.0
145.0
86.0
542.5
2627.5
-1.0
233.0
-1.0
-1.0
145.0
36.0
542.5
2577.5
-1.0
233.0
-1.0
-1.0
145.0
-0.5
542.5
2527.5
3092.0
233.0
-1.0
-1.0
145.0
-0.5
542.5
2477.5
3042.0
233.0
-1.0
-1.0
145.0
-0.5
542.5
2427.5
2992.0
233.0
-1.0
-1.0
145.0
-0.5
542.5
2377.5
2942.0
233.0
-1.0
-1.0
145.0
-0.5
542.5
2327.5
2892.0
233.0
-1.0
-1.0
145.0
-0.5
542.5
2277.5
2842.0
233.0
-1.0
-1.0
145.0
-0.5
542.5
2227.5
2792.0
233.0
-1.0
-1.0
145.0
-0.5
542.5
2177.5
2742.0
233.0
-1.0
-1.0
145.0
-0.5
542.5
2127.5
2692.0
233.0
-1.0
-1.0
145.0
-0.5
542.5
2077.5
2642.0
233.0
-1.0
-1.0
145.0
-0.5
542.5
2027.5
2592.0
233.0
-1.0
-1.0
145.0
-0.5
542.5
1977.5
2542.0
233.0
-1.0
-1.0
145.0
-0.5
542.5
1927.5
2492.0
233.0
-1.0
-1.0
145.0
-0.5
542.5
1877.5
2442.0
233.0
-1.0
-1.0
145.0
-0.5
542.5
1827.5
2392.0
233.0
-1.0
-1.0
145.0
-0.5
542.5
1777.5
2342.0
233.0
-1.0
-1.0
145.0
-0.5
542.5
1727.5
2292.0
233.0
-1.0
-1.0
145.0
-0.5
542.5
1677.5
2242.0
233.0
-1.0
-1.0
145.0
-0.5
542.5
1627.5
2192.0
233.0
-1.0
-1.0
145.0
-0.5
542.5
1577.5
2142.0
233.0
-1.0
-1.0
145.0
-0.5
542.5
1527.5
2092.0
233.0
-1.0
-1.0
145.0
-0.5
542.5
1477.5
2042.0
233.0
-1.0
-1.0
145.0
-0.5
542.5
1427.5
1992.0
233.0
-1.0
-1.0
145.0
-0.5
542.5
1377.5
1942.0
233.0
-1.0
-1.0
145.0
-0.5
542.5
1327.5
1892.0
233.0
-1.0
-1.0
145.0
-0.5
542.5
1277.5
1842.0
233.0
-1.0
-1.0
145.0
-0.5
542.5
1227.5
1792.0
233.0
-1.0
-1.0
145.0
-0.5
542.5
1177.5
1742.0
233.0
-1.0
-1.0
145.0
-0.5
542.5
1127.5
1692.0
233.0
-1.0
-1.0
145.0
-0.5
542.5
1077.5
1642.0
233.0
-1.0
-1.0
145.0
-0.5
542.5
1027.5
1592.0
233.0
-1.0
-1.0
145.0
-0.5
542.5
977.5
1542.0
233.0
-1.0
-1.0
145.0
-0.5
542.5
927.5
1492.0
233.0
-1.0
-1.0
145.0
-0.5
542.5
877.5
1442.0
233.0
-1.0
-1.0
145.0
-0.5
542.5
827.5
1392.0
233.0
-1.0
-1.0
145.0
-0.5
542.5
777.5
1342.0
233.0
-1.0
-1.0
145.0
-0.5
542.5
727.5
1292.0
233.0
-1.0
-1.0
145.0
-0.5
542.5
677.5
1242.0
233.0
-1.0
-1.0
145.0
-0.5
542.5
627.5
1192.0
233.0
-1.0
-1.0
145.0
-0.5
542.5
577.5
1142.0
233.0
-1.0
-1.0
145.0
-0.5
542.5
527.5
1092.0
233.0
-1.0
-1.0
145.0
-0.5
542.5
477.5
1042.0
233.0
-1.0
-1.0
145.0
-0.5
542.5
427.5
992.0
233.0
-1.0
-1.0
145.0
-0.5
542.5
377.5
942.0
233.0
-1.0
-1.0
145.0
-0.5
542.5
327.5
892.0
233.0
-1.0
-1.0
145.0
-0.5
542.5
277.5
842.0
233.0
-1.0
-1.0
145.0
-0.5
542.5
227.5
792.0
233.0
-1.0
-1.0
145.0
-0.5
542.5
177.5
742.0
233.0
-1.0
-1.0
145.0
-0.5
542.5
156.0
692.0
233.0
3111.0
-1.0
145.0
-0.5
542.5
156.0
642.0
233.0
3061.0
-1.0
145.0
-0.5
542.5
156.0
592.0
233.0
3011.0
-1.0
145.0
-0.5
542.5
156.0
542.0
233.0
2961.0
-1.0
145.0
-0.5
542.5
156.0
492.0
233.0
2911.0
-1.0
145.0
-0.5
542.5
156.0
442.0
233.0
2861.0
-1.0
145.0
-0.5
542.5
156.0
392.0
233.0
2811.0
-1.0
145.0
-0.5
542.5
156.0
371.5
233.0
2761.0
3076.5
145.0
-0.5
542.5
156.0
371.5
233.0
2711.0
3026.5
145.0
-0.5
542.5
156.0
371.5
233.0
2661.0
2976.5
145.0
-0.5
542.5
156.0
371.5
233.0
2611.0
2926.5
145.0
-0.5
542.5
156.0
371.5
233.0
2561.0
2876.5
145.0
-0.5
542.5
156.0
371.5
233.0
2511.0
2826.5
145.0
-0.5
542.5
156.0
371.5
233.0
2461.0
2776.5
145.0
-0.5
542.5
156.0
371.5
233.0
2411.0
2726.5
145.0
-0.5
542.5
156.0
371.5
233.0
2361.0
2676.5
145.0
-0.5
542.5
156.0
371.5
233.0
2311.0
2626.5
145.0
-0.5
542.5
156.0
371.5
233.0
2261.0
2576.5
145.0
-0.5
542.5
156.0
371.5
233.0
2211.0
2526.5
145.0
-0.5
542.5
156.0
371.5
233.0
2161.0
2476.5
145.0
-0.5
542.5
156.0
371.5
233.0
2111.0
2426.5
145.0
-0.5
542.5
156.0
371.5
233.0
2061.0
2376.5
145.0
-0.5
542.5
156.0
371.5
233.0
2011.0
2326.5
145.0
-0.5
542.5
156.0
371.5
233.0
1961.0
2276.5
145.0
-0.5
542.5
156.0
371.5
233.0
1911.0
2226.5
145.0
-0.5
542.5
156.0
371.5
233.0
1861.0
2176.5
145.0
-0.5
542.5
156.0
371.5
233.0
1811.0
2126.5
145.0
-0.5
542.5
156.0
371.5
233.0
1761.0
2076.5
145.0
-0.5
542.5
156.0
371.5
233.0
1711.0
2026.5
145.0
-0.5
542.5
156.0
371.5
233.0
1661.0
1976.5
145.0
-0.5
542.5
156.0
371.5
233.0
1611.0
1926.5
145.0
-0.5
542.5
156.0
371.5
233.0
1561.0
1876.5
145.0
-0.5
542.5
156.0
371.5
233.0
1511.0
1826.5
145.0
-0.5
542.5
156.0
371.5
233.0
1461.0
1776.5
145.0
-0.5
542.5
156.0
371.5
233.0
1411.0
1726.5
145.0
-0.5
542.5
156.0
371.5
233.0
1361.0
1676.5
145.0
-0.5
542.5
156.0
371.5
233.0
1311.0
1626.5
145.0
-0.5
542.5
156.0
371.5
233.0
1261.0
1576.5
145.0
-0.5
542.5
156.0
371.5
233.0
1211.0
1526.5
145.0
-0.5
542.5
156.0
371.5
233.0
1161.0
1476.5
145.0
-0.5
542.5
156.0
371.5
233.0
1111.0
1426.5
145.0
-0.5
542.5
156.0
371.5
233.0
1061.0
1376.5
145.0
-0.5
542.5
156.0
371.5
233.0
1011.0
1326.5
145.0
-0.5
542.5
156.0
371.5
233.0
961.0
1276.5
145.0
-0.5
542.5
156.0
371.5
233.0
911.0
1226.5
145.0
-0.5
542.5
156.0
371.5
233.0
861.0
1176.5
145.0
-0.5
542.5
156.0
371.5
233.0
811.0
1126.5
145.0
-0.5
542.5
156.0
371.5
233.0
761.0
1076.5
145.0
-0.5
542.5
156.0
371.5
233.0
711.0
1026.5
145.0
-0.5
542.5
156.0
371.5
233.0
661.0
976.5
145.0
-0.5
542.5
156.0
371.5
233.0
611.0
926.5
145.0
-0.5
542.5
156.0
371.5
233.0
561.0
876.5
145.0
-0.5
542.5
156.0
371.5
233.0
511.0
826.5
145.0
-0.5
542.5
156.0
371.5
233.0
461.0
776.5
145.0
-0.5
542.5
156.0
371.5
233.0
411.0
726.5
145.0
-0.5
542.5
156.0
371.5
233.0
361.0
676.5
145.0
-0.5
542.5
156.0
371.5
233.0
311.0
626.5
145.0
-0.5
542.5
156.0
371.5
233.0
261.0
576.5
145.0
-0.5
542.5
156.0
371.5
233.0
211.0
526.5
145.0
-0.5
542.5
156.0
339.0
233.0
161.0
509.0
145.0
-0.5
542.5
156.0
289.0
233.0
111.0
509.0
145.0
-0.5
542.5
156.0
239.0
233.0
61.0
509.0
145.0
-0.5
542.5
156.0
189.0
233.0
11.0
509.0
145.0
-0.5
542.5
156.0
139.0
233.0
0.5
3611.0
145.0
-0.5
542.5
156.0
89.0
233.0
0.5
3561.0
145.0
-0.5
542.5
156.0
39.0
233.0
0.5
3511.0
145.0
-0.5
542.5
156.0
-1.5
233.0
0.5
3451.5
145.0
-0.5
542.5
156.0
-1.5
233.0
0.5
3351.5
145.0
-0.5
542.5
156.0
-1.5
233.0
0.5
3251.5
145.0
-0.5
542.5
156.0
-1.5
233.0
0.5
3151.5
145.0
-0.5
542.5
156.0
-1.5
233.0
0.5
3051.5
145.0
-0.5
542.5
156.0
-1.5
233.0
0.5
2951.5
145.0
-0.5
542.5
156.0
-1.5
233.0
0.5
2851.5
145.0
-0.5
542.5
156.0
-1.5
233.0
0.5
2751.5
145.0
-0.5
542.5
156.0
-1.5
233.0
0.5
2651.5
145.0
-0.5
542.5
156.0
-1.5
233.0
0.5
2551.5
145.0
-0.5
542.5
156.0
-1.5
233.0
0.5
2451.5
3205.0
-1.5
542.5
156.0
-1.5
233.0
0.5
2400.5
3155.0
-1.5
542.5
156.0
-1.5
233.0
0.5
2350.5
3105.0
-1.5
542.5
156.0
-1.5
233.0
0.5
2300.5
3055.0
-1.5
542.5
156.0
-1.5
233.0
0.5
2250.5
3005.0
-1.5
542.5
156.0
-1.5
233.0
0.5
2200.5
2955.0
-1.5
542.5
156.0
-1.5
233.0
0.5
2150.5
2905.0
-1.5
542.5
156.0
-1.5
233.0
0.5
2100.5
2855.0
-1.5
542.5
156.0
-1.5
233.0
0.5
2050.5
2805.0
-1.5
542.5
156.0
-1.5
233.0
0.5
2000.5
2755.0
-1.5
542.5
156.0
-1.5
233.0
0.5
1950.5
2705.0
-1.5
542.5
156.0
-1.5
233.0
0.5
1900.5
2655.0
-1.5
542.5
156.0
-1.5
233.0
0.5
1850.5
2605.0
-1.5
542.5
156.0
-1.5
233.0
0.5
1800.5
2555.0
-1.5
542.5
156.0
-1.5
233.0
0.5
1750.5
2505.0
-1.5
542.5
156.0
-1.5
233.0
0.5
1700.5
2455.0
-1.5
542.5
156.0
-1.5
233.0
0.5
1650.5
2405.0
-1.5
542.5
156.0
-1.5
233.0
0.5
1600.5
2355.0
-1.5
542.5
156.0
-1.5
233.0
0.5
1550.5
2305.0
-1.5
542.5
156.0
-1.5
233.0
0.5
1500.5
2255.0
-1.5
542.5
156.0
-1.5
233.0
0.5
1450.5
2205.0
-1.5
542.5
156.0
-1.5
233.0
0.5
1400.5
2155.0
-1.5
542.5
156.0
-1.5
233.0
0.5
1350.5
2105.0
-1.5
542.5
156.0
-1.5
233.0
0.5
1300.5
2055.0
-1.5
541.0
156.0
-1.5
233.0
0.5
1252.0
2005.0
-1.5
491.0
156.0
-1.5
233.0
0.5
1252.0
1955.0
-1.5
441.0
156.0
-1.5
233.0
0.5
1252.0
1905.0
-1.5
391.0
156.0
-1.5
233.0
0.5
1252.0
1855.0
-1.5
341.0
156.0
-1.5
233.0
0.5
1252.0
1805.0
-1.5
291.0
156.0
-1.5
233.0
0.5
1252.0
1755.0
-1.5
241.0
156.0
-1.5
233.0
0.5
1252.0
1705.0
-1.5
191.0
156.0
-1.5
233.0
0.5
1252.0
1655.0
-1.5
141.0
156.0
-1.5
233.0
0.5
1252.0
1605.0
-1.5
91.0
156.0
-1.5
233.0
0.5
1252.0
1555.0
-1.5
41.0
156.0
-1.5
233.0
0.5
1252.0
1505.0
-1.5
-2.0
149.0
-1.5
233.0
0.5
1252.0
1455.0
-1.5
-2.0
99.0
-1.5
233.0
0.5
1252.0
1405.0
-1.5
-2.0
49.0
-1.5
233.0
0.5
1252.0
1355.0
-1.5
-2.0
-1.0
-1.5
233.0
0.5
1252.0
1257.5
-1.5
-2.0
-1.5
-1.5
233.0
-1.5
1252.0
1157.5
-1.5
-2.0
-1.5
-1.5
233.0
-1.5
1252.0
1058.5
-1.5
-2.0
-1.5
-1.5
233.0
-1.5
1251.0
1008.5
-1.5
-2.0
-1.5
-1.5
233.0
-1.5
1201.0
958.5
-1.5
-2.0
-1.5
-1.5
233.0
-1.5
1151.0
908.5
-1.5
-2.0
-1.5
-1.5
233.0
-1.5
1101.0
858.5
-1.5
-2.0
-1.5
-1.5
233.0
-1.5
1051.0
808.5
-1.5
-2.0
-1.5
-1.5
233.0
-1.5
1001.0
758.5
-1.5
-2.0
-1.5
-1.5
233.0
-1.5
951.0
708.5
-1.5
-2.0
-1.5
-1.5
233.0
-1.5
901.0
706.5
-1.5
-2.0
-1.5
-1.5
185.0
-1.5
851.0
706.5
-1.5
-2.0
-1.5
-1.5
135.0
-1.5
801.0
706.5
3136.5
-2.0
-1.5
-1.5
85.0
-1.5
754.5
706.5
3086.5
-2.0
-1.5
-1.5
35.0
-1.5
754.5
693.5
3036.5
-2.0
-1.5
-1.5
-2.0
-1.5
754.5
643.5
2986.5
-2.0
-1.5
-1.5
-2.0
-1.5
754.5
593.5
2936.5
-2.0
-1.5
-1.5
-2.0
-1.5
754.5
543.5
2886.5
-2.0
-1.5
-1.5
-2.0
-1.5
754.5
493.5
2836.5
-2.0
-1.5
-1.5
-2.0
-1.5
754.5
443.5
2786.5
-2.0
-1.5
-1.5
-2.0
-1.5
754.5
393.5
2736.5
-2.0
-1.5
-1.5
-2.0
-1.5
754.5
343.5
2686.5
-2.0
-1.5
-1.5
-2.0
-1.5
754.5
293.5
2636.5
-2.0
-1.5
-1.5
-2.0
-1.5
754.5
243.5
2586.5
-2.0
-1.5
-1.5
-2.0
-1.5
754.5
193.5
2536.5
-2.0
-1.5
-1.5
-2.0
-1.5
754.5
143.5
2486.5
-2.0
-1.5
-1.5
-2.0
-1.5
754.5
93.5
2436.5
-2.0
-1.5
-1.5
-2.0
-1.5
754.5
43.5
2386.5
-2.0
-1.5
-1.5
-2.0
-1.5
754.5
-2.0
2336.5
-2.0
3101.5
-1.5
-2.0
-1.5
754.5
-2.0
2286.5
-2.0
3051.5
-1.5
-2.0
-1.5
754.5
-2.0
2236.5
-2.0
3001.5
-1.5
-2.0
-1.5
754.5
-2.0
2186.5
-2.0
2951.5
-1.5
-2.0
-1.5
754.5
-2.0
2136.5
-2.0
2901.5
-1.5
-2.0
-1.5
754.5
-2.0
2086.5
-2.0
2851.5
-1.5
-2.0
-1.5
754.5
-2.0
2036.5
-2.0
2801.5
-1.5
-2.0
-1.5
754.5
-2.0
1986.5
-2.0
2751.5
-1.5
-2.0
-1.5
754.5
-2.0
1936.5
-2.0
2701.5
-1.5
-2.0
-1.5
754.5
-2.0
1886.5
-2.0
2651.5
-1.5
-2.0
-1.5
754.5
-2.0
1836.5
-2.0
2601.5
-1.5
-2.0
-1.5
754.5
-2.0
1786.5
-2.0
2551.5
-1.5
-2.0
-1.5
754.5
-2.0
1736.5
-2.0
2501.5
-1.5
-2.0
-1.5
754.5
-2.0
1686.5
-2.0
2451.5
-1.5
-2.0
-1.5
754.5
-2.0
1636.5
-2.0
2401.5
-1.5
-2.0
-1.5
754.5
-2.0
1586.5
-2.0
2351.5
-1.5
-2.0
-1.5
754.5
-2.0
1536.5
-2.0
2301.5
-1.5
-2.0
-1.5
754.5
-2.0
1486.5
-2.0
2251.5
-1.5
-2.0
-1.5
754.5
-2.0
1436.5
-2.0
2201.5
-1.5
-2.0
-1.5
754.5
-2.0
1386.5
-2.0
2151.5
-1.5
-2.0
-1.5
754.5
-2.0
1336.5
-2.0
2101.5
-1.5
-2.0
-1.5
754.5
-2.0
1286.5
-2.0
2051.5
-1.5
-2.0
-1.5
754.5
-2.0
1236.5
-2.0
2001.5
-1.5
-2.0
-1.5
754.5
-2.0
1186.5
-2.0
1951.5
-1.5
-2.0
-1.5
754.5
-2.0
1136.5
-2.0
1901.5
-1.5
-2.0
-1.5
754.5
-2.0
1086.5
-2.0
1851.5
-1.5
-2.0
-1.5
754.5
-2.0
1036.5
-2.0
1801.5
-1.5
-2.0
-1.5
754.5
-2.0
986.5
-2.0
1751.5
-1.5
-2.0
-1.5
754.5
-2.0
936.5
-2.0
1701.5
-1.5
-2.0
-1.5
754.5
-2.0
886.5
-2.0
1651.5
-1.5
-2.0
-1.5
754.5
-2.0
836.5
-2.0
1601.5
-1.5
-2.0
-1.5
754.5
-2.0
786.5
-2.0
1551.5
-1.5
-2.0
-1.5
754.5
-2.0
736.5
-2.0
1501.5
-1.5
-2.0
-1.5
754.5
-2.0
686.5
-2.0
1451.5
-1.5
-2.0
-1.5
754.5
-2.0
636.5
-2.0
1401.5
-1.5
-2.0
-1.5
754.5
-2.0
586.5
-2.0
1351.5
-1.5
-2.0
-1.5
754.5
-2.0
536.5
-2.0
1301.5
-1.5
-2.0
-1.5
754.5
-2.0
486.5
-2.0
1251.5
-1.5
-2.0
-1.5
754.5
-2.0
436.5
-2.0
1201.5
-1.5
-2.0
-1.5
754.5
-2.0
386.5
-2.0
1151.5
-1.5
-2.0
-1.5
754.5
-2.0
336.5
-2.0
1101.5
-1.5
-2.0
-1.5
754.5
-2.0
286.5
-2.0
1051.5
-1.5
-2.0
-1.5
754.5
-2.0
236.5
-2.0
1001.5
-1.5
-2.0
-1.5
754.5
-2.0
186.5
-2.0
951.5
-1.5
-2.0
-1.5
754.5
-2.0
136.5
-2.0
901.5
-1.5
-2.0
-1.5
754.5
-2.0
86.5
-2.0
851.5
-1.5
-2.0
-1.5
754.5
-2.0
36.5
-2.0
801.5
-1.5
-2.0
-1.5
754.5
-2.0
-2.0
-2.0
751.5
3129.5
-2.0
-1.5
754.5
-2.0
-2.0
-2.0
701.5
3079.5
-2.0
-1.5
754.5
-2.0
-2.0
-2.0
651.5
3029.5
-2.0
-1.5
754.5
-2.0
-2.0
-2.0
601.5
2979.5
-2.0
-1.5
754.5
-2.0
-2.0
-2.0
551.5
2929.5
-2.0
-1.5
754.5
-2.0
-2.0
-2.0
501.5
2879.5
-2.0
-1.5
754.5
-2.0
-2.0
-2.0
451.5
2829.5
-2.0
-1.5
754.5
-2.0
-2.0
-2.0
401.5
2779.5
-2.0
-1.5
754.5
-2.0
-2.0
-2.0
351.5
2729.5
-2.0
-1.5
754.5
-2.0
-2.0
-2.0
301.5
2679.5
-2.0
-1.5
754.5
-2.0
-2.0
-2.0
251.5
2629.5
-2.0
-1.5
754.5
-2.0
-2.0
-2.0
201.5
2579.5
-2.0
-1.5
754.5
-2.0
-2.0
-2.0
151.5
2529.5
-2.0
-1.5
754.5
-2.0
-2.0
-2.0
101.5
2479.5
-2.0
-1.5
754.5
-2.0
-2.0
-2.0
51.5
2429.5
-2.0
-1.5
754.5
-2.0
-2.0
-2.0
1.5
2379.5
-2.0
-1.5
754.5
-2.0
-2.0
-2.0
-2.0
2329.5
-2.0
3060.0
754.5
-2.0
-2.0
-2.0
-2.0
2279.5
-2.0
3010.0
754.5
-2.0
-2.0
-2.0
-2.0
2229.5
-2.0
2960.0
754.5
-2.0
-2.0
-2.0
-2.0
2179.5
-2.0
2910.0
754.5
-2.0
-2.0
-2.0
-2.0
2129.5
-2.0
2860.0
754.5
-2.0
-2.0
-2.0
-2.0
2079.5
-2.0
2810.0
754.5
-2.0
-2.0
-2.0
-2.0
2029.5
-2.0
2760.0
754.5
-2.0
-2.0
-2.0
-2.0
1979.5
-2.0
2710.0
754.5
-2.0
-2.0
-2.0
-2.0
1929.5
-2.0
2660.0
754.5
-2.0
-2.0
-2.0
-2.0
1879.5
-2.0
2610.0
754.5
-2.0
-2.0
-2.0
-2.0
1829.5
-2.0
2560.0
754.5
-2.0
-2.0
-2.0
-2.0
1779.5
-2.0
2510.0
754.5
-2.0
-2.0
-2.0
-2.0
1729.5
-2.0
2460.0
754.5
-2.0
-2.0
-2.0
-2.0
1679.5
-2.0
2410.0
754.5
-2.0
-2.0
-2.0
-2.0
1629.5
-2.0
2360.0
754.5
-2.0
-2.0
-2.0
-2.0
1579.5
-2.0
2310.0
754.5
-2.0
-2.0
-2.0
-2.0
1529.5
-2.0
2260.0
754.5
-2.0
-2.0
-2.0
-2.0
1479.5
-2.0
2210.0
754.5
-2.0
-2.0
-2.0
-2.0
1429.5
-2.0
2160.0
754.5
-2.0
-2.0
-2.0
-2.0
1379.5
-2.0
2110.0
754.5
-2.0
-2.0
-2.0
-2.0
1329.5
-2.0
2060.0
754.5
-2.0
-2.0
-2.0
-2.0
1279.5
-2.0
2010.0
754.5
-2.0
-2.0
-2.0
-2.0
1229.5
-2.0
1960.0
754.5
-2.0
-2.0
-2.0
-2.0
1179.5
-2.0
1910.0
754.5
-2.0
-2.0
-2.0
-2.0
1129.5
-2.0
1860.0
754.5
-2.0
-2.0
-2.0
-2.0
1079.5
-2.0
1810.0
754.5
-2.0
-2.0
-2.0
-2.0
1029.5
-2.0
1760.0
754.5
-2.0
-2.0
-2.0
-2.0
979.5
-2.0
1710.0
754.5
-2.0
-2.0
-2.0
-2.0
929.5
-2.0
1660.0
754.5
-2.0
-2.0
-2.0
-2.0
879.5
-2.0
1610.0
754.5
-2.0
-2.0
-2.0
-2.0
829.5
-2.0
1560.0
754.5
-2.0
-2.0
-2.0
-2.0
779.5
-2.0
1510.0
754.5
-2.0
-2.0
-2.0
-2.0
729.5
-2.0
1460.0
754.5
-2.0
-2.0
-2.0
-2.0
679.5
-2.0
1410.0
754.5
-2.0
-2.0
-2.0
-2.0
629.5
-2.0
1360.0
754.5
-2.0
-2.0
-2.0
-2.0
579.5
-2.0
1310.0
754.5
-2.0
-2.0
-2.0
-2.0
529.5
-2.0
1260.0
754.5
-2.0
-2.0
-2.0
-2.0
479.5
-2.0
1210.0
754.5
-2.0
-2.0
-2.0
-2.0
429.5
-2.0
1160.0
754.5
-2.0
-2.0
-2.0
-2.0
379.5
-2.0
1110.0
754.5
-2.0
-2.0
-2.0
-2.0
329.5
-2.0
1060.0
754.5
-2.0
-2.0
-2.0
-2.0
279.5
-2.0
1010.0
754.5
-2.0
-2.0
-2.0
-2.0
229.5
-2.0
960.0
754.5
-2.0
-2.0
-2.0
-2.0
179.5
-2.0
910.0
754.5
-2.0
-2.0
-2.0
-2.0
129.5
-2.0
860.0
754.5
-2.0
-2.0
-2.0
-2.0
79.5
-2.0
810.0
754.5
-2.0
-2.0
-2.0
-2.0
29.5
-2.0
760.0
754.5
-2.0
-2.0
-2.0
-2.0
-2.0
-2.0
710.0
736.0
-2.0
-2.0
-2.0
-2.0
-2.0
-2.0
660.0
686.0
-2.0
-2.0
-2.0
-2.0
-2.0
-2.0
610.0
636.0
-2.0
-2.0
-2.0
-2.0
-2.0
-2.0
560.0
586.0
-2.0
-2.0
-2.0
-2.0
-2.0
-2.0
510.0
536.0
-2.0
-2.0
-2.0
-2.0
-2.0
-2.0
460.0
486.0
-2.0
-2.0
-2.0
-2.0
-2.0
-2.0
410.0
436.0
-2.0
-2.0
-2.0
-2.0
-2.0
-2.0
360.0
386.0
-2.0
-2.0
-2.0
-2.0
-2.0
-2.0
310.0
336.0
-2.0
-2.0
-2.0
-2.0
-2.0
-2.0
260.0
286.0
-2.0
-2.0
-2.0
-2.0
-2.0
-2.0
210.0
236.0
-2.0
-2.0
-2.0
-2.0
-2.0
-2.0
160.0
186.0
-2.0
-2.0
-2.0
-2.0
-2.0
-2.0
110.0
136.0
-2.0
-2.0
-2.0
-2.0
-2.0
-2.0
60.0
86.0
-2.0
-2.0
-2.0
-2.0
-2.0
-2.0
10.0
36.0
