22534.5
23997.0
24183.5
23903.5
25424.5
26025.0
26090.0
25972.5
25837.0
25881.0
25950.5
25817.5
25846.0
25652.0
25702.0
25663.5
25478.5
25695.0
25543.0
25467.5
25473.0
25470.5
25413.5
25311.0
25228.5
25471.5
25392.0
25315.0
25177.0
25262.0
25254.0
25225.0
25261.0
25135.0
25192.5
25052.0
25023.5
25107.5
25177.0
25029.5
24914.0
25003.5
25058.0
24958.5
24813.0
25024.5
24909.5
24774.0
24689.0
24700.5
24743.0
24630.0
24516.5
24616.0
24621.0
24521.0
24444.0
24421.0
24419.5
24333.0
24191.5
23967.0
23808.0
23578.0
23279.5
22925.5
22556.5
22130.0
21675.5
21216.5
20837.0
20434.0
19997.0
19543.0
19062.5
18640.5
18326.0
17898.0
17456.5
16981.0
16516.5
16320.5
15873.5
15390.5
14930.5
14496.5
14250.5
13835.5
13375.5
12921.0
12504.5
12172.5
11799.0
11375.5
10969.0
10518.5
10052.5
9738.0
9329.5
8892.5
8418.5
7947.0
7626.5
7252.5
6836.0
6387.0
5954.5
5566.5
5175.5
4786.5
4349.5
3903.5
3668.5
3233.5
2798.0
2337.5
1876.5
1553.5
1205.5
808.5
378.5
