2.538269519805908
2.536733031272888
2.6703025102615356
2.661956548690796
2.653330445289612
2.6320550441741943
2.6669416427612305
2.654696464538574
2.6741844415664673
2.65891695022583
2.6594533920288086
2.65819251537323
2.665504574775696
2.6650155782699585
2.6747244596481323
2.6896777153015137
2.6966389417648315
2.7077629566192627
2.716621994972229
2.7278565168380737
2.74040150642395
2.742669463157654
2.7531094551086426
2.7636804580688477
2.775657534599304
2.7851815223693848
2.796820640563965
2.809783458709717
2.821144938468933
2.8362330198287964
2.849771499633789
2.861384391784668
2.873205542564392
2.8829190731048584
2.8937575817108154
2.9040775299072266
2.9216256141662598
2.9390625953674316
2.955096960067749
2.9670385122299194
2.9790868759155273
2.9935754537582397
3.0127248764038086
3.025504469871521
3.037588119506836
3.0493844747543335
3.061970591545105
3.0715619325637817
3.084444522857666
3.096388339996338
3.1075310707092285
3.121342897415161
3.1315131187438965
3.1423624753952026
3.151502847671509
3.1635974645614624
3.1761484146118164
3.190078854560852
3.197800397872925
3.220706582069397
3.2593709230422974
3.30871844291687
3.3242249488830566
3.34333336353302
3.3748754262924194
3.3956815004348755
3.422061562538147
3.4306373596191406
3.4198120832443237
3.412497043609619
3.4263548851013184
3.4339805841445923
3.448642134666443
3.437880039215088
3.4415708780288696
3.446416974067688
3.460460066795349
3.4727784395217896
3.4650079011917114
3.4680020809173584
3.4545689821243286
3.4841818809509277
3.493817448616028
3.4860390424728394
3.472380042076111
3.464742064476013
3.4976584911346436
3.520087957382202
3.515783905982971
3.5124454498291016
3.510538935661316
3.5190680027008057
3.53741455078125
3.531130075454712
3.5374525785446167
3.533733606338501
3.5233324766159058
3.555097460746765
3.56537401676178
3.5709784030914307
3.5566470623016357
3.535077452659607
3.548247456550598
3.5662739276885986
3.58652400970459
3.5869710445404053
3.5824661254882812
3.5876580476760864
3.5829299688339233
3.597837448120117
3.6041523218154907
3.6053789854049683
3.632951498031616
3.6536014080047607
3.6541754007339478
3.6491758823394775
3.640138864517212
3.650389552116394
3.667128086090088
3.6813124418258667
3.681270480155945
