1860.25
1941.375
1845.875
1891.375
1946.625
1953.0
1917.375
1912.25
1871.75
1970.375
1969.625
2220.5
1919.625
2170.5
1869.625
2120.5
1819.625
2070.5
1769.625
2394.125
2018.25
2548.5
2026.875
2498.5
2143.875
2448.5
2093.875
2398.5
2348.0
2348.5
2298.0
2298.5
2248.0
2248.5
2198.0
2198.5
2148.0
2148.5
2098.0
2098.5
2048.0
2048.5
1998.0
1998.5
1948.0
1948.5
1898.0
1898.5
1848.0
1848.5
1798.0
1798.5
1748.0
1748.5
1698.0
1698.5
1648.0
1648.5
1598.0
1598.5
1548.0
1548.5
1498.0
1498.5
1448.0
1448.5
1398.0
1398.5
1348.0
1348.5
1298.0
1298.5
1248.0
1248.5
1200.375
1973.0
2707.625
2696.625
2657.625
2646.625
2607.625
2596.625
2557.625
2546.625
2507.625
2496.625
2457.625
2446.625
2407.625
2396.625
3136.375
2353.0
3073.875
2315.5
3788.375
2286.625
3720.125
3040.25
3657.625
3002.75
3595.125
2965.25
3532.625
2927.75
3470.125
2890.25
3407.625
2852.75
3345.125
2815.25
3282.625
2777.75
3220.125
2740.25
3168.0
3478.0
3118.0
3428.0
3068.0
3378.0
3018.0
3328.0
2968.0
3278.0
2918.0
3228.0
2868.0
3178.0
2818.0
3128.0
2768.0
3078.0
2718.0
3028.0
2668.0
2978.0
2618.0
2928.0
2568.0
2878.0
2518.0
2828.0
2468.0
2778.0
2418.0
2728.0
2368.0
2678.0
2318.0
2628.0
2268.0
2578.0
2218.0
2528.0
2168.0
2478.0
2118.0
2428.0
2068.0
2378.0
2018.0
2328.0
1968.0
2278.0
1918.0
2228.0
1868.0
2178.0
1818.0
2128.0
1768.0
2078.0
1718.0
2028.0
1668.0
1978.0
1618.0
1928.0
1568.0
1878.0
1518.0
1828.0
1468.0
1778.0
1418.0
1728.0
1368.0
1678.0
1318.0
1628.0
1275.25
1570.75
1237.75
1508.25
1200.25
1445.75
1162.75
1383.25
1116.5
1329.5
1068.375
1277.625
1030.875
1215.125
993.375
1152.625
955.625
1090.375
905.625
1040.375
855.625
990.375
805.625
940.375
755.625
890.375
714.25
831.75
676.75
769.25
639.25
706.75
593.0
653.0
543.0
603.0
493.0
553.0
443.0
503.0
393.0
453.0
343.0
403.0
293.0
353.0
246.375
299.625
208.875
237.125
159.25
186.75
109.25
136.75
59.25
86.75
19.0
27.0
