2.6757652163505554
2.6758280992507935
2.66648006439209
2.6665388345718384
2.80856791138649
2.8086571395397186
2.7840552628040314
2.7841472923755646
2.756653666496277
2.758749336004257
2.8683767318725586
2.868967741727829
2.9738999009132385
2.974103182554245
2.969796270132065
2.9698901176452637
2.967764377593994
2.968007355928421
3.042676270008087
3.0428768396377563
3.052781790494919
3.05284982919693
3.0590666234493256
3.0591552555561066
3.1074993014335632
3.107581704854965
3.117174416780472
3.1172428727149963
3.1380023062229156
3.138078272342682
3.1479672491550446
3.148102641105652
3.5261409282684326
3.5263639986515045
3.652227282524109
3.6523079872131348
3.514152616262436
3.5142415165901184
3.342318117618561
3.3425444066524506
3.4065984189510345
3.4067042469978333
3.660055637359619
3.660169243812561
3.590339809656143
3.59040567278862
3.411040872335434
3.411109119653702
3.421909213066101
3.42197647690773
3.4589426517486572
3.459037274122238
3.466623991727829
3.4666979014873505
3.4969160556793213
3.4970245957374573
3.673020601272583
3.6731131076812744
3.683256506919861
3.683367371559143
3.66618949174881
3.666405886411667
3.7336864173412323
3.7337647080421448
3.7448534965515137
3.744920164346695
3.961040884256363
3.9611373841762543
3.986630082130432
3.9867285788059235
3.9304429590702057
3.930555284023285
3.9368273615837097
3.937083750963211
4.784081161022186
4.7843018770217896
5.772717535495758
5.7728177309036255
5.812330394983292
5.812518268823624
6.008144855499268
6.008280098438263
5.980686724185944
5.980749487876892
5.986216455698013
5.986291080713272
5.952639698982239
5.952719360589981
5.998313158750534
5.998411923646927
6.317378848791122
6.317456692457199
6.333080291748047
6.333162933588028
6.718970388174057
6.719040244817734
6.916640967130661
6.9167061150074005
6.93292561173439
6.93299275636673
7.01722052693367
7.01728829741478
7.022436141967773
7.022506505250931
7.0408274829387665
7.040892660617828
7.026060700416565
7.026126533746719
7.024771481752396
7.024848103523254
7.0429388880729675
7.043011873960495
7.403479725122452
7.403568089008331
7.54552161693573
7.5455843806266785
7.440567374229431
7.4406295120716095
7.344936311244965
7.345001399517059
7.270691454410553
7.270770817995071
7.417986154556274
7.418045610189438
7.289161860942841
7.289217829704285
7.253462225198746
7.25351682305336
7.156699895858765
7.156772136688232
7.442842394113541
7.442907005548477
7.579624652862549
7.579701751470566
7.551641136407852
7.551705867052078
7.360176056623459
7.360243648290634
7.321913510560989
7.321986556053162
7.278910011053085
7.278982251882553
7.360635697841644
7.360702604055405
7.312375128269196
7.312436878681183
7.113440185785294
7.1135044395923615
7.3899631798267365
7.390030264854431
7.307179480791092
7.307238519191742
7.853199005126953
7.8532553017139435
7.924709618091583
7.9247646033763885
7.810042500495911
7.810097724199295
7.779211640357971
7.779264450073242
7.852608352899551
7.852678269147873
7.740033000707626
7.740091621875763
7.714175075292587
7.714280158281326
7.6752928495407104
7.675390541553497
7.904476344585419
7.904537171125412
7.860061794519424
7.860123336315155
7.982721626758575
7.982788860797882
7.9416718780994415
7.941725850105286
7.797657072544098
7.797711879014969
7.766512393951416
7.766568273305893
7.6744213700294495
7.674477964639664
7.862068802118301
7.862128525972366
8.000256836414337
8.000323563814163
7.961862653493881
7.961921811103821
7.924194365739822
7.924259006977081
8.002739191055298
8.00280374288559
7.957270115613937
7.957331895828247
7.934596121311188
7.934655040502548
7.8748432993888855
7.874901443719864
8.298639059066772
8.29870355129242
8.77314767241478
8.773212224245071
8.757027387619019
8.75710242986679
8.902813136577606
8.902867257595062
8.84740960597992
8.847472071647644
8.790033638477325
8.790091127157211
8.866810142993927
8.866871386766434
8.83729562163353
8.837351620197296
8.783552706241608
8.783615857362747
8.925081968307495
8.925153464078903
8.920733779668808
8.920794785022736
8.885448724031448
8.885515451431274
8.973461240530014
8.973514944314957
8.881560564041138
8.88162249326706
8.836506962776184
8.83657506108284
8.862594872713089
8.86267563700676
8.821714371442795
8.82177072763443
8.795346587896347
8.795403182506561
8.767116755247116
8.767178863286972
8.784042596817017
8.784115642309189
8.748931795358658
8.749005138874054
8.756932407617569
8.756989002227783
8.707296520471573
8.70753276348114
8.648169368505478
8.648233205080032
8.63432514667511
8.63439691066742
