18383.5
20567.75
22362.5
24548.0
24448.0
24348.0
24248.0
24148.0
24048.0
23948.0
23848.0
23748.0
23648.0
23548.0
23448.0
23348.0
23248.0
23148.0
23048.0
22948.0
22848.0
22748.0
22648.0
22548.0
22448.0
22348.0
22248.0
22148.0
22048.0
21948.0
21848.0
21748.0
21648.0
21548.0
21448.0
21348.0
21248.0
21148.0
21048.0
20948.0
20848.0
20748.0
20648.0
20548.0
20448.0
20348.0
20248.0
20148.0
20048.0
19948.0
19848.0
19748.0
19648.0
19548.0
19448.0
19348.0
19248.0
19148.0
19048.0
18948.0
18848.0
18748.0
18648.0
18548.0
18448.0
18348.0
18248.0
18148.0
18048.0
17948.0
17848.0
17748.0
17648.0
17548.0
17448.0
17348.0
17248.0
17148.0
17048.0
16948.0
16848.0
16748.0
16648.0
16548.0
16448.0
16348.0
16248.0
16148.0
16048.0
15948.0
15848.0
15748.0
15648.0
15548.0
15448.0
15348.0
15248.0
15148.0
15048.0
14948.0
14848.0
14748.0
14648.0
14548.0
14448.0
14348.0
14248.0
14148.0
14048.0
13948.0
13848.0
13748.0
13648.0
13548.0
13448.0
13348.0
13248.0
13148.0
13048.0
12948.0
12848.0
12748.0
12648.0
12548.0
12448.0
12348.0
12248.0
12148.0
12048.0
11948.0
11848.0
11748.0
11648.0
11548.0
11448.0
11348.0
11248.0
11148.0
11048.0
10948.0
10848.0
10748.0
10648.0
10548.0
10448.0
10348.0
10248.0
10148.0
10048.0
9948.0
9848.0
9748.0
9648.0
9548.0
9448.0
9348.0
9248.0
9148.0
9048.0
8948.0
8848.0
8748.0
8648.0
8548.0
8448.0
8348.0
8248.0
8148.0
8048.0
7948.0
7848.0
7748.0
7648.0
7548.0
7448.0
7348.0
7248.0
7148.0
7048.0
6948.0
6848.0
6748.0
6648.0
6548.0
6448.0
6348.0
6248.0
6148.0
6048.0
5948.0
5848.0
5748.0
5648.0
5548.0
5448.0
5348.0
5248.0
5148.0
5048.0
4948.0
4848.0
4748.0
4648.0
4548.0
4448.0
4348.0
4248.0
4148.0
4048.0
3948.0
3848.0
3748.0
3648.0
3548.0
3448.0
3348.0
3248.0
3148.0
3048.0
2948.0
2848.0
2748.0
2648.0
2548.0
2448.0
2348.0
2248.0
2148.0
2048.0
1948.0
1848.0
1748.0
1648.0
1548.0
1448.0
1348.0
1248.0
1148.0
1048.0
948.0
848.0
748.0
648.0
548.0
448.0
348.0
248.0
148.0
48.0
