3.2313639521598816
3.3250110149383545
3.505542755126953
3.722829043865204
3.870139479637146
4.05244916677475
4.178070485591888
4.296497225761414
4.533348262310028
4.680907964706421
4.773815214633942
4.914053976535797
5.060451984405518
5.197483241558075
5.274127781391144
5.376272022724152
5.426286995410919
5.501108765602112
5.573506295681
5.597613573074341
5.60527765750885
5.709838271141052
5.745066344738007
5.753017008304596
5.799179792404175
5.88213849067688
5.908504545688629
5.907977998256683
5.906077206134796
5.910270035266876
5.916169464588165
5.888193249702454
5.912763714790344
5.907677412033081
5.925047755241394
6.089732766151428
6.089402556419373
6.098627209663391
6.16622519493103
6.307350754737854
6.335956275463104
6.429228603839874
6.432985782623291
6.4459580183029175
6.45377653837204
6.582727670669556
6.605563223361969
6.628024101257324
6.648869037628174
6.671541154384613
6.673143029212952
6.742906749248505
6.739489495754242
6.723236262798309
6.7400001883506775
6.725915729999542
6.760351479053497
6.785780251026154
6.8103755712509155
6.8030707240104675
6.851008176803589
6.906576693058014
6.883160471916199
6.938107252120972
7.011004745960236
6.993180215358734
6.998676419258118
7.177255749702454
7.221296727657318
7.197433710098267
7.311440825462341
7.273408830165863
7.36957573890686
7.3735474944114685
7.441054701805115
7.458824992179871
7.533812522888184
7.552765667438507
7.587542831897736
7.555055022239685
7.564930737018585
7.579273462295532
7.6637080907821655
7.691737055778503
7.711671948432922
7.715581953525543
7.7629929184913635
7.7995078563690186
8.03665953874588
8.09175705909729
8.086416244506836
8.07444715499878
8.084862768650055
8.0007004737854
8.009170293807983
8.044754266738892
8.233357965946198
8.157716751098633
8.24694150686264
8.265840828418732
8.262435913085938
8.310666978359222
8.255302488803864
8.29055643081665
8.349107027053833
8.54755848646164
8.41665631532669
8.385013461112976
8.423561811447144
8.44059681892395
8.46897566318512
8.486194491386414
8.73731142282486
8.541826844215393
8.783312201499939
8.829967260360718
8.876737177371979
8.930501580238342
9.162002444267273
9.085672736167908
9.094746172428131
9.089719831943512
9.109528541564941
9.14408004283905
9.15917432308197
9.211976528167725
9.227459251880646
9.276010751724243
9.273220300674438
9.314971566200256
9.321320295333862
9.35311073064804
9.43403023481369
9.48317700624466
9.508999288082123
9.536511242389679
9.538046658039093
9.523880422115326
9.530585289001465
9.554627001285553
9.593469440937042
9.629719316959381
9.642186999320984
9.662063956260681
9.705846965312958
9.772171080112457
9.775223970413208
9.805659115314484
9.810507774353027
10.008735537528992
10.020260274410248
10.040616512298584
10.292916715145111
10.357447266578674
10.382590591907501
10.382973730564117
10.41742593050003
10.415985465049744
10.664775252342224
10.673105776309967
10.694423258304596
10.850477516651154
10.850769519805908
10.888599693775177
10.887007296085358
10.922253549098969
10.923868298530579
10.96352505683899
10.969176352024078
10.99721473455429
11.00248271226883
11.039306163787842
11.108525812625885
11.14640873670578
11.157773971557617
11.212195992469788
11.287146508693695
11.310800015926361
11.329572975635529
11.341637432575226
11.383352518081665
11.38924378156662
11.417589724063873
11.530878007411957
11.558977007865906
11.563600838184357
11.524884223937988
11.556899011135101
11.578443944454193
11.604306697845459
11.624078750610352
11.787957966327667
11.808456301689148
11.830994725227356
11.864848554134369
11.851604700088501
11.869737029075623
11.894287288188934
11.92078810930252
11.947036266326904
11.949799954891205
11.971426725387573
12.010693490505219
12.032980978488922
12.29154372215271
12.427258849143982
12.463318705558777
12.48954701423645
12.515854716300964
12.531563222408295
12.53570294380188
12.561736762523651
12.570447504520416
12.61108273267746
12.60947573184967
12.64130449295044
12.696015298366547
12.883076190948486
12.886547029018402
12.91826844215393
12.926128506660461
12.952016770839691
12.966153800487518
13.005956530570984
13.02727872133255
13.053496420383453
13.060954749584198
13.090294361114502
13.106959819793701
13.137750804424286
13.149525225162506
13.188390493392944
13.206610023975372
13.224128067493439
13.303315997123718
13.350767493247986
13.429274260997772
13.442137777805328
13.4657142162323
13.50027847290039
13.51089745759964
13.51787406206131
13.533646643161774
13.548633456230164
13.571698427200317
13.591563940048218
13.612472951412201
13.616463005542755
13.64337146282196
