2674.3333333333335
1174.6666666666667
915.5
2607.6666666666665
1124.6666666666667
915.5
2668.3333333333335
1293.3333333333333
1090.1666666666667
2648.8333333333335
2319.0
1073.6666666666667
2565.3333333333335
2285.8333333333335
2077.0
2509.5
2235.6666666666665
2043.8333333333333
2442.6666666666665
2202.5
1993.6666666666667
2392.8333333333335
2152.3333333333335
1960.5
2326.0
2119.1666666666665
1910.3333333333333
2276.1666666666665
2069.0
1877.1666666666667
2209.3333333333335
2035.8333333333333
1827.0
2159.5
1985.6666666666667
1778.3333333333333
2108.1666666666665
1952.5
1711.5
2075.0
1902.3333333333333
1669.5
2024.8333333333333
2897.1666666666665
1619.3333333333333
1991.6666666666667
2830.3333333333335
1586.1666666666667
1941.5
2780.5
1536.0
1908.3333333333333
2713.6666666666665
1502.8333333333333
1858.1666666666667
2663.8333333333335
1452.6666666666667
1825.0
2597.0
1419.5
1774.8333333333333
2547.1666666666665
1369.3333333333333
1741.6666666666667
2480.3333333333335
1336.1666666666667
1691.5
2430.5
1286.0
1658.3333333333333
2363.6666666666665
1252.8333333333333
1608.1666666666667
2313.8333333333335
1202.6666666666667
1575.0
2247.0
1169.5
1524.8333333333333
2197.1666666666665
1119.3333333333333
1491.6666666666667
2130.3333333333335
1086.1666666666667
1441.5
2080.5
1036.0
1408.3333333333333
2013.6666666666667
1002.8333333333334
1358.1666666666667
1963.8333333333333
952.6666666666666
1325.0
1897.0
919.5
1280.5
2877.3333333333335
891.6666666666666
2255.1666666666665
1819.3333333333333
1833.0
1247.1666666666667
2710.6666666666665
858.3333333333334
2121.8333333333335
1752.6666666666667
1699.6666666666667
1213.8333333333333
2544.0
825.0
1988.5
1686.0
1566.3333333333333
1180.5
2377.3333333333335
791.6666666666666
1855.1666666666667
2651.6666666666665
1436.6666666666667
2162.8333333333335
2231.0
1757.3333333333333
1758.8333333333333
2535.0
1353.3333333333333
2082.6666666666665
2111.1666666666665
1674.0
1695.3333333333333
2398.5
1270.0
2029.8333333333333
1964.0
1590.6666666666667
1625.8333333333333
2268.0
1186.6666666666667
1946.5
1847.3333333333333
1507.3333333333333
1542.5
2151.3333333333335
1113.6666666666667
1863.1666666666667
1720.3333333333333
1451.0
1459.1666666666667
2007.6666666666667
1050.1666666666667
1779.8333333333333
1583.8333333333333
1370.8333333333333
1375.8333333333333
1887.8333333333333
966.8333333333334
1696.5
1467.1666666666667
1287.5
1305.0
1758.6666666666667
883.5
1642.3333333333333
1321.3333333333333
1204.1666666666667
1255.0
1608.6666666666667
800.1666666666666
1592.3333333333333
1171.3333333333333
1120.8333333333333
1205.0
1458.6666666666667
716.8333333333334
1539.8333333333333
1023.8333333333334
1037.5
1135.8333333333333
1327.8333333333333
633.5
1456.5
907.1666666666666
954.1666666666666
1052.5
1211.1666666666667
550.1666666666666
1373.1666666666667
790.5
870.8333333333334
969.1666666666666
1094.5
480.8333333333333
1290.1666666666667
659.5
814.3333333333334
890.0
926.3333333333334
451.3333333333333
1169.6666666666667
546.6666666666666
714.3333333333334
856.6666666666666
726.3333333333334
451.3333333333333
1036.3333333333333
446.6666666666667
614.3333333333334
820.8333333333334
531.5
446.8333333333333
887.0
364.5
498.5
752.0
382.8333333333333
413.5
727.5
324.0
389.0
661.5
290.0
339.6666666666667
610.8333333333334
240.66666666666666
305.6666666666667
544.8333333333334
204.0
263.0
475.1666666666667
172.33333333333334
226.66666666666666
402.0
135.33333333333334
197.0
315.0
122.33333333333333
143.33333333333334
252.0
85.33333333333333
113.66666666666667
167.16666666666666
70.16666666666667
60.833333333333336
118.5
19.666666666666668
28.666666666666668
34.0
3.3333333333333335
