7.107670823733012
7.107737263043721
7.069209376970927
7.069289763768514
7.113603671391805
7.1524668137232466
7.2148146231969195
7.214880148569743
7.3581812381744385
7.35824700196584
7.3843430280685425
7.507940133412679
7.609400153160095
7.609490513801575
7.6906924645106
7.69075624148051
7.769840955734253
7.781763394673665
7.878072539965312
7.878138542175293
7.907908837000529
7.908023873964946
7.963412046432495
8.023460626602173
8.069034695625305
8.06914754708608
8.098782698313395
8.098874886830648
8.117328723271688
8.104323705037435
8.088578621546427
8.08864939212799
8.085445165634155
8.085510015487671
8.030843178431192
8.085632681846619
8.17551883061727
8.175610979398092
8.161296288172403
8.16136384010315
8.073071320851644
8.233745694160461
8.211565216382345
8.211626927057901
8.257202307383219
8.25727148850759
8.343055009841919
8.340921004613241
8.45913048585256
8.45918869972229
8.615723808606466
8.615791122118631
8.5635324716568
8.560430010159811
8.591105024019877
8.591158350308737
8.473943988482157
8.474000612894693
8.539222319920858
8.554904500643412
8.537470976511637
8.537540356318155
8.54860234260559
8.548672000567118
8.53232236703237
8.506703694661459
8.497992356618246
8.49804667631785
8.467439492543539
8.46750028928121
8.45570715268453
8.397428353627523
8.50334902604421
8.503404657046
8.641987164815268
8.642047802607218
8.615652680397034
8.549145698547363
8.52931805451711
8.529377857844034
8.664062857627869
8.664122382799784
8.657647490501404
8.597999493281046
8.668365995089212
8.66841963926951
8.625113646189371
8.625179131825766
8.621611992518107
8.693232218424479
8.681407928466797
8.68146550655365
8.67716916402181
8.677250822385153
8.667223771413168
8.645458141962687
8.855865836143494
8.855918804804483
9.033260544141134
9.03332233428955
9.025338451067606
8.998681863149008
8.984444538752237
8.984508633613586
8.943385362625122
8.943444093068441
8.94176185131073
9.023031910260519
9.032604455947876
9.032659451166788
8.980617801348368
8.98067577679952
9.04419449965159
9.202540516853333
9.176931699117025
9.176988005638123
9.265684882799784
9.265743215878805
9.463161389032999
9.492270191510519
9.533532977104187
9.533584117889404
9.42563533782959
9.425696651140848
9.366082986195883
9.262094895044962
9.346295038859049
9.346350073814392
9.457459211349487
9.457522511482239
9.53847587108612
9.624005873998007
9.584663987159729
9.584721644719442
9.390849987665812
9.390905857086182
9.42691167195638
9.612319350242615
9.635699113210043
9.635759115219116
9.537708163261414
9.537765185038248
9.526212453842163
9.460525194803873
9.45681114991506
9.456867019335428
9.518346548080444
9.51841906706492
9.53510049978892
9.657454689343771
9.621878186861673
9.621938705444336
9.61543838183085
9.615499178568522
9.573623617490133
9.582209984461466
9.580758810043335
9.58081829547882
9.692267974217733
9.69234069188436
9.679280161857605
9.637560367584229
9.617097536722818
9.617151220639547
9.697598457336426
9.69765830039978
9.681935787200928
9.759316523869833
9.727125883102417
9.727182547251383
9.917551080385843
9.917611201604208
9.922659516334534
9.982571403185526
10.013317863146463
10.013375361760458
9.902066866556803
9.902124285697937
10.06112285455068
10.02084751923879
9.960060358047485
9.960132161776224
9.91597604751587
9.916060209274292
10.026872873306274
9.990678191184998
9.97988231976827
9.979939023653666
9.89072080453237
9.890788276990255
9.983431220054626
10.301965792973837
10.228063305219015
10.228121956189474
10.260690808296204
10.260760505994162
10.234987099965414
10.196610053380331
10.199317534764608
10.199373682339987
10.241282343864441
10.241342107454935
10.219573616981506
10.190802653630575
10.166542728741964
10.166599671045939
10.132627765337626
10.132687131563822
10.104586640993753
10.417482535044352
10.510524789492289
10.510578989982605
10.471824645996094
10.471882224082947
10.460184852282206
10.424096544583639
10.40817904472351
10.408233006795248
10.53682049115499
10.53687850634257
10.509451309839884
10.571770151456198
10.554107149442038
10.55416182676951
10.502944509188334
10.503001848856607
10.47929048538208
10.67701800664266
10.682768901189169
10.682825048764547
10.918397863705954
10.918454885482788
10.892453273137411
10.851608355840048
10.821827411651611
10.821881373723349
10.769864837328592
10.76992666721344
10.7591259876887
10.734501043955484
10.728707154591879
10.72876501083374
10.738646785418192
10.738711953163147
10.760199785232544
10.72345499197642
10.709786335627237
10.709853370984396
