2.8377171754837036
2.837792932987213
3.003012776374817
3.0031049847602844
3.203145980834961
3.2032479643821716
3.412848711013794
3.4129223227500916
3.6417354941368103
3.6418135166168213
3.8386390209198
3.838715970516205
3.9885895252227783
3.988657772541046
4.22185081243515
4.221936225891113
4.554149687290192
4.554219007492065
4.588927745819092
4.589006006717682
4.621837675571442
4.621924936771393
4.797046005725861
4.797107040882111
5.097014546394348
5.097074806690216
5.092932999134064
5.092992186546326
5.0173972845077515
5.0174600481987
4.987475037574768
4.987536311149597
4.931873083114624
4.931927561759949
4.933645725250244
4.933701276779175
5.091654062271118
5.091715037822723
4.973401963710785
4.973457455635071
5.100565969944
5.100624442100525
5.00997519493103
5.0100292563438416
5.051432251930237
5.051492214202881
5.0833070278167725
5.083364009857178
5.058568298816681
5.058625817298889
5.0867215394973755
5.08677750825882
5.25631046295166
5.256367743015289
5.250237047672272
5.250300765037537
5.339315056800842
5.339373767375946
5.273841738700867
5.27390444278717
5.237297236919403
5.237363278865814
5.1821249127388
5.182180464267731
5.230170965194702
5.230223715305328
5.222838819026947
5.222891330718994
5.361712992191315
5.361765801906586
5.369036257266998
5.369090795516968
5.420023739337921
5.4200775027275085
5.551064491271973
5.551118791103363
5.541610658168793
5.541664958000183
5.622157990932465
5.622213959693909
5.605372786521912
5.605437755584717
5.610197961330414
5.610254228115082
5.705690503120422
5.705748438835144
5.742161989212036
5.742267489433289
5.89890855550766
5.898966073989868
5.911266505718231
5.911328017711639
5.6686131954193115
5.668666779994965
5.731259763240814
5.731313526630402
5.800870478153229
5.800926208496094
5.6783857345581055
5.678441762924194
5.7804149985313416
5.780470490455627
5.751897513866425
5.751953303813934
5.832702338695526
5.832776069641113
5.942189037799835
5.942244529724121
6.016716003417969
6.016790568828583
5.885339200496674
5.88539844751358
6.036370933055878
6.036429286003113
6.073810040950775
6.0738760232925415
5.938179969787598
5.938237488269806
5.937762498855591
5.937825977802277
6.06585568189621
6.065913677215576
5.989107549190521
5.989165008068085
6.112228751182556
6.112285792827606
5.92359721660614
5.923655331134796
5.868144989013672
5.8681997656822205
5.813276290893555
5.813333749771118
6.078084290027618
6.078145742416382
5.999682247638702
5.999748170375824
6.07921576499939
6.079270780086517
6.3951727747917175
6.395227253437042
6.364640235900879
6.364697992801666
6.289235770702362
6.289291560649872
6.25427120923996
6.254327654838562
6.149939775466919
6.149996519088745
6.163620471954346
6.163678050041199
6.333040416240692
6.333096206188202
6.2748278975486755
6.274887442588806
6.416831970214844
6.416890978813171
6.486865758895874
6.486928105354309
6.532469749450684
6.532527685165405
6.527438104152679
6.527500033378601
6.4870797991752625
6.487136483192444
6.588294267654419
6.588354051113129
6.590492486953735
6.590552270412445
6.824591517448425
6.8246482610702515
6.874789714813232
6.8748462200164795
6.8697075843811035
6.869765996932983
6.924432456493378
6.924489438533783
7.002853333950043
7.002910494804382
6.929626822471619
6.929684042930603
6.910425245761871
6.910492777824402
6.885960340499878
6.886014044284821
7.312187314033508
7.312252759933472
7.191109299659729
7.19116473197937
7.135057747364044
7.1351125836372375
7.182542979717255
7.182599723339081
7.157995223999023
7.158053517341614
7.2922404408454895
7.292296946048737
7.396670043468475
7.396731317043304
7.212842285633087
7.212897777557373
7.31611043214798
7.316166281700134
7.288451790809631
7.288507044315338
7.399908781051636
7.399967193603516
7.37664532661438
7.376704037189484
7.25291895866394
7.252978682518005
7.328279495239258
7.328336536884308
7.416927993297577
7.416983485221863
7.52251923084259
7.522609710693359
7.499948501586914
7.500005722045898
7.719816505908966
7.71987646818161
7.77870100736618
7.778763234615326
8.051825046539307
8.051885068416595
8.037698745727539
8.037756264209747
8.075764954090118
8.075824975967407
8.027562737464905
8.027621746063232
8.043796002864838
8.043856084346771
8.372051477432251
8.372108280658722
8.36616849899292
8.366227984428406
8.46601951122284
8.466110229492188
8.501878499984741
8.501931965351105
8.423914074897766
8.423967778682709
8.421996533870697
8.422049820423126
8.522590398788452
8.52264142036438
8.585510015487671
8.585563004016876
8.495836734771729
8.495899677276611
8.580226719379425
8.580281257629395
8.734851479530334
8.734901189804077
8.65403926372528
8.654098093509674
8.648268938064575
8.648341953754425
8.672910451889038
8.672961413860321
8.959066033363342
8.959122776985168
8.924787998199463
8.924863040447235
8.734817028045654
8.734873235225677
8.957082748413086
8.95714819431305
8.946778416633606
8.946835458278656
8.937154829502106
8.937211334705353
8.97795021533966
8.97801548242569
9.070164263248444
9.070218682289124
9.010387778282166
9.010443985462189
8.984136164188385
8.984190762043
8.92781949043274
8.927874505519867
8.944804787635803
8.944861233234406
9.031721770763397
9.03178071975708
8.975530505180359
8.975587010383606
8.968977153301239
8.969035685062408
8.979176461696625
8.979232966899872
8.903854966163635
8.903922975063324
8.997960329055786
8.998022437095642
8.93272078037262
8.932774543762207
8.943646788597107
8.943699538707733
9.391294062137604
9.391351819038391
9.42071682214737
9.420775532722473
9.29096531867981
9.291022300720215
9.178142726421356
9.178236961364746
9.181349039077759
9.181406855583191
9.209223747253418
9.209282517433167
9.283036768436432
9.283116579055786
9.241883277893066
9.24194049835205
9.318986773490906
9.319043755531311
9.448558032512665
9.448616087436676
9.355737507343292
9.355791509151459
9.384731471538544
9.384784281253815
9.398135781288147
9.398185789585114
9.294506788253784
9.29455828666687
9.32484894990921
9.324897706508636
9.387548506259918
9.387597680091858
9.84490180015564
9.84494948387146
9.930785715579987
9.93083393573761
9.82319974899292
9.823247492313385
9.658786237239838
9.658843994140625
9.671082258224487
9.67112821340561
9.625256657600403
9.625304698944092
9.658424973487854
9.65847247838974
9.909831047058105
9.909881234169006
9.790290713310242
9.790341436862946
9.799360692501068
9.799406170845032
9.77306604385376
9.77312570810318
9.915988981723785
9.916037261486053
9.783711016178131
9.783758759498596
9.784138679504395
9.784186661243439
9.780556499958038
9.780606269836426
9.70725405216217
9.707302570343018
9.948272228240967
9.948322236537933
9.964742004871368
9.964790523052216
9.94747680425644
9.947528004646301
9.87687224149704
9.876923203468323
9.985078036785126
9.985127806663513
9.958357036113739
9.958406567573547
10.033804774284363
10.03385204076767
10.08128958940506
10.081342101097107
9.944792568683624
9.944840967655182
10.02983695268631
10.029885947704315
10.091972529888153
10.09206360578537
10.155901968479156
10.155948162078857
10.114766895771027
10.11481374502182
10.161123394966125
10.16118198633194
10.339397013187408
10.339472234249115
10.235663771629333
10.2357497215271
10.311758279800415
10.311813473701477
10.200352191925049
10.200411200523376
10.44026380777359
10.44032233953476
10.208711802959442
10.208770513534546
10.319850623607635
10.319912254810333
10.720151424407959
10.72021198272705
10.649750292301178
10.649808287620544
10.616636455059052
10.616695165634155
10.63865715265274
10.638714969158173
10.631756484508514
10.631814777851105
10.718719780445099
10.718776226043701
10.643028020858765
10.643082022666931
10.706202685832977
10.706261456012726
10.690012276172638
10.69007021188736
10.65203320980072
10.652086198329926
10.887666761875153
10.887728989124298
10.876879036426544
10.876943111419678
10.865280032157898
10.86533397436142
10.88526976108551
10.885327219963074
11.06038373708725
11.060440719127655
10.99809181690216
10.998146951198578
11.002247989177704
11.002304017543793
10.965565204620361
10.965631544589996
11.205774307250977
11.20583188533783
11.45187395811081
11.451930701732635
11.263441562652588
11.263501048088074
11.316687166690826
11.316740930080414
11.254308819770813
11.254366338253021
11.221091985702515
11.22116231918335
11.333283245563507
11.333339929580688
11.29580843448639
11.295867204666138
11.382457733154297
11.382516920566559
11.26519787311554
11.26525592803955
11.448088526725769
11.448145985603333
11.527282953262329
11.527339696884155
11.496922552585602
11.49697858095169
11.478340744972229
11.478410959243774
11.602931022644043
11.60299277305603
11.677700757980347
11.677756488323212
11.637266993522644
11.637326002120972
11.504139304161072
11.504196226596832
11.61153495311737
11.61159598827362
11.886048018932343
11.886104226112366
11.865399777889252
11.865492522716522
11.840983510017395
11.841041028499603
11.796908974647522
11.796979010105133
11.832338273525238
11.832393288612366
11.813195168972015
11.813255190849304
11.77401727437973
11.774072229862213
11.747810184955597
11.747882187366486
11.687532544136047
11.687589049339294
