-1.0
10363.75
-1.0
11052.5
-1.0
11581.75
-1.0
11575.25
-1.0
11671.0
-1.0
11848.5
-1.0
11748.5
-1.0
11648.5
-1.0
11548.5
-1.0
11448.5
-1.0
11348.5
-1.0
11248.5
-1.0
11148.5
-1.0
11048.5
-1.0
10948.5
-1.0
10848.5
-1.0
10748.5
-1.0
10648.5
-1.0
10548.5
-1.0
10448.5
-1.0
10348.5
-1.0
10248.5
-1.0
10148.5
-1.0
10048.5
-1.0
9948.5
-1.0
9848.5
-1.0
9748.5
-1.0
9648.5
-1.0
9548.5
-1.0
9448.5
-1.0
9348.5
-1.0
9248.5
-1.0
9148.5
-1.0
9048.5
-1.0
8948.5
-1.0
8848.5
-1.0
8748.5
-1.0
8648.5
-1.0
8548.5
-1.0
8448.5
-1.0
8348.5
-1.0
8248.5
-1.0
8148.5
-1.0
8048.5
-1.0
7948.5
-1.0
7848.5
-1.0
7748.5
-1.0
7648.5
-1.0
7548.5
-1.0
7448.5
-1.0
7348.5
-1.0
7248.5
-1.0
7148.5
-1.0
7048.5
-1.0
6948.5
-1.0
6848.5
-1.0
6748.5
-1.0
6648.5
-1.0
6548.5
-1.0
6448.5
-1.0
6348.5
-1.0
6248.5
-1.0
6148.5
-1.0
6048.5
-1.0
5948.5
-1.0
5848.5
-1.0
5748.5
-1.0
5648.5
-1.0
5548.5
-1.0
5448.5
-1.0
5348.5
-1.0
5248.5
-1.0
5148.5
-1.0
5048.5
-1.0
4948.5
-1.0
4848.5
-1.0
4748.5
-1.0
4648.5
-1.0
4548.5
-1.0
4448.5
-1.0
4348.5
-1.0
4248.5
-1.0
4148.5
-1.0
4048.5
3111.0
3961.0
3086.0
3886.0
3061.0
3811.0
3036.0
3736.0
3011.0
3661.0
2986.0
3586.0
2961.0
3511.0
2936.0
3436.0
2911.0
3361.0
2886.0
3286.0
2861.0
3211.0
2836.0
3136.0
2811.0
3061.0
2786.0
2986.0
2761.0
2911.0
2736.0
2836.0
2711.0
2761.0
2686.0
2686.0
2661.0
2611.0
2636.0
2536.0
2611.0
2461.0
2586.0
2386.0
2561.0
2311.0
2536.0
2236.0
2511.0
2161.0
5609.25
2087.25
5559.25
2037.25
8613.75
2007.5
8538.75
1982.5
8463.75
1957.5
8388.75
1932.5
8313.75
1907.5
11355.75
1890.25
11255.75
1890.25
11155.75
1890.25
11055.75
1890.25
10955.75
1890.25
10855.75
1890.25
10755.75
1890.25
10655.75
1890.25
10555.75
1890.25
10455.75
1890.25
10355.75
1890.25
10255.75
1890.25
10155.75
1890.25
10055.75
1890.25
9955.75
1890.25
9855.75
1890.25
9755.75
1890.25
9655.75
1890.25
9555.75
1890.25
9455.75
1890.25
9355.75
1890.25
9255.75
1890.25
9155.75
1890.25
9055.75
1890.25
8955.75
1890.25
8855.75
1890.25
8755.75
1890.25
8655.75
1890.25
8555.75
1890.25
8455.75
1890.25
8355.75
1890.25
8255.75
1890.25
8155.75
1890.25
8055.75
1890.25
7969.5
1876.5
7894.5
1851.5
7819.5
1826.5
7744.5
1801.5
7669.5
1776.5
7594.5
1751.5
7519.5
1726.5
7444.5
1701.5
7369.5
1676.5
7294.5
1651.5
7219.5
1626.5
7144.5
1601.5
7069.5
1576.5
6994.5
1551.5
6919.5
1526.5
6844.5
1501.5
6769.0
1477.0
6669.0
1477.0
6569.0
1477.0
6469.0
1477.0
6369.0
1477.0
6269.0
1477.0
6169.0
1477.0
6069.0
1477.0
5969.0
1477.0
5869.0
1477.0
5769.0
1477.0
5669.0
1477.0
5569.0
1477.0
5485.0
1461.0
5410.0
1436.0
5335.0
1411.0
5243.5
1402.5
5143.5
1402.5
5043.5
1402.5
4943.5
1402.5
4852.5
1393.5
4752.5
1393.5
4652.5
1393.5
4552.5
1393.5
4452.5
1393.5
4352.5
1393.5
4252.5
1393.5
4152.5
1393.5
4052.5
1393.5
3952.5
1393.5
3867.5
1378.5
3792.5
1353.5
3717.5
1328.5
3642.5
1303.5
3569.5
1276.5
3473.25
1272.75
3375.75
1270.25
3330.25
1215.75
3285.75
1160.25
3235.75
1110.25
3185.75
1060.25
3135.75
1010.25
3074.25
971.75
3004.75
941.25
2939.75
906.25
2864.75
881.25
2789.75
856.25
2714.75
831.25
2639.5
806.5
2539.5
806.5
2439.5
806.5
2364.0
782.0
2264.5
781.5
2164.5
781.5
2064.5
781.5
1966.5
779.5
1891.5
754.5
1795.0
751.0
1695.0
751.0
1595.0
751.0
1495.0
751.0
1395.0
751.0
1295.0
751.0
1195.0
751.0
1095.0
751.0
1029.5
716.5
968.75
677.25
893.75
652.25
818.75
627.25
751.5
594.5
673.5
572.5
573.5
572.5
489.75
556.25
424.75
521.25
374.5
471.5
349.0
397.0
299.0
347.0
249.0
297.0
199.0
247.0
149.0
197.0
99.0
147.0
49.0
97.0
-1.0
47.0
