24949.5
30576.5
24849.5
30432.5
24749.5
30293.0
24649.5
30143.0
24549.5
29993.0
24449.5
29843.0
24349.5
29693.0
24249.5
31020.0
24149.5
30870.0
24049.5
31222.5
23949.5
32256.5
23849.5
32106.5
23749.5
31956.5
23649.5
31806.5
23549.5
31656.5
23449.5
32121.5
23349.5
32077.0
23249.5
34397.0
23149.5
38221.0
23049.5
38071.0
22949.5
39480.5
22849.5
42576.0
22749.5
42426.0
22649.5
45248.0
45148.0
45048.0
44948.0
44848.0
44748.0
44648.0
44548.0
44448.0
44348.0
44248.0
44148.0
44048.0
43948.0
43848.0
43748.0
43648.0
43548.0
43448.0
43348.0
43248.0
43148.0
43048.0
42948.0
42848.0
42748.0
42648.0
42548.0
42448.0
42348.0
42248.0
42148.0
42048.0
41948.0
41848.0
41748.0
41648.0
41548.0
41448.0
41348.0
41248.0
41148.0
41048.0
40948.0
40848.0
40748.0
40648.0
40548.0
40448.0
40348.0
40248.0
40148.0
40048.0
39948.0
39848.0
39748.0
39648.0
39548.0
39448.0
39348.0
39248.0
39148.0
39048.0
38948.0
38848.0
38748.0
38648.0
38548.0
38448.0
38348.0
38248.0
38148.0
38048.0
37948.0
37848.0
37748.0
37648.0
37548.0
37448.0
37348.0
37248.0
37148.0
37048.0
36948.0
36848.0
36748.0
36648.0
36548.0
36448.0
36348.0
36248.0
36148.0
36048.0
35948.0
35848.0
35748.0
35648.0
35548.0
35448.0
35348.0
35248.0
35148.0
35048.0
34948.0
34848.0
34748.0
34648.0
34548.0
34448.0
34348.0
34248.0
34148.0
34048.0
33948.0
33848.0
33748.0
33648.0
33548.0
33448.0
33348.0
33248.0
33148.0
33048.0
32948.0
32848.0
32748.0
32648.0
32548.0
32448.0
32348.0
32248.0
32148.0
32048.0
31948.0
31848.0
31748.0
31648.0
31548.0
31448.0
31348.0
31248.0
31148.0
31048.0
30948.0
30848.0
30748.0
30648.0
30548.0
30448.0
30348.0
30248.0
30148.0
30048.0
29948.0
29848.0
29748.0
29648.0
29548.0
29448.0
29348.0
29248.0
29148.0
29048.0
28948.0
28848.0
28748.0
28648.0
28548.0
28448.0
28348.0
28248.0
28148.0
28048.0
27948.0
27848.0
27748.0
27648.0
27548.0
27448.0
27348.0
27248.0
27148.0
27048.0
26948.0
26848.0
26748.0
26648.0
26548.0
26448.0
26348.0
26248.0
26148.0
26048.0
25948.0
25848.0
25748.0
25648.0
25548.0
25448.0
25348.0
25248.0
25148.0
25048.0
24948.0
24848.0
24748.0
24648.0
24548.0
24448.0
24348.0
24248.0
24148.0
24048.0
23948.0
23848.0
23748.0
23648.0
23548.0
23448.0
23348.0
23248.0
23148.0
23048.0
22948.0
22848.0
22748.0
22648.0
22548.0
22448.0
22348.0
22248.0
22148.0
22048.0
21948.0
21848.0
21748.0
21648.0
21548.0
21448.0
21348.0
21248.0
21148.0
21048.0
20948.0
20848.0
20748.0
20648.0
20548.0
20448.0
20348.0
20248.0
20148.0
20048.0
19948.0
19848.0
19748.0
19648.0
19548.0
19448.0
19348.0
19248.0
19148.0
19048.0
18948.0
18848.0
18748.0
18648.0
18548.0
18448.0
18348.0
18248.0
18148.0
18048.0
17948.0
17848.0
17748.0
17648.0
17548.0
17448.0
17348.0
17248.0
17148.0
17048.0
16948.0
16848.0
16748.0
16648.0
16548.0
16448.0
16348.0
16248.0
16148.0
16048.0
15948.0
15848.0
15748.0
15648.0
15548.0
15448.0
15348.0
15248.0
15148.0
15048.0
14948.0
14848.0
14748.0
14648.0
14548.0
14448.0
14348.0
14248.0
14148.0
14048.0
13948.0
13848.0
13748.0
13648.0
13548.0
13448.0
13348.0
13248.0
13148.0
13048.0
12948.0
12848.0
12748.0
12648.0
12548.0
12448.0
12348.0
12248.0
12148.0
12048.0
11948.0
11848.0
11748.0
11648.0
11548.0
11448.0
11348.0
11248.0
11148.0
11048.0
10948.0
10848.0
10748.0
10648.0
10548.0
10448.0
10348.0
10248.0
10148.0
10048.0
9948.0
9848.0
9748.0
9648.0
9548.0
9448.0
9348.0
9248.0
9148.0
9048.0
8948.0
8848.0
8748.0
8648.0
8548.0
8448.0
8348.0
8248.0
8148.0
8048.0
7948.0
7848.0
7748.0
7648.0
7548.0
7448.0
7348.0
7248.0
7148.0
7048.0
6948.0
6848.0
6748.0
6648.0
6548.0
6448.0
6348.0
6248.0
6148.0
6048.0
5948.0
5848.0
5748.0
5648.0
5548.0
5448.0
5348.0
5248.0
5148.0
5048.0
4948.0
4848.0
4748.0
4648.0
4548.0
4448.0
4348.0
4248.0
4148.0
4048.0
3948.0
3848.0
3748.0
3648.0
3548.0
3448.0
3348.0
3248.0
3148.0
3048.0
2948.0
2848.0
2748.0
2648.0
2548.0
2448.0
2348.0
2248.0
2148.0
2048.0
1948.0
1848.0
1748.0
1648.0
1548.0
1448.0
1348.0
1248.0
1148.0
1048.0
948.0
848.0
748.0
648.0
548.0
448.0
348.0
248.0
148.0
48.0
