2.9494179487228394
2.9871643781661987
3.0369365215301514
3.355476498603821
3.43902587890625
3.5087363719940186
3.573433995246887
3.618604063987732
3.7545543909072876
3.8033809661865234
3.853223443031311
3.877227544784546
3.878837466239929
3.8725569248199463
3.942833423614502
3.9474698305130005
3.9599679708480835
4.00150990486145
4.001021981239319
4.007774353027344
4.008928537368774
4.071714997291565
4.093268990516663
4.116259574890137
4.119150996208191
4.124536395072937
4.127370834350586
4.1333805322647095
4.134790539741516
4.151443004608154
4.125818967819214
4.201424479484558
4.199361443519592
4.351618528366089
4.352338552474976
4.415257573127747
4.415874004364014
4.478811025619507
4.4806495904922485
4.527167081832886
4.548179984092712
4.629155874252319
4.636475443840027
4.6978999376297
4.700940012931824
5.002544045448303
5.002811908721924
5.353018045425415
5.391313910484314
5.5687724351882935
5.651741981506348
5.796663999557495
5.799673914909363
5.9176260232925415
6.033106446266174
6.0619834661483765
6.190387010574341
6.245368480682373
6.2844566106796265
6.381365537643433
6.467542886734009
6.5101799964904785
6.5058135986328125
6.547147989273071
6.537421464920044
6.531241297721863
6.5554609298706055
6.489450931549072
6.492682456970215
6.525947451591492
6.519213914871216
6.520816445350647
6.767802476882935
6.802593946456909
6.809821963310242
6.817976474761963
6.824275374412537
6.856010437011719
6.863746523857117
6.906934022903442
6.91668701171875
6.9252214431762695
6.948758959770203
6.9536296129226685
6.9569045305252075
6.950026988983154
6.975167512893677
6.97057044506073
6.976171374320984
6.994594573974609
6.9927849769592285
6.998198986053467
6.924482941627502
6.935762882232666
6.9495909214019775
6.960170388221741
7.098971009254456
6.986593008041382
7.119058132171631
7.0218400955200195
7.163060903549194
7.172662854194641
7.204599976539612
7.230155944824219
7.23467493057251
7.140192866325378
7.148665547370911
7.152434587478638
7.154837965965271
7.234465479850769
7.245499968528748
7.256592035293579
7.259316444396973
7.428212523460388
7.474985957145691
7.481935024261475
7.482414960861206
7.493633985519409
7.510444402694702
7.526126503944397
7.53043007850647
7.537562012672424
7.549011945724487
7.553641080856323
7.582743525505066
7.605733513832092
7.626515507698059
7.742209553718567
7.755683898925781
7.758450388908386
7.781143426895142
7.7707414627075195
7.786591529846191
7.784414529800415
7.817012548446655
7.832541108131409
7.837046980857849
7.869557499885559
7.844660997390747
7.915465593338013
7.939388990402222
7.9410480260849
7.94605553150177
7.957924962043762
7.982259035110474
7.9931803941726685
8.005600094795227
8.060837984085083
8.071560025215149
8.080147862434387
8.089898109436035
8.09673297405243
8.104846954345703
8.110797047615051
8.115801572799683
8.120707988739014
8.181774020195007
8.251717567443848
8.268757104873657
8.279417395591736
8.311566948890686
8.32487154006958
8.329390525817871
8.33701753616333
8.351805090904236
8.351059079170227
8.371569991111755
8.379480004310608
8.604064583778381
8.69665253162384
8.702514052391052
8.71276593208313
8.714510560035706
8.737293481826782
8.739619493484497
8.74132239818573
8.767379522323608
8.773760437965393
8.77928102016449
8.787472486495972
8.822059512138367
8.828394532203674
8.833128571510315
8.856006026268005
8.861851572990417
8.866425514221191
8.876303911209106
8.879518032073975
8.90353512763977
8.911926865577698
8.917985081672668
8.925894021987915
8.95477557182312
8.96084749698639
8.965830564498901
9.024310946464539
9.107846021652222
9.116667985916138
9.124206900596619
9.130035042762756
9.14363706111908
9.150912523269653
9.297946572303772
9.305489420890808
9.314114570617676
9.20591950416565
9.271459579467773
9.280205011367798
9.286992907524109
9.295513987541199
9.302173018455505
9.308284401893616
9.31539249420166
9.35924506187439
9.540408968925476
9.544827103614807
9.557042479515076
9.468947410583496
9.476751565933228
9.483524918556213
9.491573452949524
9.49918806552887
9.523712396621704
9.532755970954895
9.54037892818451
9.549348592758179
9.576748609542847
9.624101042747498
9.631886601448059
9.656968474388123
9.665261507034302
9.684109449386597
9.714956521987915
9.733964681625366
9.74495005607605
9.754784941673279
9.765312910079956
9.776082873344421
9.785141587257385
9.848605513572693
9.85579252243042
9.864091038703918
9.871059894561768
9.877148985862732
9.901888370513916
9.908087968826294
9.914051532745361
10.016960501670837
10.050217032432556
10.088038086891174
10.105573892593384
10.123037457466125
10.1574125289917
10.162209510803223
10.110223889350891
10.117820978164673
10.119003534317017
10.139758467674255
10.101585507392883
10.107793092727661
10.112245559692383
10.131812572479248
10.117365002632141
10.10745894908905
10.10549807548523
10.578057050704956
10.486545443534851
10.51267409324646
10.529462099075317
10.537046551704407
10.544483065605164
10.55181360244751
10.559987425804138
10.566671013832092
10.573631525039673
10.57957899570465
10.587016463279724
10.595529079437256
10.603224039077759
10.612854957580566
10.620910048484802
10.630038022994995
10.749548435211182
10.757073044776917
10.76544451713562
10.772222995758057
10.792809963226318
10.811701893806458
10.851283431053162
10.881775498390198
10.898900032043457
10.907531976699829
10.916710495948792
10.9249769449234
10.94065248966217
10.948149561882019
10.954386591911316
10.961281418800354
10.967558979988098
10.973307490348816
10.98805546760559
10.803131580352783
10.807386040687561
10.815677046775818
10.78290843963623
10.783065438270569
10.722029566764832
10.805605053901672
10.803929567337036
10.80392050743103
11.0214524269104
11.021934509277344
11.0390465259552
11.029363512992859
11.035850524902344
11.03811252117157
11.047614455223083
11.069632530212402
11.07607650756836
11.081462025642395
11.072849035263062
11.070337533950806
11.076542854309082
11.076281905174255
11.07943058013916
11.719919919967651
11.728119969367981
11.753644585609436
11.760995984077454
11.767192959785461
11.78844153881073
11.673008561134338
11.683902502059937
11.688756108283997
11.690049529075623
11.67332661151886
11.664440035820007
11.662381529808044
11.872644424438477
11.88051962852478
11.826372027397156
11.833335995674133
11.849510073661804
11.856420040130615
11.859575033187866
11.76741349697113
11.78109860420227
11.795373558998108
11.781172037124634
11.792422413825989
11.773292899131775
11.772702932357788
11.728907585144043
11.727938055992126
12.004127860069275
12.004592418670654
12.009089469909668
12.00763201713562
12.007941484451294
11.923010468482971
11.932125926017761
11.929130554199219
11.906349420547485
11.905253410339355
11.745549440383911
11.752893447875977
11.872516989707947
11.950289011001587
11.931393504142761
11.934077501296997
11.9063481092453
11.898190379142761
11.931131958961487
11.891255021095276
11.89925241470337
11.900778532028198
13.128941416740417
13.139492988586426
13.146026134490967
13.153003454208374
13.15999698638916
13.166619539260864
13.210967063903809
13.219325542449951
13.224306583404541
12.752442955970764
13.016399025917053
13.0200355052948
13.023632526397705
13.024516582489014
13.029981017112732
12.923803925514221
12.933731079101562
12.838436126708984
12.918375015258789
12.860692501068115
12.929252862930298
12.928924560546875
12.891435503959656
12.897987008094788
13.121113061904907
13.13999593257904
13.03683352470398
13.047693490982056
13.020143389701843
12.873005986213684
12.892654538154602
12.835234880447388
13.007680535316467
13.006834626197815
12.85705852508545
13.042856097221375
13.03617250919342
13.009162545204163
13.019156575202942
12.981253027915955
12.963936567306519
12.964989066123962
12.968997597694397
12.968856453895569
12.965755105018616
13.045559883117676
13.043547868728638
12.910004377365112
12.893146991729736
13.06542193889618
13.065351486206055
13.034858107566833
13.05012595653534
13.06350839138031
13.007688522338867
13.002222061157227
12.943439483642578
13.037124514579773
12.956411123275757
12.965427994728088
13.052515029907227
13.053246021270752
13.054104447364807
13.056691408157349
13.05921494960785
13.690748929977417
14.306719422340393
14.313998460769653
14.321237921714783
14.327141642570496
14.33329951763153
14.340068340301514
14.346341013908386
14.352128386497498
14.357217073440552
14.362164497375488
14.368083000183105
14.374689936637878
14.380391955375671
14.386512994766235
14.39296042919159
14.399742126464844
14.406798958778381
14.413249015808105
14.4356290102005
14.442028045654297
14.463778495788574
14.470197439193726
14.476035952568054
14.481297969818115
14.486090540885925
14.489888668060303
14.460784077644348
14.404548048973083
14.45318603515625
14.451011538505554
14.44828450679779
14.449698090553284
14.438701510429382
14.437036514282227
14.423307538032532
14.396955013275146
14.379660964012146
14.368225932121277
14.370743989944458
14.365548491477966
14.336348533630371
14.30260443687439
14.299204468727112
14.280339121818542
14.285009026527405
14.29797899723053
14.268583059310913
14.266842007637024
14.261526465415955
14.243064522743225
14.225340485572815
14.202391028404236
14.192690014839172
14.193827867507935
14.19024407863617
14.190374851226807
14.191012501716614
14.183123469352722
