-1.0
3540.0
-1.0
3237.5
-1.0
4160.5
-1.0
5308.5
-1.0
5257.0
-1.0
6098.0
-1.0
6048.0
-1.0
6048.0
-1.0
5998.0
-1.0
5998.0
-1.0
5948.0
-1.0
5948.0
-1.0
5898.0
-1.0
5898.0
-1.0
5848.0
-1.0
5848.0
-1.0
5798.0
-1.0
5798.0
-1.0
5748.0
-1.0
5748.0
-1.0
5698.0
-1.0
5698.0
-1.0
5648.0
-1.0
5648.0
-1.0
5598.0
-1.0
5598.0
-1.0
5548.0
-1.0
5548.0
-1.0
5498.0
-1.0
5498.0
-1.0
5448.0
-1.0
5448.0
-1.0
5398.0
-1.0
5398.0
-1.0
5348.0
-1.0
5348.0
-1.0
5298.0
-1.0
5298.0
-1.0
5248.0
-1.0
5248.0
-1.0
5198.0
-1.0
5198.0
-1.0
5148.0
-1.0
5148.0
-1.0
5098.0
-1.0
5098.0
-1.0
5048.0
-1.0
5048.0
-1.0
4998.0
-1.0
4998.0
-1.0
4948.0
-1.0
4948.0
-1.0
4898.0
-1.0
4898.0
-1.0
4848.0
-1.0
4848.0
-1.0
4798.0
-1.0
4798.0
-1.0
4748.0
-1.0
4748.0
-1.0
4698.0
-1.0
4698.0
-1.0
4648.0
-1.0
4648.0
-1.0
4598.0
-1.0
4598.0
-1.0
4548.0
-1.0
4548.0
-1.0
4498.0
-1.0
4498.0
-1.0
4448.0
-1.0
4448.0
-1.0
4398.0
-1.0
4398.0
-1.0
4348.0
-1.0
4348.0
-1.0
4298.0
-1.0
4298.0
-1.0
4248.0
-1.0
4248.0
-1.0
4198.0
-1.0
4198.0
-1.0
4148.0
-1.0
4148.0
-1.0
4098.0
-1.0
4098.0
-1.0
4048.0
-1.0
4048.0
-1.0
3998.0
-1.0
3998.0
-1.0
3948.0
-1.0
3948.0
-1.0
3898.0
-1.0
3898.0
-1.0
3848.0
-1.0
3848.0
-1.0
3798.0
-1.0
3798.0
-1.0
3748.0
-1.0
3748.0
-1.0
3698.0
-1.0
3698.0
-1.0
3648.0
-1.0
3648.0
-1.0
3598.0
-1.0
3598.0
-1.0
3548.0
-1.0
3548.0
-1.0
3498.0
-1.0
3498.0
-1.0
3448.0
-1.0
3448.0
-1.0
3398.0
-1.0
3398.0
-1.0
3348.0
-1.0
3348.0
-1.0
3298.0
-1.0
3298.0
-1.0
3248.0
-1.0
3248.0
-1.0
3198.0
-1.0
3198.0
-1.0
3148.0
-1.0
3148.0
-1.0
3098.0
-1.0
3098.0
-1.0
3048.0
-1.0
3048.0
-1.0
2998.0
-1.0
2998.0
-1.0
2948.0
-1.0
2948.0
-1.0
2898.0
-1.0
2898.0
-1.0
2848.0
-1.0
2848.0
-1.0
2798.0
-1.0
2798.0
-1.0
2748.0
-1.0
2748.0
-1.0
2698.0
-1.0
2698.0
-1.0
2656.5
-1.0
8890.0
-1.0
2656.5
-1.0
8790.0
-1.0
2656.5
-1.0
8690.0
-1.0
2656.5
-1.0
8590.0
-1.0
2656.5
-1.0
8490.0
-1.0
2656.5
-1.0
8390.0
-1.0
2656.5
-1.0
8290.0
-1.0
2656.5
-1.0
8190.0
-1.0
2656.5
-1.0
8090.0
-1.0
2656.5
-1.0
7990.0
-1.0
2656.5
-1.0
7890.0
-1.0
2656.5
-1.0
7790.0
-1.0
2656.5
-1.0
7690.0
-1.0
2656.5
-1.0
7590.0
-1.0
2656.5
-1.0
7490.0
-1.0
2656.5
-1.0
7390.0
-1.0
2656.5
-1.0
7290.0
-1.0
2656.5
-1.0
7190.0
-1.0
2656.5
-1.0
7090.0
6240.5
2656.5
-1.0
6998.0
6190.5
2656.5
-1.0
6948.0
6140.5
2656.5
-1.0
6898.0
6090.5
2656.5
-1.0
6848.0
6040.5
2656.5
-1.0
6798.0
5990.5
2656.5
-1.0
6748.0
5940.5
2656.5
-1.0
6698.0
5890.5
2656.5
-1.0
6648.0
5840.5
2656.5
-1.0
6598.0
5790.5
2656.5
-1.0
6548.0
5740.5
2656.5
-1.0
6498.0
5690.5
2656.5
-1.0
6448.0
5640.5
2656.5
-1.0
6398.0
5590.5
2656.5
-1.0
6348.0
5540.5
2656.5
-1.0
6298.0
5490.5
2656.5
-1.0
6248.0
5440.5
2656.5
-1.0
6198.0
5390.5
2656.5
-1.0
6148.0
5340.5
2656.5
-1.0
6098.0
5290.5
2656.5
-1.0
6048.0
5240.5
2656.5
-1.0
5998.0
5190.5
2656.5
-1.0
5948.0
5140.5
2656.5
-1.0
5898.0
5090.5
2656.5
-1.0
5848.0
5040.5
2656.5
-1.0
5798.0
4990.5
2656.5
-1.0
5748.0
4940.5
2656.5
-1.0
5698.0
4890.5
2656.5
-1.0
5648.0
4840.5
2656.5
-1.0
5598.0
4790.5
2656.5
-1.0
5548.0
4740.5
2656.5
-1.0
5498.0
4690.5
2656.5
-1.0
5448.0
4640.5
2656.5
-1.0
5398.0
4590.5
2656.5
-1.0
5348.0
4540.5
2656.5
-1.0
5298.0
4490.5
2656.5
-1.0
5248.0
4440.5
2656.5
-1.0
5198.0
4390.5
2656.5
-1.0
5148.0
4340.5
2656.5
-1.0
5098.0
4290.5
2656.5
-1.0
5048.0
4240.5
2656.5
-1.0
4998.0
4190.5
2656.5
-1.0
4948.0
4140.5
2656.5
-1.0
4898.0
4090.5
2656.5
-1.0
4848.0
4040.5
2656.5
-1.0
4798.0
3990.5
2656.5
-1.0
4748.0
3940.5
2656.5
-1.0
4698.0
3890.5
2656.5
-1.0
4648.0
3840.5
2656.5
-1.0
4598.0
3790.5
2656.5
-1.0
4548.0
3740.5
2656.5
-1.0
4498.0
3690.5
2656.5
-1.0
4448.0
3640.5
2656.5
-1.0
4398.0
3590.5
2656.5
-1.0
4348.0
3540.5
2656.5
-1.0
4298.0
3490.5
2656.5
-1.0
4248.0
3440.5
2656.5
-1.0
4198.0
3390.5
2656.5
-1.0
4148.0
3340.5
2656.5
-1.0
4098.0
3290.5
2656.5
-1.0
4048.0
3240.5
2656.5
-1.0
3998.0
3190.5
2656.5
-1.0
3948.0
3140.5
2656.5
-1.0
3898.0
3090.5
2646.0
-1.0
3858.5
3040.5
2596.0
-1.0
3858.5
2990.5
2546.0
-1.0
3858.5
2940.5
2496.0
-1.0
3858.5
2890.5
2446.0
-1.0
3858.5
2840.5
2396.0
-1.0
3858.5
2790.5
2346.0
-1.0
3858.5
2740.5
2296.0
-1.0
3858.5
2690.5
2246.0
-1.0
3858.5
2640.5
2196.0
-1.0
3858.5
2590.5
2146.0
-1.0
3858.5
2540.5
2096.0
-1.0
3858.5
2490.5
2086.0
6208.5
3858.5
2440.5
2086.0
6158.5
3858.5
2390.5
2086.0
6108.5
3858.5
2340.5
2086.0
6058.5
3858.5
2290.5
2086.0
6008.5
3858.5
2240.5
2086.0
5958.5
3858.5
2190.5
2086.0
5908.5
3858.5
2140.5
2086.0
5858.5
3858.5
2090.5
2086.0
5808.5
3858.5
2040.5
2086.0
5758.5
3858.5
1990.5
2086.0
5708.5
3858.5
1940.5
2086.0
5658.5
3858.5
1890.5
2086.0
5608.5
3858.5
1840.5
2086.0
5558.5
3858.5
1790.5
2086.0
5508.5
3858.5
1740.5
2086.0
5458.5
3858.5
1690.5
2086.0
5408.5
3858.5
1640.5
2086.0
5358.5
3858.5
1590.5
2086.0
5308.5
3858.5
1540.5
2086.0
5258.5
3858.5
1490.5
2086.0
5208.5
3858.5
1440.5
2086.0
5158.5
3858.5
1390.5
2086.0
5108.5
3858.5
1340.5
2086.0
5058.5
3858.5
1290.5
2086.0
5008.5
3858.5
1240.5
2086.0
4958.5
3858.5
1192.0
2086.0
4908.5
3857.0
1192.0
2086.0
4858.5
3807.0
1192.0
2086.0
4808.5
3757.0
1192.0
2086.0
4758.5
3707.0
1192.0
2086.0
4708.5
3657.0
1192.0
2086.0
4658.5
3607.0
1192.0
2086.0
4608.5
3557.0
1192.0
2086.0
4558.5
3507.0
1192.0
2086.0
4508.5
3457.0
1192.0
2086.0
4458.5
3407.0
1192.0
2086.0
4408.5
3357.0
1192.0
2086.0
4358.5
3307.0
1192.0
2086.0
4308.5
3257.0
1192.0
2086.0
4258.5
3207.0
1192.0
2086.0
4208.5
3157.0
1192.0
2086.0
4158.5
3107.0
1192.0
2086.0
4108.5
3057.0
1192.0
2086.0
4058.5
3007.0
1192.0
2086.0
10224.0
2990.5
1192.0
2086.0
10124.0
2990.5
1192.0
2086.0
10024.0
2990.5
1192.0
2086.0
9924.0
2990.5
1192.0
2086.0
9824.0
2990.5
1192.0
2086.0
9724.0
2990.5
1192.0
2086.0
9624.0
2990.5
1192.0
2086.0
9524.0
2990.5
1192.0
2086.0
9424.0
2990.5
1192.0
2086.0
9324.0
2990.5
1192.0
2086.0
9224.0
2990.5
1192.0
2086.0
9124.0
2990.5
1192.0
2086.0
9024.0
2990.5
1192.0
2086.0
8924.0
2990.5
1192.0
2086.0
8824.0
2990.5
1192.0
2086.0
8724.0
2990.5
1192.0
2086.0
8624.0
2990.5
1192.0
2086.0
8524.0
2990.5
1192.0
2086.0
8424.0
2990.5
1192.0
2086.0
8324.0
2990.5
1192.0
2086.0
8224.0
2990.5
1192.0
2086.0
8124.0
2990.5
1192.0
2086.0
8024.0
2990.5
1192.0
2086.0
7924.0
2990.5
1192.0
2086.0
7824.0
2990.5
1192.0
2086.0
7724.0
2990.5
1192.0
2086.0
7624.0
2990.5
1192.0
2086.0
7524.0
2990.5
1192.0
2086.0
7424.0
2990.5
1192.0
2086.0
7324.0
2990.5
1192.0
2086.0
7224.0
2990.5
1192.0
2086.0
7124.0
2990.5
1192.0
2086.0
7024.0
2990.5
1192.0
2086.0
6924.0
2990.5
1192.0
2086.0
6824.0
2990.5
1192.0
2086.0
6724.0
2990.5
1192.0
2086.0
6624.0
2990.5
1192.0
2086.0
6524.0
2990.5
1192.0
2086.0
6424.0
2990.5
1192.0
2086.0
6324.0
2990.5
1192.0
2086.0
6224.0
2990.5
1192.0
2086.0
6124.0
2990.5
1192.0
2086.0
6024.0
2990.5
1192.0
2086.0
5924.0
2990.5
1192.0
2086.0
5824.0
2990.5
1192.0
2086.0
5724.0
2990.5
1192.0
2086.0
5624.0
2990.5
1192.0
2086.0
5524.0
2990.5
1192.0
2086.0
5424.0
2990.5
1192.0
2086.0
5324.0
2990.5
1192.0
2086.0
5224.0
2990.5
1192.0
2086.0
5124.0
2990.5
1192.0
2086.0
5024.0
2990.5
1192.0
2086.0
4924.0
2990.5
1192.0
2086.0
4824.0
2990.5
1192.0
2086.0
4724.0
2990.5
1192.0
2086.0
4624.0
2990.5
1192.0
2043.0
4567.0
2990.5
1192.0
2043.0
4467.0
2990.5
1192.0
2043.0
4367.0
2990.5
1192.0
2043.0
4267.0
2990.5
1192.0
2043.0
4167.0
2990.5
1192.0
2043.0
4067.0
2990.5
1192.0
2043.0
3967.0
2990.5
1192.0
2043.0
3867.0
2990.5
1192.0
2043.0
3767.0
2990.5
1192.0
2043.0
3667.0
2990.5
1192.0
2043.0
3567.0
2990.5
1192.0
2043.0
3467.0
2990.5
1192.0
2043.0
3367.0
2990.5
1192.0
2043.0
3267.0
2990.5
1192.0
2043.0
3167.0
2990.5
1192.0
2043.0
3067.0
2990.5
1192.0
2043.0
2967.0
2990.5
1192.0
2043.0
2867.0
2990.5
1192.0
2043.0
2767.0
2990.5
1192.0
2043.0
2667.0
2990.5
1192.0
2034.5
2575.5
2990.5
1192.0
2034.5
2475.5
2990.5
1192.0
2034.5
2375.5
2990.5
1192.0
2034.5
2275.5
2990.5
1192.0
1988.5
2221.5
2990.5
1192.0
1980.5
2129.5
2990.5
1192.0
1946.0
2064.0
2990.5
1192.0
1896.0
2014.0
2990.5
1192.0
1846.0
1964.0
2990.5
1192.0
1796.0
1914.0
2990.5
1192.0
1746.0
1864.0
2990.5
1192.0
1696.0
1814.0
2990.5
1192.0
1646.0
1764.0
2990.5
1192.0
1596.0
1714.0
2990.5
1192.0
1546.0
1684.0
2970.5
1192.0
1496.0
1684.0
2920.5
1192.0
1446.0
1684.0
2870.5
1192.0
1396.0
1684.0
2820.5
1192.0
1346.0
1684.0
2770.5
1192.0
1296.0
1684.0
2720.5
1192.0
1246.0
1684.0
2670.5
1192.0
1196.0
1684.0
2620.5
1192.0
1146.0
1684.0
2570.5
1192.0
1096.0
1684.0
2520.5
1192.0
1046.0
1684.0
2470.5
1192.0
996.0
1684.0
2420.5
1192.0
946.0
1684.0
2370.5
1192.0
896.0
1684.0
2320.5
1192.0
846.0
1684.0
2270.5
1192.0
796.0
1684.0
2220.5
1192.0
746.0
1684.0
2170.5
1161.5
696.0
1684.0
2151.0
1111.5
646.0
1684.0
2151.0
1061.5
596.0
1684.0
2151.0
1011.5
546.0
1684.0
2151.0
961.5
496.0
1684.0
2151.0
911.5
459.0
1684.0
2138.0
861.5
459.0
1684.0
2088.0
811.5
459.0
1684.0
2038.0
761.5
459.0
1684.0
1988.0
711.5
459.0
1684.0
1938.0
661.5
459.0
1684.0
1888.0
611.5
459.0
1684.0
1838.0
569.5
459.0
1676.0
1788.0
6810.0
459.0
1626.0
1746.5
6760.0
459.0
1576.0
1746.5
6710.0
459.0
1526.0
1746.5
6660.0
459.0
1476.0
1746.5
6610.0
459.0
1426.0
1746.5
6560.0
459.0
1376.0
1746.5
6510.0
459.0
1326.0
1746.5
6460.0
459.0
1276.0
1746.5
6410.0
459.0
1226.0
1746.5
6360.0
459.0
1176.0
1746.5
6310.0
459.0
1126.0
1746.5
6260.0
459.0
1076.0
1746.5
6210.0
459.0
1026.0
1746.5
6160.0
459.0
976.0
1746.5
6110.0
459.0
926.0
1746.5
6060.0
459.0
876.0
1746.5
6010.0
459.0
826.0
1746.5
5960.0
459.0
776.0
1746.5
5910.0
459.0
726.0
1746.5
5860.0
459.0
676.0
1746.5
5810.0
459.0
626.0
1746.5
5760.0
459.0
576.0
1746.5
5710.0
459.0
526.0
1746.5
5660.0
459.0
476.0
1746.5
5610.0
459.0
426.0
1746.5
5560.0
459.0
376.0
1746.5
5510.0
459.0
326.0
1746.5
5460.0
459.0
276.0
1746.5
5410.0
459.0
226.0
1746.5
5360.0
459.0
176.0
1746.5
5310.0
459.0
126.0
1746.5
5260.0
459.0
76.0
1746.5
5210.0
459.0
26.0
1746.5
5138.0
459.0
-2.0
1746.5
5038.0
459.0
-2.0
1746.5
4938.0
459.0
-2.0
1746.5
4838.0
459.0
-2.0
1746.5
4738.0
459.0
-2.0
1746.5
4638.0
459.0
-2.0
1746.5
4538.0
459.0
-2.0
1746.5
4438.0
459.0
-2.0
1746.5
4338.0
459.0
-2.0
1746.5
4238.0
459.0
-2.0
1746.5
4138.0
459.0
-2.0
1746.5
4039.0
6708.5
-2.0
1746.5
3989.0
6658.5
-2.0
1746.5
3939.0
6608.5
-2.0
1746.5
3889.0
6558.5
-2.0
1746.5
3839.0
6508.5
-2.0
1746.5
3789.0
6458.5
-2.0
1746.5
3739.0
6408.5
-2.0
1746.5
3689.0
6358.5
-2.0
1746.5
3639.0
6308.5
-2.0
1746.5
3589.0
6258.5
-2.0
1746.5
3539.0
6208.5
-2.0
1746.5
3489.0
6158.5
-2.0
1746.5
3439.0
6108.5
-2.0
1746.5
3389.0
6058.5
-2.0
1746.5
3339.0
6008.5
-2.0
1746.5
3289.0
5958.5
-2.0
1746.5
3239.0
5908.5
-2.0
1746.5
3189.0
5858.5
-2.0
1746.5
3139.0
5808.5
-2.0
1746.5
3089.0
5758.5
-2.0
1746.5
3039.0
5708.5
-2.0
1746.5
2989.0
5658.5
-2.0
1746.5
2939.0
5608.5
-2.0
1746.5
2889.0
5558.5
-2.0
1746.5
2839.0
5508.5
-2.0
1746.5
2789.0
5458.5
-2.0
1746.5
2739.0
5408.5
-2.0
1746.5
2689.0
5358.5
-2.0
1746.5
2639.0
5308.5
-2.0
1746.5
2589.0
5258.5
-2.0
1746.5
2539.0
5208.5
-2.0
1746.5
2489.0
5158.5
-2.0
1746.5
2439.0
5108.5
-2.0
1746.5
2389.0
5058.5
-2.0
1746.5
2339.0
5008.5
-2.0
1746.5
2289.0
4958.5
-2.0
1746.5
2239.0
4908.5
-2.0
1746.5
2189.0
4858.5
-2.0
1746.5
2139.0
4808.5
-2.0
1746.5
2089.0
4758.5
-2.0
1746.5
2039.0
4708.5
-2.0
1746.5
1989.0
4658.5
-2.0
1746.5
1939.0
4608.5
-2.0
1746.5
1889.0
4558.5
-2.0
1746.5
1839.0
4508.5
-2.0
1746.5
1789.0
4458.5
-2.0
1746.5
1741.5
4406.0
-2.0
1746.5
1741.5
4306.0
-2.0
1746.5
1741.5
4206.0
-2.0
1746.5
1741.5
4106.0
-2.0
1746.5
1741.5
4006.0
-2.0
1746.5
1741.5
3906.0
-2.0
1746.5
1741.5
3806.0
-2.0
1746.5
1741.5
3706.0
-2.0
1746.5
1741.5
3606.0
-2.0
1746.5
1741.5
3506.0
-2.0
1746.5
1699.5
3448.0
-2.0
1746.5
1649.5
3398.0
-2.0
1746.5
1599.5
3348.0
-2.0
1746.5
1549.5
3298.0
-2.0
1746.5
1499.5
3248.0
-2.0
1746.5
1449.5
3198.0
-2.0
1746.5
1399.5
3148.0
-2.0
1746.5
1349.5
3098.0
-2.0
1746.5
1299.5
3048.0
-2.0
1746.5
1249.5
2998.0
-2.0
1746.5
1199.5
2948.0
-2.0
1746.5
1149.5
2898.0
-2.0
1746.5
1099.5
2848.0
-2.0
1746.5
1049.5
2798.0
-2.0
1746.5
999.5
2748.0
-2.0
1746.5
949.5
2698.0
-2.0
1746.5
899.5
2648.0
-2.0
1746.5
849.5
2598.0
-2.0
1746.5
799.5
2548.0
-2.0
1746.5
749.5
2498.0
-2.0
1746.5
699.5
2448.0
-2.0
1746.5
649.5
2398.0
-2.0
1746.5
640.5
2348.0
-2.0
1705.5
640.5
2298.0
-2.0
1655.5
640.5
2248.0
-2.0
1605.5
640.5
2198.0
-2.0
1555.5
640.5
2148.0
-2.0
1505.5
640.5
2098.0
-2.0
1455.5
640.5
2048.0
-2.0
1405.5
640.5
1998.0
-2.0
1355.5
640.5
1948.0
-2.0
1305.5
640.5
1898.0
-2.0
1255.5
640.5
1848.0
-2.0
1205.5
640.5
1798.0
-2.0
1155.5
640.5
1748.0
-2.0
1105.5
640.5
1698.0
-2.0
1055.5
640.5
1648.0
-2.0
1005.5
640.5
1598.0
-2.0
955.5
640.5
1548.0
-2.0
905.5
640.5
1498.0
-2.0
855.5
640.5
1448.0
-2.0
805.5
640.5
1398.0
-2.0
755.5
640.5
1348.0
-2.0
705.5
640.5
1298.0
-2.0
655.5
602.0
1248.0
-2.0
644.0
552.0
1198.0
-2.0
644.0
502.0
1148.0
-2.0
644.0
452.0
1098.0
-2.0
644.0
402.0
1048.0
-2.0
644.0
352.0
998.0
-2.0
644.0
302.0
948.0
-2.0
644.0
252.0
898.0
-2.0
644.0
202.0
848.0
-2.0
644.0
152.0
798.0
-2.0
644.0
102.0
748.0
-2.0
644.0
52.0
698.0
-2.0
644.0
2.0
648.0
-2.0
644.0
-2.0
598.0
-2.0
598.0
-2.0
548.0
-2.0
548.0
-2.0
498.0
-2.0
498.0
-2.0
448.0
-2.0
448.0
-2.0
398.0
-2.0
398.0
-2.0
348.0
-2.0
348.0
-2.0
298.0
-2.0
298.0
-2.0
248.0
-2.0
248.0
-2.0
198.0
-2.0
198.0
-2.0
148.0
-2.0
148.0
-2.0
98.0
-2.0
98.0
-2.0
48.0
-2.0
48.0
-2.0
-2.0
-2.0
-2.0
