2.9528815746307373
2.9529550075531006
2.953117609024048
2.9532450437545776
3.220878005027771
3.220973491668701
3.2214003801345825
3.221537947654724
3.4605075120925903
3.4605945348739624
3.4606634378433228
3.460721969604492
3.7625690698623657
3.7626376152038574
3.762699604034424
3.7631471157073975
3.9695171117782593
3.9695855379104614
3.9706491231918335
3.9722570180892944
4.3083659410476685
4.308449864387512
4.308512926101685
4.323188900947571
4.518208026885986
4.518272876739502
4.518512487411499
4.518585920333862
4.851871490478516
4.8519580364227295
4.852288484573364
4.8523629903793335
5.074468493461609
5.074536919593811
5.074600577354431
5.074658036231995
5.115647912025452
5.115814447402954
5.11604642868042
5.1162004470825195
5.463242411613464
5.463865399360657
5.4639434814453125
5.464005470275879
5.601558446884155
5.601637482643127
5.60172700881958
5.6034369468688965
5.74924099445343
5.749309062957764
5.74937105178833
5.749709129333496
6.0126484632492065
6.012800455093384
6.012922048568726
6.012995958328247
6.14578652381897
6.145872473716736
6.145935416221619
6.145993947982788
6.265257954597473
6.265335559844971
6.265481472015381
6.2655675411224365
6.520095944404602
6.520160436630249
6.520230412483215
6.520332455635071
6.539948463439941
6.540012359619141
6.540074944496155
6.5401328802108765
6.557893395423889
6.557958960533142
6.5580198764801025
6.558076500892639
6.422263503074646
6.422328472137451
6.422390460968018
6.422446966171265
6.414256930351257
6.41431999206543
6.414381504058838
6.41443943977356
6.393218517303467
6.393283009529114
6.393344044685364
6.393401026725769
6.317967891693115
6.318039894104004
6.31810450553894
6.318165421485901
6.364528059959412
6.364591479301453
6.36465311050415
6.364710569381714
6.2767075300216675
6.2767720222473145
6.2768330574035645
6.27689003944397
6.3281569480896
6.328221440315247
6.328281402587891
6.328338980674744
6.514661908149719
6.514725923538208
6.514793395996094
6.514850974082947
6.545080900192261
6.545146584510803
6.545208096504211
6.545264959335327
6.468096613883972
6.468159556388855
6.468223571777344
6.468282580375671
6.543915629386902
6.5439804792404175
6.544041633605957
6.544099569320679
6.655556678771973
6.655632138252258
6.655695080757141
6.655752658843994
6.557900071144104
6.557968616485596
6.558039546012878
6.558102011680603
6.466503977775574
6.466610908508301
6.466675519943237
6.466794371604919
6.3881800174713135
6.388275623321533
6.388343691825867
6.388402581214905
6.37783944606781
6.3779789209365845
6.378061056137085
6.37812602519989
6.329303026199341
6.3293784856796265
6.329502463340759
6.329571008682251
6.584866046905518
6.58498215675354
6.585079550743103
6.585152506828308
6.800988435745239
6.8010804653167725
6.801145911216736
6.801221966743469
6.677407503128052
6.677476525306702
6.677545428276062
6.67760705947876
6.618360996246338
6.618426442146301
6.618495464324951
6.618554472923279
6.842418551445007
6.842552065849304
6.842621922492981
6.842683434486389
6.584132075309753
6.584227085113525
6.584297060966492
6.584359049797058
6.523166060447693
6.523240923881531
6.523347496986389
6.523427963256836
7.0149840116500854
7.01505446434021
7.015120029449463
7.015193939208984
6.778633117675781
6.778698563575745
6.778762459754944
6.778823018074036
6.990743398666382
6.99082338809967
6.990933895111084
6.991035342216492
6.940512418746948
6.940611958503723
6.940678000450134
6.9407395124435425
7.015251040458679
7.015318393707275
7.015381574630737
7.015443921089172
6.815762877464294
6.815828919410706
6.815972447395325
6.816051483154297
6.824894905090332
6.824973464012146
6.825042486190796
6.825103044509888
6.876295447349548
6.876368403434753
6.876496911048889
6.876561522483826
7.0535184144973755
7.053585529327393
7.053648948669434
7.053707480430603
7.099841475486755
7.099908471107483
7.0999720096588135
7.1000354290008545
6.9610276222229
6.961359143257141
6.961456656455994
6.961521029472351
6.992868900299072
6.992933869361877
6.992995381355286
6.993054389953613
7.112119913101196
7.112185001373291
7.112254858016968
7.112315893173218
7.406236052513123
7.406304121017456
7.406367063522339
7.406426548957825
7.346136927604675
7.346203923225403
7.346266984939575
7.346326470375061
7.274919629096985
7.274994134902954
7.275139570236206
7.275205612182617
7.032382488250732
7.032484531402588
7.032594919204712
7.032657980918884
7.189871907234192
7.190029859542847
7.190223455429077
7.190437436103821
7.048247456550598
7.0483314990997314
7.048397421836853
7.048658490180969
7.538583993911743
7.538658022880554
7.538725018501282
7.539024591445923
7.252250552177429
7.2523170709609985
7.252408027648926
7.252473473548889
7.214882969856262
7.214959979057312
7.215025424957275
7.2150914669036865
7.4663344621658325
7.466411471366882
7.46648097038269
7.466547012329102
7.298943519592285
7.299009561538696
7.299075126647949
7.299136638641357
7.344388008117676
7.344452500343323
7.344515442848206
7.344573497772217
7.30266547203064
7.302731037139893
7.302793502807617
7.302852988243103
7.244581460952759
7.244647026062012
7.24481201171875
7.244954466819763
7.101812124252319
7.1018770933151245
7.101942181587219
7.1020015478134155
8.214864015579224
8.214929103851318
8.214993000030518
8.21505057811737
8.177800059318542
8.177919626235962
8.178014039993286
8.17807400226593
8.227389454841614
8.22748053073883
8.227559924125671
8.22762155532837
8.155184030532837
8.155253052711487
8.15531599521637
8.155372500419617
8.096853971481323
8.096930503845215
8.097005486488342
8.097078561782837
8.179652571678162
8.179848074913025
8.179986953735352
8.18005907535553
8.096272468566895
8.096557974815369
8.09669041633606
8.096759915351868
8.063152074813843
8.063222050666809
8.06328797340393
8.063364028930664
8.123681545257568
8.12374746799469
8.12381362915039
8.12402856349945
8.333840012550354
8.33390462398529
8.333968043327332
8.334025025367737
8.46004045009613
8.460110545158386
8.460175514221191
8.460233926773071
8.39693295955658
8.397002935409546
8.39706838130951
8.397128939628601
8.31065845489502
8.31072449684143
8.310788035392761
8.310846447944641
8.231903076171875
8.232033014297485
8.232105135917664
8.232166051864624
8.338109970092773
8.338201522827148
8.338323950767517
8.338443875312805
8.31419849395752
8.314273476600647
8.314340949058533
8.314430475234985
8.211010098457336
8.211093068122864
8.211161613464355
8.211223125457764
8.20593810081482
8.206006646156311
8.206072568893433
8.20613157749176
8.187913417816162
8.187984466552734
8.188058495521545
8.188119411468506
9.143895983695984
9.143965482711792
9.144030928611755
9.144089579582214
9.0504789352417
9.050549507141113
9.05061650276184
9.050675392150879
9.049805998802185
9.049875974655151
9.049947500228882
9.050006985664368
8.981251835823059
8.981324315071106
8.981393456459045
8.98145341873169
9.069426417350769
9.06949508190155
9.069561958312988
9.069621086120605
9.026053428649902
9.02612292766571
9.026187419891357
9.026246905326843
9.085680961608887
9.0857515335083
9.085817456245422
9.085875988006592
9.24500298500061
9.245074033737183
9.24514102935791
9.245205044746399
9.21078908443451
9.210859060287476
9.210924625396729
9.210983514785767
9.03747844696045
9.037550449371338
9.037616848945618
9.037675976753235
9.266740441322327
9.266821503639221
9.266889572143555
9.26694941520691
9.150559902191162
9.150630950927734
9.150697350502014
9.150756001472473
9.097204446792603
9.097346901893616
9.097445011138916
9.097557544708252
9.179332971572876
9.17940104007721
9.179465532302856
9.179524540901184
9.31866192817688
9.318737506866455
9.318933486938477
9.32065486907959
9.33495807647705
9.335039496421814
9.335113525390625
9.335173964500427
9.249776601791382
9.249847054481506
9.24991250038147
9.249971985816956
9.232175469398499
9.232248425483704
9.232354998588562
9.232422471046448
9.239530563354492
9.239601612091064
9.23967456817627
9.23973548412323
9.276849508285522
9.276919484138489
9.276985049247742
9.277044534683228
9.175110578536987
9.175222516059875
9.175293684005737
9.175355553627014
9.456339001655579
9.456419467926025
9.456489443778992
9.456551432609558
9.412374019622803
9.412442445755005
9.412506937980652
9.412565469741821
9.297449469566345
9.29751992225647
9.297584891319275
9.29764449596405
9.34722900390625
9.347301006317139
9.34736692905426
9.34744942188263
9.131414532661438
9.131644487380981
9.131741046905518
9.131808519363403
9.484577536582947
9.484674096107483
9.484749555587769
9.484812021255493
9.409610867500305
9.409679412841797
9.409778833389282
9.409844875335693
9.545559048652649
9.545722007751465
9.54579246044159
9.545946955680847
9.299869418144226
9.299941420555115
9.300007939338684
9.30006754398346
9.543761968612671
9.543829083442688
9.543893575668335
9.543951988220215
9.534187912940979
9.534269452095032
9.53433895111084
9.53439998626709
9.365546345710754
9.365674018859863
9.365762948989868
9.365837931632996
9.578169465065002
9.578240990638733
9.578307509422302
9.578365445137024
9.541383981704712
9.54147744178772
9.541558504104614
9.541621446609497
9.443498969078064
9.44359838962555
9.443666458129883
9.443729043006897
9.46286952495575
9.462940573692322
9.463006138801575
9.463065028190613
9.758711457252502
9.75878393650055
9.758850455284119
9.758909940719604
9.68087100982666
9.68094003200531
9.688499093055725
9.688643097877502
9.609372973442078
9.609443545341492
9.609509468078613
9.609567999839783
9.563480377197266
9.563549518585205
9.563613891601562
9.563672065734863
9.692946076393127
9.6930171251297
9.693100571632385
9.693170547485352
9.527441501617432
9.527517557144165
9.527586460113525
9.527647972106934
9.593520522117615
9.593592524528503
9.593660116195679
9.593719005584717
9.845886468887329
9.845955491065979
9.846019387245178
9.846077919006348
9.925943613052368
9.926012516021729
9.926077127456665
9.926135540008545
9.886985540390015
9.887057542800903
9.88712453842163
9.8871830701828
9.850148558616638
9.850221991539001
9.850287556648254
9.850383162498474
9.790253520011902
9.790323495864868
9.79038941860199
9.790449023246765
9.735002398490906
9.735106468200684
9.73517906665802
9.735240936279297
9.759204506874084
9.75927209854126
9.759338617324829
9.759397029876709
9.748690485954285
9.748759388923645
9.748825430870056
9.748884558677673
10.240633964538574
10.240720987319946
10.24080502986908
10.240946054458618
9.551274061203003
9.551342964172363
9.551407933235168
9.55146598815918
9.686344027519226
9.686414003372192
9.686479926109314
9.686538577079773
9.693639636039734
9.693709015846252
9.693775057792664
9.693833589553833
9.479824900627136
9.479894518852234
9.47995936870575
9.480018973350525
10.06187391281128
10.061944961547852
10.062009453773499
10.06206738948822
10.007293105125427
10.00736403465271
10.007429122924805
10.007488489151001
9.948928475379944
9.949010968208313
9.949078440666199
9.949136972427368
9.93848741054535
9.938560366630554
9.938626408576965
9.93870198726654
10.10972797870636
10.109861493110657
10.109930515289307
10.10999059677124
10.432412981987
10.432510018348694
10.432636499404907
10.432700037956238
10.083930015563965
10.084001898765564
10.08406937122345
10.084128975868225
10.018554449081421
10.018622517585754
10.018685936927795
10.018743991851807
9.9859858751297
9.98605751991272
9.986122369766235
9.98618197441101
9.927549004554749
9.927621126174927
9.927687525749207
9.927746653556824
9.979860424995422
9.979928970336914
9.979994893074036
9.980054020881653
10.091975569725037
10.092044472694397
10.092109084129333
10.092169046401978
10.050522446632385
10.050594568252563
10.050660967826843
10.050721049308777
10.006360530853271
10.006429553031921
10.006494522094727
10.006553530693054
9.96620488166809
9.966275930404663
9.966390490531921
9.96647047996521
9.924018502235413
9.924089074134827
9.924156069755554
9.92421555519104
9.864969491958618
9.865041375160217
9.865106463432312
9.865394473075867
9.845394611358643
9.845479130744934
9.845547556877136
9.845608115196228
10.733168005943298
10.73327350616455
10.733344078063965
10.733437061309814
10.773436903953552
10.773505568504333
10.773566961288452
10.773624897003174
10.884277582168579
10.884346008300781
10.884408116340637
10.8844655752182
10.756847023963928
10.756917595863342
10.756979584693909
10.757038116455078
10.94033694267273
10.940406441688538
10.940468907356262
10.940526843070984
10.90822148323059
10.908291459083557
10.908353447914124
10.908411026000977
10.908234477043152
10.90831708908081
10.908386468887329
10.90845263004303
10.860291481018066
10.860360980033875
10.860422372817993
10.860480427742004
10.94471001625061
10.944799900054932
10.944865465164185
10.94494092464447
11.048028945922852
11.048098921775818
11.048162341117859
11.04822051525116
11.02754008769989
11.027623534202576
11.02768862247467
11.027747511863708
11.078086614608765
11.078161597251892
11.078226566314697
11.078285574913025
11.09650206565857
11.096649527549744
11.096763014793396
11.096837520599365
11.057447075843811
11.057520031929016
11.057599544525146
11.057660579681396
11.511633515357971
11.511705994606018
11.511769413948059
11.511827945709229
11.467193961143494
11.467270493507385
11.46733546257019
11.467395544052124
11.465227961540222
11.465301394462585
11.465364933013916
11.465423464775085
11.464871048927307
11.464945435523987
11.465046525001526
11.46513843536377
11.457055449485779
11.457127451896667
11.457207441329956
11.457266449928284
11.472543954849243
11.47265100479126
11.47271990776062
11.472779512405396
11.485044479370117
11.485156059265137
11.485233902931213
11.485344052314758
11.4515780210495
11.451650500297546
11.451717972755432
11.451783418655396
11.417523503303528
11.417595982551575
11.4176584482193
11.417716979980469
11.387120008468628
11.387192010879517
11.38725459575653
11.38731300830841
11.395822525024414
11.395918607711792
11.395989537239075
11.396050572395325
11.360575914382935
11.360647439956665
11.360710382461548
11.360768914222717
11.419128060340881
11.419201016426086
11.419264554977417
11.419323086738586
11.550885438919067
11.550958037376404
11.551021933555603
11.551080465316772
11.836928009986877
11.836997032165527
11.837059020996094
11.837117075920105
11.456722497940063
11.45678997039795
11.456851840019226
11.456909418106079
11.572237968444824
11.57241141796112
11.572850942611694
11.572930455207825
11.668445348739624
11.668524503707886
11.668587923049927
11.668669939041138
11.651471972465515
11.651598453521729
11.65167498588562
11.65173590183258
11.681952953338623
11.682024478912354
11.682088017463684
11.684145450592041
11.586987495422363
11.587056517601013
11.58711862564087
11.587176084518433
11.938081502914429
11.938153386116028
11.9382164478302
11.938273906707764
11.878308057785034
11.878377079963684
11.878439545631409
11.878497004508972
11.862855434417725
11.862926006317139
11.86298954486847
11.86304759979248
11.80220341682434
11.802272915840149
11.802335500717163
11.802392482757568
11.751454949378967
11.751523971557617
11.751586556434631
11.751644492149353
11.83488655090332
11.834956049919128
11.835018992424011
11.835076451301575
11.803945422172546
11.804015040397644
11.804076910018921
11.804134845733643
11.789495944976807
11.789566993713379
11.78963053226471
11.789688467979431
11.746922492980957
11.747003316879272
11.747080445289612
11.747139811515808
12.818472504615784
12.81854498386383
12.81860601902008
12.818663001060486
12.642581343650818
12.642653346061707
12.642714381217957
12.64283287525177
12.814173102378845
12.814245104789734
12.814305543899536
12.81436312198639
12.934877514839172
12.934947848320007
12.935008525848389
12.93506646156311
12.828349471092224
12.828418016433716
12.828477382659912
12.828534007072449
12.985207438468933
12.985283970832825
12.985386490821838
12.985450029373169
12.933034420013428
12.933104872703552
12.933164954185486
12.933222532272339
13.01657247543335
13.016674518585205
13.016742467880249
13.01680302619934
12.848620533943176
12.848690032958984
12.848750472068787
12.848807573318481
13.015279054641724
13.015349984169006
13.015411019325256
13.01546847820282
12.924313068389893
12.924383044242859
12.92444360256195
12.924501061439514
13.058090448379517
13.058161973953247
13.058222532272339
13.058279514312744
13.101577997207642
13.10164761543274
13.101740598678589
13.10180151462555
13.18187701702118
13.181946992874146
13.182060956954956
13.182123899459839
13.113897442817688
13.11396849155426
13.114029884338379
13.11408793926239
13.036214590072632
13.036287069320679
13.036348104476929
13.036407113075256
13.029714107513428
13.029787063598633
13.029847502708435
13.029905557632446
13.025064945220947
13.02513599395752
13.025195956230164
13.025253534317017
13.010998606681824
13.011160969734192
13.011232018470764
13.01129150390625
12.959002017974854
12.959072589874268
12.95913302898407
12.959190607070923
12.930606365203857
12.930678963661194
12.930739998817444
12.930798411369324
13.028285026550293
13.028354048728943
13.028414011001587
13.028471946716309
13.142621517181396
13.142710566520691
13.142780423164368
13.14284896850586
13.115543484687805
13.115615487098694
13.115676522254944
13.115875959396362
13.031415462493896
13.031486868858337
13.031547904014587
13.031606435775757
13.14280390739441
13.142876982688904
13.14293909072876
13.142998456954956
13.238636493682861
13.23870849609375
13.238770008087158
13.23882806301117
13.223033905029297
13.223106026649475
13.223168015480042
13.22322702407837
13.156497597694397
13.15657103061676
13.156633019447327
13.156691551208496
13.249112963676453
13.249227523803711
13.249567031860352
13.249651551246643
13.044091939926147
13.04416286945343
13.044223427772522
13.044281482696533
13.333362579345703
13.333431005477905
13.333491086959839
13.333548069000244
13.223026156425476
13.223110556602478
13.223176002502441
13.22323751449585
13.361518502235413
13.361599564552307
13.361659526824951
13.361716508865356
13.189512491226196
13.189586520195007
13.189648032188416
13.189712047576904
13.391469955444336
13.391551494598389
13.3916175365448
13.391679048538208
13.31494653224945
13.315032005310059
13.315098404884338
13.315166473388672
13.351727604866028
13.351802587509155
13.351866483688354
13.351923942565918
13.216870427131653
13.216938972473145
13.216999530792236
13.217057466506958
13.31836199760437
13.318439483642578
13.318501591682434
13.318559527397156
13.532084465026855
13.532166004180908
13.5322345495224
13.532301545143127
13.637681365013123
13.637760400772095
13.637879014015198
13.637938976287842
13.373551487922668
13.373628973960876
13.373692035675049
13.373750448226929
13.372890591621399
13.372961640357971
13.373088479042053
13.373183131217957
13.448917508125305
13.448997974395752
13.449063539505005
13.449126482009888
13.680092573165894
13.68022358417511
13.680311679840088
13.680389046669006
13.56313705444336
13.563219904899597
13.563287019729614
13.563349962234497
13.512207984924316
13.512282967567444
13.51234495639801
13.51240348815918
13.746167540550232
13.746243953704834
13.746307492256165
13.74636697769165
13.607354998588562
13.607429385185242
13.607527017593384
13.607592940330505
13.549281477928162
13.549351453781128
13.549411535263062
13.549468994140625
13.549713969230652
13.549785017967224
13.54984450340271
13.549929976463318
13.814242839813232
13.81431245803833
13.814372897148132
13.814429879188538
13.61020302772522
13.610273122787476
13.61033308506012
13.610390663146973
13.619985461235046
13.620054483413696
13.620163559913635
13.620228052139282
13.68852949142456
13.68860948085785
13.688670992851257
13.688728928565979
13.896904110908508
13.896997570991516
13.897069573402405
13.897129654884338
13.777958393096924
13.778028845787048
13.778117895126343
13.778184413909912
14.2589670419693
14.25904107093811
14.259139060974121
14.259204030036926
14.098409652709961
14.098479151725769
14.098539590835571
14.098596572875977
14.049509882926941
14.049606919288635
14.049672484397888
14.049731373786926
13.889593124389648
13.889662623405457
13.889722108840942
13.889785051345825
13.872364521026611
13.872442960739136
13.872548937797546
13.872618436813354
14.28710401058197
14.28718101978302
14.287243008613586
14.287301063537598
14.153965473175049
14.154038548469543
14.154129028320312
14.154200434684753
14.12938141822815
14.129466891288757
14.129565477371216
14.129636406898499
14.101372003555298
14.101447463035583
14.101520895957947
14.10157835483551
14.109207510948181
14.109328508377075
14.109417080879211
14.109477996826172
14.011624932289124
14.011695504188538
14.01175606250763
14.011813998222351
14.095099091529846
14.09516954421997
14.095306038856506
14.095377564430237
14.075457096099854
14.075529098510742
14.07559061050415
14.075647592544556
14.061691522598267
14.061760425567627
14.061830878257751
14.061901926994324
14.309802889823914
14.309873461723328
14.30993402004242
14.309991002082825
14.517223954200745
14.517295002937317
14.517355561256409
14.517411947250366
14.11661696434021
14.116688013076782
14.116749048233032
14.116806030273438
14.086615562438965
14.08669900894165
14.0867680311203
14.086839079856873
14.09821605682373
14.098285555839539
14.098347544670105
14.098405003547668
14.064261436462402
14.064345479011536
14.06441605091095
14.06447458267212
14.320121049880981
14.320189595222473
14.3202486038208
14.32030463218689
14.330227017402649
14.330299019813538
14.330360054969788
14.330417037010193
14.263393521308899
14.263460397720337
14.263520002365112
14.26357638835907
14.535975098609924
14.536050081253052
14.536115646362305
14.53617513179779
14.262324929237366
14.262398362159729
14.262460470199585
14.262518882751465
14.722217082977295
14.722289085388184
14.722379088401794
14.722449541091919
14.919065475463867
14.919158458709717
14.91922152042389
14.919281005859375
15.211552143096924
15.21166455745697
15.211734056472778
15.21183705329895
14.788275480270386
14.788348913192749
14.788415551185608
14.78847599029541
15.171178460121155
15.17125141620636
15.171314001083374
15.171375513076782
14.746182441711426
14.74625551700592
14.746318459510803
14.746378064155579
14.70833146572113
14.708415985107422
14.708484053611755
14.708545446395874
15.108630895614624
15.108705043792725
15.108768463134766
15.1088285446167
14.798072099685669
14.798147559165955
14.79821252822876
14.798272609710693
14.78098714351654
14.781059980392456
14.781123638153076
14.781182527542114
14.731576561927795
14.731652617454529
14.731769561767578
14.732080101966858
14.684155941009521
14.68425190448761
14.684316873550415
14.684376955032349
14.753138065338135
14.753212094306946
14.75327467918396
14.753334522247314
14.713744044303894
14.713815927505493
14.713877439498901
14.71393597126007
14.683104038238525
14.68317699432373
14.683239579200745
14.683298587799072
14.59837806224823
14.598451972007751
14.598514437675476
14.598574042320251
15.3663090467453
15.366382122039795
15.36644458770752
15.366503596305847
15.292120099067688
15.292194485664368
15.292256474494934
15.292316436767578
15.060913562774658
15.060986995697021
15.061048030853271
15.0611070394516
15.039210438728333
15.039283990859985
15.039347052574158
15.039410948753357
14.993858575820923
14.993935585021973
14.99400007724762
14.994123101234436
14.954101085662842
14.95417308807373
14.954236030578613
14.954295039176941
14.898493528366089
14.898701548576355
14.898778557777405
14.89884102344513
15.139696598052979
15.13977313041687
15.139835596084595
15.13989508152008
15.077317476272583
15.077391982078552
15.077484488487244
15.077621102333069
15.502786040306091
15.502861618995667
15.502930164337158
15.50299060344696
15.451788067817688
15.45186460018158
15.451927542686462
15.451987504959106
15.393134117126465
15.393216609954834
15.393283605575562
15.393343091011047
15.368210077285767
15.368282079696655
15.36834454536438
15.368403553962708
15.320157527923584
15.320229053497314
15.32029104232788
15.320350050926208
15.61344838142395
15.61352550983429
15.613588452339172
15.613649010658264
15.360735177993774
15.360809087753296
15.360872626304626
15.360931992530823
15.45861041545868
15.45868444442749
15.458791971206665
15.458861470222473
15.461449027061462
15.461563467979431
15.461658954620361
15.461854457855225
15.560795426368713
15.560885429382324
15.56096887588501
15.561066389083862
15.596753001213074
15.596827507019043
15.596922039985657
15.596987009048462
15.342422008514404
15.34249496459961
15.342556476593018
15.342615365982056
15.363179087638855
15.363253474235535
15.363316059112549
15.363374948501587
16.773854970932007
16.773953914642334
16.77403438091278
16.77410089969635
16.510234117507935
16.51030707359314
16.51037311553955
16.510432958602905
16.433470487594604
16.433539509773254
16.433600425720215
16.433658480644226
16.511438369750977
16.51151192188263
16.51157546043396
16.511667490005493
16.36514699459076
16.365220427513123
16.365283489227295
16.365344047546387
16.432080507278442
16.432158589363098
16.43222951889038
16.432310461997986
16.538263082504272
16.538338541984558
16.538403034210205
16.538463950157166
16.466733932495117
16.46681249141693
16.466875076293945
16.46693444252014
16.550029397010803
16.550158381462097
16.550225973129272
16.550320982933044
16.477489590644836
16.47756254673004
16.477625012397766
16.4776850938797
16.759727597236633
16.759799599647522
16.7598614692688
16.759921073913574
16.69069254398346
16.690764546394348
16.690826535224915
16.690884470939636
16.661566972732544
16.661638498306274
16.66170048713684
16.66175901889801
16.570466995239258
16.57054102420807
16.57060396671295
16.570663571357727
16.56039333343506
16.56046450138092
16.560526847839355
16.56058645248413
16.542266368865967
16.54235303401947
16.542418479919434
16.542478442192078
16.53253448009491
16.532605409622192
16.53266739845276
16.532725930213928
16.686702966690063
16.686779022216797
16.686842918395996
16.68690299987793
16.682427525520325
16.682501554489136
16.68256402015686
16.68273103237152
16.57144546508789
16.571516513824463
16.57157802581787
16.57163643836975
17.003960013389587
17.004035472869873
17.004098534584045
17.00415849685669
16.923856496810913
16.923927068710327
16.923989057540894
16.92404854297638
16.858123421669006
16.8581964969635
16.858259439468384
16.85831904411316
16.91329300403595
16.913363456726074
16.9134259223938
16.91348445415497
16.84601402282715
16.846083998680115
16.846145033836365
16.846203446388245
16.81630504131317
16.81637394428253
16.816435933113098
16.816494941711426
16.878129601478577
16.878199458122253
16.878260493278503
16.878317952156067
16.832575917243958
16.832646369934082
16.832707405090332
16.83276605606079
16.70155155658722
16.70162260532379
16.701687574386597
16.70177459716797
16.805363059043884
16.805433988571167
16.805495977401733
16.80555510520935
16.715729117393494
16.715806126594543
16.71587109565735
16.71593403816223
16.652943968772888
16.653016090393066
16.653077602386475
16.653135538101196
16.690631985664368
16.69070255756378
16.690764546394348
16.690823078155518
17.130578875541687
17.13064694404602
17.130707383155823
17.130764961242676
17.09731948375702
17.097391605377197
17.09745454788208
17.097514033317566
17.07685160636902
17.076923489570618
17.077014565467834
17.07710301876068
17.062291026115417
17.062366008758545
17.062430024147034
17.062490582466125
17.038750529289246
17.038825035095215
17.038889050483704
17.038949012756348
16.9965900182724
16.996663570404053
16.996726036071777
16.996785044670105
16.933202981948853
16.933275938034058
16.93333899974823
16.933398485183716
17.206713557243347
17.206790447235107
17.20685350894928
17.206912517547607
17.139096975326538
17.139225006103516
17.139299035072327
17.13936150074005
16.986034393310547
16.986132979393005
16.986225962638855
16.986295461654663
16.99090564250946
16.99098002910614
16.991045594215393
16.99110460281372
17.782216906547546
17.782299518585205
17.782362580299377
17.782421469688416
17.984150528907776
17.984220504760742
17.98428249359131
17.984342098236084
17.9040470123291
17.90411400794983
17.90417456626892
17.90423309803009
17.933454036712646
17.933522582054138
17.93358302116394
17.93364155292511
17.87995707988739
17.88005292415619
17.880118489265442
17.880178928375244
17.942822098731995
17.942890524864197
17.942957520484924
17.943016052246094
17.77819848060608
17.778268575668335
17.778329968452454
17.778388500213623
17.858458518981934
17.858527064323425
17.858588099479675
17.858646512031555
18.065585374832153
18.06565546989441
18.065717458724976
18.06577754020691
17.867233514785767
17.8673015832901
17.867362022399902
17.867420554161072
18.065506100654602
18.065585136413574
18.065650582313538
18.065765500068665
18.07724153995514
18.077309012413025
18.077369928359985
18.077428460121155
18.056681036949158
18.056750059127808
18.056812047958374
18.056870460510254
18.01501739025116
18.01518440246582
18.01528251171112
18.015408515930176
18.085926175117493
18.086003065109253
18.086066484451294
18.086126565933228
18.398367047309875
18.398433566093445
18.39849352836609
18.3985515832901
18.35507893562317
18.355150938034058
18.35521399974823
18.355273485183716
18.318004965782166
18.31808304786682
18.31822144985199
18.318283557891846
18.061790585517883
18.06187653541565
18.061946034431458
18.06201148033142
18.320671439170837
18.320740580558777
18.320802450180054
18.320863485336304
17.949201107025146
17.949268102645874
17.949329018592834
17.949387073516846
18.125513076782227
18.125581979751587
18.125643014907837
18.125701427459717
18.128835082054138
18.12893497943878
18.129000067710876
18.129060983657837
18.101227521896362
18.10129714012146
18.101358652114868
18.101417541503906
18.206194519996643
18.20626211166382
18.20632255077362
18.206380009651184
18.18167209625244
18.181739568710327
18.18180012702942
18.18185806274414
18.121935606002808
18.122002005577087
18.122063517570496
18.12212896347046
18.06882655620575
18.068891167640686
18.06895101070404
18.06900906562805
18.199243903160095
18.19931650161743
18.199379444122314
18.1994389295578
18.14654302597046
18.14661204814911
18.14667248725891
18.14673149585724
18.16284668445587
18.162930607795715
18.16299259662628
18.16305160522461
18.016741514205933
18.016809940338135
18.016871452331543
18.016932487487793
18.06582999229431
18.065900087356567
18.065974593162537
18.066039443016052
18.0030779838562
18.003145933151245
18.00320792198181
18.00326633453369
18.110540986061096
18.11061143875122
18.110673427581787
18.110733032226562
18.04067289829254
18.040743947029114
18.040806531906128
18.040864944458008
18.251949548721313
18.25202703475952
18.252089023590088
18.25215208530426
18.199315905570984
18.19938349723816
18.19944453239441
18.199503421783447
18.547873973846436
18.547945022583008
18.548007011413574
18.54808259010315
18.219033122062683
18.21914553642273
18.21921741962433
18.2192804813385
18.327115893363953
18.327189087867737
18.32725203037262
18.32731604576111
18.26277494430542
18.262877464294434
18.262941002845764
18.263000965118408
18.227355003356934
18.227428555488586
18.227490544319153
18.22754991054535
18.204211473464966
18.204282522201538
18.204344987869263
18.20441210269928
18.36188793182373
18.361955881118774
18.362016916275024
18.362075924873352
18.340333938598633
18.340415954589844
18.340479493141174
18.340538382530212
18.640533566474915
18.64061450958252
18.640727043151855
18.640795588493347
18.48966646194458
18.489736914634705
18.489798426628113
18.48985743522644
18.704445481300354
18.704512000083923
18.704572439193726
18.704630494117737
18.68436300754547
18.68443214893341
18.684492468833923
18.68455159664154
18.633068919181824
18.633157968521118
18.633221983909607
18.63328206539154
18.58778405189514
18.587851524353027
18.587912559509277
18.587970972061157
18.539574027061462
18.539644598960876
18.539706587791443
18.53976595401764
18.40920352935791
18.40927255153656
18.40933406352997
18.409392476081848
18.542178511619568
18.542245507240295
18.542306065559387
18.542364478111267
18.430548071861267
18.430615067481995
18.430675506591797
18.430734992027283
18.84371304512024
18.84378159046173
18.843843460083008
18.843902587890625
18.795528292655945
18.795615911483765
18.795711874961853
18.795772910118103
18.754587054252625
18.75465452671051
18.75471544265747
18.75477397441864
18.700088143348694
18.700160145759583
18.70022165775299
18.700319528579712
18.616040587425232
18.6161150932312
18.61617660522461
18.616236567497253
18.607272505760193
18.607340574264526
18.60740101337433
18.60745942592621
18.742398500442505
18.74246656894684
18.742529034614563
18.742589950561523
18.71230185031891
18.712369918823242
18.71243190765381
18.71249294281006
18.66561496257782
18.66568398475647
18.665745496749878
18.665804386138916
19.074002146720886
19.074074506759644
19.07413959503174
19.07420265674591
18.759407997131348
18.759477376937866
18.759538412094116
18.759596943855286
18.76920759677887
18.7692791223526
18.76934063434601
18.769399523735046
18.81308686733246
18.813154935836792
18.8132164478302
18.81327497959137
18.710978031158447
18.711046934127808
18.711111426353455
18.711170434951782
19.202760457992554
19.20287299156189
19.202943563461304
19.203004956245422
19.164499402046204
19.164568543434143
19.164629578590393
19.164687991142273
19.10468053817749
19.104783058166504
19.104939103126526
19.10501456260681
19.04710352420807
19.04717206954956
19.047234058380127
19.047292590141296
18.903255939483643
18.903326988220215
18.90338897705078
18.903645873069763
18.97248351573944
18.972551465034485
18.972612023353577
18.972671508789062
19.015548586845398
19.015615582466125
19.015676498413086
19.015735507011414
18.938673496246338
18.93877601623535
18.93884253501892
18.938902616500854
19.119921922683716
19.119991898536682
19.12005388736725
19.120112895965576
19.002225518226624
19.002296924591064
19.002360463142395
19.00242042541504
19.18149209022522
19.18156099319458
19.18162202835083
19.181681513786316
19.096913933753967
19.096983909606934
19.097047924995422
19.097106456756592
19.36549687385559
19.3655663728714
19.365628957748413
19.3656884431839
19.2737056016922
19.273776173591614
19.27383816242218
19.27389705181122
19.3229820728302
19.323050498962402
19.323112964630127
19.323172092437744
19.382495045661926
19.3825820684433
19.382659077644348
19.38272261619568
19.374016880989075
19.374086022377014
19.374147415161133
19.37420642375946
19.37887406349182
19.378942012786865
19.37902557849884
19.379090547561646
19.84687101840973
19.846965432167053
19.847044944763184
19.847108006477356
19.220130920410156
19.220199942588806
19.220263957977295
19.22032332420349
19.364266991615295
19.364338994026184
19.36440098285675
19.364460587501526
19.324538946151733
19.32461154460907
19.324674010276794
19.324734568595886
19.63923740386963
19.639309525489807
19.63937246799469
19.639432430267334
19.692553520202637
19.692658066749573
19.69273352622986
19.692800521850586
19.63673496246338
19.636802554130554
19.63686454296112
19.636922478675842
19.491745471954346
19.491816520690918
19.491878509521484
19.491937518119812
19.54379105567932
19.543861031532288
19.543923497200012
19.54398202896118
19.559206008911133
19.559274435043335
19.559335947036743
19.559396505355835
19.513380527496338
19.5134494304657
19.513511419296265
19.513570547103882
19.505376935005188
19.50544548034668
19.505505919456482
19.50556445121765
20.06006944179535
20.060152053833008
20.060224533081055
20.06030011177063
20.001001596450806
20.00106954574585
20.001129984855652
20.001187562942505
19.934380531311035
19.93449902534485
19.934565544128418
19.93463099002838
19.843279004096985
19.843387484550476
19.843454003334045
19.843515038490295
19.92435646057129
19.924427032470703
19.92448902130127
19.924548029899597
19.869457602500916
19.869526505470276
19.86958909034729
19.869649052619934
19.843588948249817
19.843657970428467
19.843719482421875
19.843778491020203
19.8478444814682
19.847918033599854
19.847980976104736
19.84804105758667
19.846074104309082
19.84614408016205
19.846205592155457
19.846277117729187
19.80338752269745
19.803457021713257
19.803518533706665
19.803577542304993
19.75144398212433
19.751513957977295
19.75157594680786
19.75163495540619
19.732415914535522
19.73250150680542
19.732601046562195
19.732672452926636
19.750807404518127
19.7508784532547
19.750940442085266
19.750999569892883
20.246196508407593
20.246277570724487
20.246342658996582
20.24640655517578
20.185322999954224
20.18539297580719
20.185495495796204
20.185557961463928
20.21097493171692
20.21104598045349
20.211108446121216
20.21116840839386
20.224708557128906
20.224777460098267
20.224838614463806
20.22495400905609
20.160335540771484
20.160407066345215
20.160468459129333
20.16052806377411
20.2037855386734
20.203855991363525
20.203918933868408
20.20397698879242
20.161616444587708
20.16171157360077
20.161776542663574
20.161837935447693
20.14190411567688
20.142115116119385
20.142192125320435
20.14229416847229
20.145704984664917
20.145774483680725
20.145835876464844
20.14589500427246
20.165501475334167
20.165607929229736
20.165672540664673
20.165732979774475
20.162776350975037
20.162877917289734
20.162951350212097
20.16301393508911
20.155771493911743
20.155843377113342
20.156192898750305
20.156264424324036
20.045453429222107
20.045523405075073
20.045584440231323
20.045642971992493
