3.130927175283432
3.3946498930454254
3.655133157968521
3.936484396457672
4.161488324403763
4.346642225980759
4.5642330050468445
4.753150999546051
4.993943750858307
5.100190669298172
5.101632982492447
5.167537897825241
5.206689536571503
5.243070811033249
5.228594124317169
5.256326735019684
5.261293917894363
5.275494366884232
5.27054688334465
5.2540930807590485
5.304516315460205
5.479757845401764
5.518423616886139
5.534135937690735
5.542626112699509
5.573695600032806
5.757912129163742
5.7547290325164795
5.74004665017128
5.791567236185074
5.911495894193649
6.116209089756012
6.176393985748291
5.967736393213272
5.986546903848648
6.082757502794266
6.259319186210632
6.253823518753052
6.308355122804642
6.329725503921509
6.389995217323303
6.421997636556625
6.518632739782333
6.537282794713974
6.505572468042374
6.7179684937000275
6.77045875787735
6.816067457199097
6.6744279861450195
6.846597224473953
6.844255983829498
6.845110088586807
6.796169728040695
6.933887273073196
7.078839600086212
7.0288867354393005
7.011666089296341
7.113940477371216
7.171345144510269
7.163698583841324
7.2073721289634705
7.2907839715480804
7.371003448963165
7.237566709518433
7.3378497660160065
7.501447767019272
7.505650639533997
7.582814782857895
7.702385872602463
7.754245638847351
7.91911643743515
7.661162167787552
7.874693900346756
7.92779216170311
7.894619852304459
7.994157582521439
8.225253313779831
8.121821165084839
8.164859890937805
8.218014866113663
8.146224111318588
8.394368767738342
8.543642312288284
8.52428114414215
8.563534885644913
8.683993488550186
8.889539688825607
8.880005419254303
8.885266870260239
8.893499284982681
8.852323025465012
8.93016666173935
8.920425653457642
9.166605353355408
9.087972432374954
9.094306886196136
9.31938236951828
9.389155328273773
9.3496875166893
9.400287985801697
9.400313466787338
9.438565731048584
9.550191968679428
9.521898627281189
9.682289212942123
9.762036234140396
9.761507242918015
9.772704273462296
9.823881536722183
9.83889651298523
9.962507396936417
9.930265069007874
9.951820641756058
10.035562425851822
10.184539794921875
10.29895430803299
10.36110645532608
10.40113577246666
10.463466823101044
10.459689319133759
10.448135733604431
10.424073457717896
10.382361710071564
10.342056274414062
