3.055813640356064
3.098331779241562
3.1704829931259155
3.3438886404037476
3.567965477705002
3.6773944795131683
3.7670280635356903
3.918879747390747
4.100945889949799
4.310161620378494
4.4525646567344666
4.561232268810272
4.700568974018097
4.810313016176224
4.930551111698151
5.010605126619339
5.093881011009216
5.2999763786792755
5.298605382442474
5.335980236530304
5.339793235063553
5.326935559511185
5.405945867300034
5.4437196254730225
5.444300204515457
5.478557914495468
5.5159710347652435
5.617842853069305
5.6523793041706085
5.659662693738937
5.653667062520981
5.655564844608307
5.721827477216721
5.767939448356628
5.7817361652851105
5.873878329992294
5.88715672492981
5.916431695222855
5.970607668161392
5.9831302762031555
6.104311913251877
6.110211730003357
6.138221383094788
6.24387526512146
6.24965900182724
6.278966158628464
6.408485502004623
6.4469674825668335
6.400281131267548
6.347185552120209
6.367124408483505
6.520815134048462
6.407304912805557
6.545210152864456
6.566832512617111
6.590139597654343
6.597793877124786
6.640950620174408
6.773504883050919
6.832411974668503
6.935946673154831
7.046838581562042
7.105130821466446
7.130614757537842
7.12857311964035
7.145605772733688
7.302599519491196
7.323425531387329
7.335738152265549
7.401760756969452
7.404601752758026
7.316496908664703
7.34017550945282
7.358010530471802
7.410061150789261
7.550612032413483
7.611778020858765
7.7311221063137054
7.775731831789017
7.774214833974838
7.818351209163666
7.961417317390442
8.086501330137253
7.997873842716217
8.023433208465576
8.144995272159576
8.185908108949661
8.211577206850052
8.311145067214966
8.344888508319855
8.354726999998093
8.494416743516922
8.560535252094269
8.633109986782074
8.644673258066177
8.651501387357712
8.653122216463089
8.656514644622803
8.679026693105698
8.722149401903152
8.73231491446495
8.934219628572464
8.907550036907196
8.82421725988388
9.112459123134613
9.144748359918594
9.173226743936539
9.192575544118881
9.297096729278564
9.294429957866669
9.332935243844986
9.340709507465363
9.393379271030426
9.52301475405693
9.526060163974762
9.545689016580582
9.552602738142014
9.563830643892288
9.57115113735199
9.575866758823395
9.595223277807236
9.605594962835312
9.60056585073471
9.589592814445496
