-1.0
513.75
363.25
287.25
-1.0
470.5
338.25
262.25
-1.0
491.5
323.0
237.25
-1.0
454.75
310.0
212.25
-1.0
412.75
285.0
203.25
-1.0
370.25
274.0
207.5
-1.0
339.75
249.0
182.5
-1.0
307.5
245.5
173.0
-1.0
274.0
223.25
153.0
-1.0
232.25
198.25
538.25
-1.0
216.0
180.5
499.0
-1.0
236.5
167.5
954.25
-1.0
255.75
148.5
895.25
379.25
261.0
134.0
856.25
358.75
285.5
109.0
829.5
339.5
693.75
100.25
793.75
323.0
693.0
113.0
766.0
298.0
686.75
119.25
729.25
284.0
676.75
126.25
692.25
259.0
663.5
133.5
652.5
242.0
659.0
144.75
628.5
225.5
657.5
151.0
602.0
200.5
639.5
157.75
558.25
195.25
636.0
716.5
563.5
179.75
622.25
703.25
557.75
154.75
611.5
692.0
538.0
153.75
595.75
1235.75
546.0
156.75
565.0
1206.25
574.75
173.25
558.0
1162.0
567.25
781.0
583.75
1123.75
720.5
777.75
597.5
1072.75
744.0
763.75
623.5
1026.75
1322.0
770.0
642.0
1009.75
1325.75
753.0
659.75
978.25
1314.25
734.75
733.5
1038.75
1328.75
962.5
816.0
1013.5
1493.0
937.5
866.75
1015.75
1485.75
1054.0
1170.75
1261.25
1810.0
1907.25
1243.75
1249.5
1774.0
2206.5
1689.25
1427.0
1916.0
2518.0
2660.5
1438.75
2313.75
2608.0
2957.75
1447.5
2663.75
2670.0
2932.75
1779.25
2638.75
2620.0
3036.0
1819.75
2696.5
2878.25
3011.0
1870.0
2671.5
2828.25
3192.25
2097.75
2646.5
2782.75
3190.5
3013.0
2839.5
2757.75
3152.0
3031.75
2839.5
2732.75
3127.0
2993.5
2904.5
2707.75
3106.75
2968.5
2879.5
2682.75
3081.75
2974.75
3186.25
3593.0
3070.5
3463.25
3309.25
3555.0
3679.75
3748.5
3309.25
3996.5
3658.25
4049.0
3320.5
4030.25
3635.25
4015.5
3321.25
4040.75
3715.75
4343.75
3617.0
4357.0
3694.0
4296.25
3619.75
4328.25
3970.0
4241.5
3616.0
4307.25
3929.5
4312.75
3740.25
4281.75
4339.5
4291.25
4073.25
4262.25
4425.5
4471.25
4070.25
4455.75
4421.0
4632.25
4037.75
4423.0
4419.25
4598.75
4053.5
4410.75
4468.0
4572.0
4062.5
4621.25
4546.5
4632.75
4053.5
4569.5
4532.25
4619.0
4036.5
4602.25
4513.0
4694.5
4152.0
4555.75
4506.25
4795.75
4142.25
4564.5
4700.25
4908.5
4152.75
4853.75
4684.5
5039.0
4639.5
4839.5
4716.5
5079.75
4621.0
4821.5
4712.5
5060.5
4593.75
4809.75
4798.0
5063.0
4578.0
4785.0
4767.75
5156.25
4552.75
5053.75
5136.75
5170.75
4769.0
5038.5
5122.75
5137.5
4741.25
5171.75
5151.75
5161.25
5156.75
5180.25
5153.75
5164.75
5153.0
5281.75
5146.75
5163.0
5180.75
5289.0
5177.75
5154.25
5174.0
5276.0
5163.5
5144.25
5180.25
5277.25
5190.25
5129.25
5295.0
5259.75
5188.75
5201.75
5301.5
5313.75
5185.75
5205.5
5299.75
5289.25
5235.75
5191.0
5298.25
5296.0
5230.75
5181.5
5280.75
5269.5
5217.5
5157.0
5269.75
5296.25
5222.25
5199.75
5257.75
5276.25
5219.5
5200.0
5253.25
5239.25
5213.0
5191.5
5251.75
5219.5
5226.5
5187.0
5270.0
5203.75
5217.5
5151.5
5250.0
5199.5
5216.5
5158.5
5240.25
5186.75
5202.5
5146.5
5230.75
5180.5
5199.25
5175.25
5209.75
5146.5
5190.75
5200.5
5187.75
5126.5
5194.25
5178.0
5149.0
5108.0
5204.0
5163.0
5158.5
5083.0
5200.5
5126.75
5158.0
5071.5
5206.75
5113.25
5172.5
5051.0
5219.5
5093.0
5166.25
5031.25
5215.0
5060.75
5147.75
5013.75
5224.0
5023.5
5156.0
5006.0
5238.0
4966.5
5163.25
5007.0
5211.5
4935.25
5165.75
5030.5
5199.0
4946.25
5173.5
5036.75
5128.0
4950.0
5156.75
5060.5
5095.0
4971.5
5141.25
5050.0
5085.25
4982.75
5111.25
5062.0
5074.25
4976.25
5074.5
5095.75
5073.75
4974.75
5055.75
5105.75
5056.25
4961.25
5016.0
5123.75
5061.5
4960.0
4984.5
5110.75
5071.75
4961.5
4946.75
5097.75
5058.0
4951.5
4930.0
5093.75
5055.25
4947.75
4924.5
5088.5
5021.25
4956.25
4927.25
5068.5
4990.5
4939.25
4936.25
5049.5
4981.25
4930.75
4939.0
5039.0
4969.0
4918.5
4928.25
5013.25
4992.75
4923.0
4924.25
4983.5
5018.5
4905.75
4939.0
4958.5
5026.25
4907.75
4963.25
4957.75
5071.0
4924.25
5015.25
4946.75
5113.0
4907.0
5050.75
4950.5
5165.25
4905.75
5085.0
4964.5
5209.25
4905.0
5098.5
5002.5
5251.5
4882.0
5131.0
5050.75
5293.5
4861.5
5161.0
5095.5
5304.5
4833.75
5205.0
5148.5
5336.25
4824.0
5257.75
5193.75
5336.5
4815.5
5304.0
5233.75
5330.75
4816.5
5341.5
5296.5
5322.25
4831.0
5405.25
5353.0
5322.5
4853.25
5463.25
5419.0
5321.25
4908.5
5528.25
5460.25
5304.25
4924.5
5540.75
5520.5
5340.0
4972.25
5561.0
5633.5
5372.25
5052.25
5595.5
5661.5
5390.0
5091.0
5566.25
5717.0
5421.75
5187.5
5594.0
5829.75
5467.0
5265.5
5685.0
5840.0
5492.5
5303.75
5670.75
5858.5
5486.75
5351.5
5661.25
5888.0
5524.0
5396.25
5668.0
5886.75
5535.0
5418.5
5642.25
5871.75
5519.25
5428.75
5602.25
5856.25
5508.0
5433.75
5561.5
5833.75
5526.5
5446.0
5531.0
5790.0
5501.5
5444.5
5506.0
5752.5
5477.25
5419.5
5492.75
5677.5
5457.0
5414.75
5492.75
5602.5
5432.0
5414.75
5492.75
5527.5
5407.0
5414.75
5492.75
5476.5
5382.0
5390.75
5492.75
5426.5
5339.25
5383.5
5492.75
5367.0
5298.75
5383.5
5492.75
5292.0
5273.75
5383.5
5492.75
5239.75
5244.75
5364.75
5492.75
5214.75
5194.75
5339.75
5492.75
5189.75
5154.25
5314.75
5483.25
5164.75
5129.25
5289.75
5458.25
5139.75
5104.25
5264.75
5433.25
5114.75
5079.25
5239.75
5408.25
5080.0
5054.25
5226.0
5381.75
5055.0
5029.25
5226.0
5331.75
5030.0
5004.25
5226.0
5281.75
5005.0
4979.25
5226.0
5231.75
4980.0
4954.25
5216.5
5191.25
4979.25
4929.25
5167.25
5166.25
4979.25
4902.0
5119.5
5141.25
4979.25
4852.0
5094.5
5116.25
4979.25
4802.0
5069.5
5091.25
4979.25
4752.0
5044.5
5066.25
4979.25
4702.0
5019.5
5041.25
4979.25
4652.0
4994.5
5016.25
4974.5
4642.25
4934.0
4991.25
4949.5
4642.25
4884.0
4966.25
4915.5
4642.25
4857.75
4926.5
4890.5
4642.25
4832.75
4876.5
4865.5
4642.25
4807.75
4826.5
4840.5
4642.25
4782.75
4776.5
4815.5
4622.0
4757.75
4746.75
4790.5
4597.0
4732.75
4721.75
4765.5
4572.0
4707.75
4696.75
4740.5
4547.0
4682.75
4671.75
4715.5
4537.75
4642.0
4646.75
4690.5
4537.75
4603.75
4610.0
4665.5
4537.75
4578.75
4560.0
4640.5
4537.75
4553.75
4510.0
4631.0
4522.25
4521.5
4467.25
4631.0
4497.25
4471.5
4442.25
4631.0
4472.25
4421.5
4417.25
4631.0
4447.25
4371.5
4392.25
4631.0
4422.25
4321.5
4367.25
4631.0
4397.25
4272.5
4341.25
4616.25
4372.25
4247.5
4306.0
4591.25
4347.25
4222.5
4281.0
4566.25
4324.25
4189.0
4262.5
4541.25
4290.25
4173.0
4237.5
4516.25
4265.25
4148.0
4212.5
4491.25
4226.25
4123.0
4201.5
4466.25
4197.0
4077.25
4201.5
4441.25
4172.0
4027.25
4201.5
4416.25
4147.0
3977.25
4201.5
4391.25
4122.0
3927.25
4201.5
4366.25
4096.25
3878.0
4201.5
4341.25
4066.75
3832.5
4201.5
4316.25
4016.75
3807.5
4201.5
4291.25
3966.75
3782.5
4201.5
4266.25
3933.5
3755.0
4187.25
4241.25
3908.5
3730.0
4162.25
4193.25
3906.5
3705.0
4137.25
4143.25
3906.5
3658.5
4133.75
4097.5
3902.25
3608.5
4133.75
4062.25
3900.5
3555.5
4123.75
4037.25
3900.5
3480.5
4123.75
4016.25
3883.5
3418.5
4123.75
3991.25
3858.5
3368.5
4123.75
3981.0
3821.0
3330.25
4109.75
3981.0
3757.75
3313.5
4089.75
3964.5
3678.25
3309.5
4089.75
3939.5
3603.25
3309.5
4089.75
3907.25
3551.0
3296.0
4087.75
3857.25
3526.0
3271.0
4087.75
3807.25
3501.0
3246.0
4087.75
3760.5
3472.75
3221.0
4087.75
3710.5
3446.25
3197.5
4087.75
3658.75
3431.75
3172.5
4079.0
3608.75
3431.75
3147.5
4054.0
3558.75
3431.75
3122.5
4029.0
3531.5
3431.75
3074.75
4004.0
3506.5
3420.5
3036.0
3979.0
3461.5
3392.25
3016.5
3971.75
3427.0
3367.25
2991.5
3956.25
3402.0
3342.25
2966.5
3931.25
3377.0
3317.25
2941.5
3906.25
3365.0
3291.25
2916.5
3869.25
3365.0
3257.25
2900.5
3819.25
3365.0
3228.25
2893.0
3755.75
3365.0
3224.75
2868.0
3684.25
3365.0
3224.75
2843.0
3609.25
3365.0
3218.5
2824.25
3534.25
3365.0
3218.5
2799.25
3459.25
3341.75
3218.5
2774.25
3407.5
3316.75
3218.5
2749.25
3357.5
3291.75
3218.5
2724.25
3307.5
3250.75
3216.75
2717.0
3257.5
3202.0
3215.5
2717.0
3207.5
3150.5
3181.0
2715.75
3194.75
3100.5
3155.75
2691.0
3194.75
3050.5
3130.75
2666.0
3194.75
3014.5
3108.25
2636.5
3182.75
2968.75
3108.25
2586.5
3178.5
2918.75
3100.25
2552.75
3170.25
2865.75
3074.5
2543.5
3158.25
2843.25
3022.0
2521.25
3155.5
2818.25
2972.0
2496.25
3155.5
2795.75
2915.0
2483.0
3148.25
2795.75
2840.0
2483.0
3123.25
2795.75
2765.0
2483.0
3098.25
2775.0
2722.0
2477.5
3067.5
2750.0
2697.0
2452.5
3042.5
2725.0
2687.25
2412.25
3017.5
2700.0
2684.5
2381.25
2976.25
2643.5
2683.25
2381.25
2934.0
2633.25
2683.25
2347.75
2877.75
2626.25
2683.25
2306.5
2826.0
2622.5
2647.0
2304.0
2768.5
2620.5
2609.25
2295.5
2716.75
2599.25
2583.25
2295.5
2664.0
2574.25
2558.25
2295.5
2614.0
2549.25
2533.25
2295.5
2564.0
2524.25
2508.25
2295.5
2514.0
2499.25
2483.25
2282.25
2477.25
2474.25
2448.5
2277.0
2442.25
2431.75
2438.25
2277.0
2395.0
2420.0
2420.25
2236.0
2365.75
2406.0
2372.5
2222.75
2340.75
2377.25
2349.25
2206.75
2308.75
2292.75
2344.0
2197.75
2307.5
2228.0
2337.25
2177.75
2299.0
2172.0
2307.25
2177.25
2285.5
2140.5
2267.5
2169.25
2264.75
2130.25
2227.25
2147.5
2237.0
2106.75
2184.75
2138.75
2211.75
2091.25
2153.25
2138.75
2158.75
2074.0
2142.5
2114.75
2110.75
2069.75
2089.75
2096.75
2085.75
2063.25
2059.0
2063.5
2056.25
2053.25
2042.5
2024.25
2022.0
2017.5
2018.5
2000.0
2006.0
1979.0
2005.0
1977.0
1981.0
1950.0
1967.5
1970.5
1954.0
1937.0
1928.25
1933.0
1943.75
1922.5
1896.75
1906.0
1916.75
1892.75
1867.75
1885.0
1896.5
1873.0
1839.0
1855.5
1874.5
1847.25
1812.25
1836.25
1846.25
1824.75
1787.5
1807.0
1822.75
1797.0
1760.5
1782.75
1801.75
1769.25
1735.25
1760.5
1777.0
1751.5
1713.75
1727.5
1749.25
1731.0
1686.25
1698.75
1726.0
1700.5
1666.0
1676.0
1699.5
1675.25
1640.0
1652.0
1674.75
1656.25
1609.5
1619.25
1657.0
1636.75
1581.5
1589.25
1634.5
1613.0
1560.75
1568.75
1599.5
1578.25
1531.25
1553.0
1579.5
1557.5
1511.25
1523.0
1550.25
1524.75
1491.25
1503.75
1522.25
1500.25
1469.75
1475.0
1497.0
1476.0
1437.75
1453.0
1475.25
1452.0
1413.75
1425.5
1450.75
1429.25
1387.75
1400.5
1424.5
1404.25
1357.5
1377.75
1402.5
1379.25
1332.75
1350.0
1380.0
1356.0
1306.25
1325.0
1354.75
1332.5
1280.75
1297.75
1331.0
1306.25
1258.0
1272.0
1305.75
1284.75
1234.5
1242.25
1280.5
1258.0
1206.0
1220.25
1257.75
1229.75
1179.75
1196.25
1236.25
1207.25
1150.75
1172.25
1211.75
1186.0
1126.75
1142.0
1187.25
1156.25
1103.5
1117.5
1164.75
1132.0
1080.5
1094.25
1135.25
1110.0
1054.0
1069.75
1108.25
1086.5
1027.0
1045.25
1083.25
1059.0
1007.0
1017.5
1058.5
1038.0
974.5
991.5
1038.0
1013.75
948.75
962.25
1017.25
989.0
925.5
939.0
988.5
962.75
900.5
913.0
965.75
937.5
876.75
888.75
939.0
912.75
847.25
869.0
913.0
887.25
823.0
840.25
891.5
865.75
795.75
815.25
865.25
840.0
771.0
788.75
842.25
814.25
745.75
765.0
817.0
790.25
719.75
740.25
791.75
767.5
692.75
715.0
766.75
746.75
667.0
684.75
743.5
721.75
641.75
658.25
720.25
695.25
613.0
634.25
699.5
667.75
589.25
611.75
673.25
646.0
565.75
582.75
647.5
620.0
538.0
562.75
621.25
598.0
516.0
528.75
599.25
577.75
490.25
499.5
574.5
553.5
467.25
472.0
549.25
523.5
449.0
448.25
521.25
502.0
417.5
420.5
502.0
471.5
397.25
402.25
471.0
448.75
372.5
377.0
443.75
426.0
351.75
348.25
416.0
392.5
331.0
332.0
386.5
343.75
311.0
313.75
373.5
313.75
296.75
294.75
336.75
308.5
273.0
262.25
298.25
265.75
251.0
246.5
278.75
249.0
221.75
213.0
258.25
228.0
186.25
192.75
235.0
208.75
161.25
169.0
203.0
177.5
143.5
144.0
177.0
151.5
119.0
119.0
152.5
123.75
101.25
91.75
125.25
74.5
78.75
69.25
119.5
44.75
63.0
47.75
86.5
40.75
47.25
22.25
31.75
4.0
16.75
16.0
5.25
