2.485339641571045
2.4854024052619934
2.4854772090911865
2.4855451583862305
2.4570533633232117
2.4571202993392944
2.4571720957756042
2.4572330713272095
2.5277592539787292
2.5278114676475525
2.527859926223755
2.5279064178466797
2.4894924759864807
2.489602744579315
2.489663004875183
2.4897172451019287
2.450923442840576
2.451018273830414
2.4510769844055176
2.4511260390281677
2.4393985271453857
2.4394569993019104
2.439506769180298
2.439554452896118
2.406051278114319
2.406102180480957
2.4061492681503296
2.4062079787254333
2.409089505672455
2.4091569781303406
2.4092135429382324
2.409265697002411
2.419036328792572
2.419092297554016
2.4191477298736572
2.4191980361938477
2.5983670353889465
2.598416030406952
2.598462760448456
2.5985092520713806
2.567633032798767
2.5676905512809753
2.5677367448806763
2.567795753479004
2.8089855313301086
2.8090425729751587
2.809104800224304
2.809155523777008
2.835028052330017
2.835083305835724
2.835134506225586
2.835182845592499
3.008031964302063
3.008143186569214
3.0082039833068848
3.008277475833893
2.994933545589447
2.994984805583954
2.9950305223464966
2.9950767755508423
3.2297940254211426
3.229843258857727
3.2298889756202698
3.229931592941284
3.2381659150123596
3.2382761240005493
3.238330900669098
3.2383821606636047
3.167799711227417
3.1678526997566223
3.1679025292396545
3.1679487824440002
3.1729177236557007
3.1729736924171448
3.1730234622955322
3.1730740070343018
3.1295400261878967
3.12959223985672
3.12964004278183
3.129685342311859
3.120612323284149
3.120671331882477
3.120725095272064
3.120814800262451
3.1210902333259583
3.1211472749710083
3.121202230453491
3.121252477169037
3.0833176970481873
3.083370625972748
3.0894269347190857
3.089484989643097
3.274728536605835
3.2747820615768433
3.2748302817344666
3.274876058101654
3.28129380941391
3.2813469767570496
3.281392455101013
3.281436502933502
3.2448302507400513
3.244885206222534
3.2449342608451843
3.244982957839966
3.4247857332229614
3.424843966960907
3.4248902201652527
3.424942910671234
3.4392020106315613
3.43925404548645
3.439300298690796
3.4393457770347595
3.4607702493667603
3.460821747779846
3.460866332054138
3.460914731025696
3.6508832573890686
3.6509342789649963
3.6509830355644226
3.651026725769043
3.6503825187683105
3.6504347920417786
3.650501310825348
3.6505500078201294
3.9054532051086426
3.905508518218994
3.905554950237274
3.9055976271629333
3.9106475114822388
3.9106990098953247
3.9107419848442078
3.9107829332351685
3.876321256160736
3.8763720393180847
3.8764172196388245
3.8764597177505493
3.877183258533478
3.8772427439689636
3.877300977706909
3.8773635029792786
3.8438647389411926
3.8439257740974426
3.843982219696045
3.844029426574707
3.8100372552871704
3.8100867867469788
3.8101360201835632
3.810177266597748
3.84096497297287
3.8410187363624573
3.8410672545433044
3.841117203235626
4.0215442180633545
4.021597504615784
4.021644473075867
4.021690249443054
4.065129220485687
4.065185010433197
4.0652342438697815
4.065295517444611
4.2298667430877686
4.229929029941559
4.22998046875
4.23002827167511
4.273464500904083
4.273520231246948
4.273573219776154
4.273621737957001
4.206122994422913
4.206173598766327
4.206219673156738
4.206264436244965
4.227525055408478
4.227618217468262
4.227668762207031
4.227713704109192
4.200159072875977
4.200231313705444
4.2002792954444885
4.200322985649109
4.199922561645508
4.199972331523895
4.200017809867859
4.2000603675842285
4.416462481021881
4.41651451587677
4.416559517383575
4.416602432727814
4.409690201282501
4.4097424149513245
4.409788489341736
4.409832417964935
4.404313743114471
4.404361546039581
4.404403507709503
4.404454827308655
4.442423701286316
4.442482233047485
4.442526936531067
4.4425830245018005
4.401952266693115
4.402042746543884
4.402104198932648
4.402147710323334
4.6290207505226135
4.629069268703461
4.6291117668151855
4.629161059856415
4.603885531425476
4.603936791419983
4.603982031345367
4.604025840759277
4.614208519458771
4.614269018173218
4.614318490028381
4.614364445209503
4.625971078872681
4.626029789447784
4.626077592372894
4.626123368740082
4.644044995307922
4.644095480442047
4.6441415548324585
4.6441850066185
4.608392298221588
4.608449757099152
4.608495771884918
4.608539044857025
4.607474684715271
4.607524931430817
4.607569694519043
4.60761296749115
4.6343910694122314
4.634457528591156
4.634502410888672
4.634545743465424
4.619232177734375
4.619282245635986
4.619327485561371
4.619370460510254
4.659467995166779
4.659516751766205
4.659568250179291
4.6596110463142395
4.706400275230408
4.706448256969452
4.706490516662598
4.706542074680328
4.738936185836792
4.738983690738678
4.739024758338928
4.739064455032349
4.776736557483673
4.776792764663696
4.776836037635803
4.776877522468567
4.820303797721863
4.820365786552429
4.820412278175354
4.820491194725037
4.833080530166626
4.8331263065338135
4.833166778087616
4.833206236362457
4.785390257835388
4.7854596972465515
4.785505473613739
4.785549461841583
4.852974951267242
4.853021264076233
4.8530625104904175
4.853101909160614
4.89015132188797
4.890205800533295
4.89025354385376
4.890297532081604
4.984311938285828
4.984364688396454
4.984411299228668
4.984461188316345
5.00674694776535
5.006804466247559
5.006850719451904
5.006896495819092
5.017417252063751
5.017471671104431
5.017523944377899
5.017570734024048
5.11167848110199
5.111741483211517
5.111801207065582
5.111850261688232
5.074726760387421
5.074785947799683
5.074838280677795
5.074884474277496
5.162097215652466
5.162152290344238
5.1621997356414795
5.1622461676597595
5.176049768924713
5.176098704338074
5.176143288612366
5.176186740398407
5.204971790313721
5.205027759075165
5.205076098442078
5.2051215171813965
5.257312476634979
5.257371485233307
5.257418513298035
5.257463157176971
5.229101777076721
5.229155719280243
5.229203701019287
5.2292487025260925
5.32595682144165
5.326041281223297
5.326091527938843
5.326141536235809
5.390934526920319
5.390995442867279
5.391047716140747
5.391149461269379
5.469651758670807
5.469729781150818
5.469785094261169
5.469849050045013
5.525838673114777
5.525897264480591
5.525952458381653
5.526010751724243
5.45632803440094
5.4563828110694885
5.456430792808533
5.4564767479896545
5.483069181442261
5.483124196529388
5.4831714034080505
5.483217239379883
5.516488254070282
5.516541004180908
5.516587257385254
5.516631722450256
5.586652934551239
5.586702942848206
5.586745977401733
5.586787223815918
5.561223268508911
5.561280250549316
5.561326265335083
5.561371982097626
5.754399418830872
5.754456698894501
5.7545031905174255
5.754546940326691
5.621457457542419
5.621528685092926
5.621576726436615
5.621635019779205
5.709929585456848
5.710005283355713
5.710062086582184
5.710113823413849
5.733430743217468
5.733486771583557
5.7335324883461
5.733606994152069
5.7982257604599
5.798280477523804
5.798332691192627
5.798378765583038
5.799035608768463
5.799089431762695
5.7991421818733215
5.799211382865906
5.706249296665192
5.706310033798218
5.7063615918159485
5.706409573554993
5.672182679176331
5.672253489494324
5.672304213047028
5.672351956367493
5.582605540752411
5.582656562328339
5.582701504230499
5.582745611667633
5.781284689903259
5.781344950199127
5.781393766403198
5.781446754932404
5.717285692691803
5.717336177825928
5.717381656169891
5.717478454113007
5.703184247016907
5.7032395005226135
5.703322529792786
5.70338499546051
5.629394769668579
5.629449546337128
5.62949925661087
5.629562675952911
5.564647555351257
5.564702272415161
5.564754545688629
5.564801096916199
5.86914449930191
5.869199991226196
5.869249761104584
5.869297564029694
5.741458296775818
5.74151474237442
5.741568028926849
5.741615295410156
6.134846448898315
6.134935081005096
6.134984254837036
6.135039567947388
6.372049987316132
6.37210750579834
6.372158765792847
6.372206747531891
6.197486400604248
6.197539448738098
6.1975932121276855
6.19767302274704
6.277252554893494
6.277323305606842
6.277391314506531
6.277439296245575
5.886618733406067
5.886687695980072
5.886740565299988
5.886797249317169
5.724209785461426
5.724263250827789
5.724320232868195
5.724364459514618
5.607772886753082
5.607843220233917
5.607892453670502
5.607937157154083
5.430317759513855
5.43036949634552
5.430415213108063
5.430461287498474
6.0625282526016235
6.062606751918793
6.062658250331879
6.062710225582123
6.358390033245087
6.358440816402435
6.3584887981414795
6.358535528182983
6.155191659927368
6.155242443084717
6.15528792142868
6.155331671237946
6.0135617852211
6.01363468170166
6.013684272766113
6.01373678445816
6.480149447917938
6.480212211608887
6.480262756347656
6.4803115129470825
6.492673754692078
6.49272894859314
6.492776453495026
6.492822170257568
6.607835531234741
6.607890248298645
6.607937514781952
6.607982039451599
6.506379067897797
6.50644326210022
6.506493091583252
6.506547033786774
6.813759982585907
6.8138216733932495
6.813872933387756
6.813935935497284
6.725967466831207
6.72602778673172
6.726145684719086
6.726221024990082
6.851256608963013
6.851320207118988
6.851383924484253
6.851446211338043
6.939791023731232
6.939865469932556
6.939916789531708
6.939964473247528
6.914783716201782
6.914845407009125
6.914896667003632
6.914960503578186
7.1308934688568115
7.130955457687378
7.131007194519043
7.131056487560272
7.259886026382446
7.25995534658432
7.260008096694946
7.260057985782623
7.525391757488251
7.525527238845825
7.5255836844444275
7.525650978088379
7.415538549423218
7.4156137108802795
7.415667772293091
7.415718734264374
7.382156491279602
7.382213890552521
7.382265269756317
7.38231348991394
7.560168504714966
7.560228765010834
7.560279726982117
7.560332775115967
7.899098753929138
7.899167537689209
7.899219870567322
7.899270296096802
7.8313610553741455
7.831437289714813
7.83150577545166
7.831555068492889
8.236988186836243
8.237056255340576
8.237110495567322
8.23716115951538
8.222864747047424
8.222931981086731
8.222988784313202
8.223039746284485
8.544013738632202
8.544082522392273
8.544168531894684
8.544240534305573
8.455763280391693
8.455824255943298
8.455874979496002
8.45592349767685
9.145995318889618
9.146076798439026
9.146131753921509
9.146219968795776
9.412519335746765
9.412598252296448
9.412652552127838
9.412703275680542
9.522415339946747
9.522481322288513
9.52253407239914
9.5225830078125
9.573743999004364
9.573809325695038
9.57386201620102
9.573931634426117
9.918623983860016
9.918696463108063
9.918799936771393
9.91885495185852
9.907699227333069
9.907775223255157
9.907830238342285
9.907882034778595
10.18488872051239
10.184958934783936
10.185011625289917
10.18507695198059
10.39632272720337
10.396383702754974
10.396434485912323
10.396483480930328
10.425201773643494
10.425269484519958
10.425322771072388
10.425373017787933
10.400605022907257
10.400670528411865
10.400721967220306
10.400771021842957
10.606727004051208
10.606785774230957
10.606837749481201
10.606887519359589
10.794001340866089
10.794071555137634
10.794123530387878
10.794172883033752
10.854801714420319
10.854863166809082
10.854914724826813
10.854962706565857
11.700179755687714
11.700291335582733
11.700365245342255
11.700418472290039
11.572723269462585
11.572787046432495
11.572839260101318
11.572889506816864
11.475156962871552
11.47521322965622
11.475261986255646
11.475308775901794
11.447256207466125
11.44732004404068
11.447372496128082
11.447423279285431
11.186591029167175
11.18665599822998
11.186709523200989
11.186757504940033
11.983362793922424
11.983419477939606
11.983473002910614
11.983519732952118
11.767953276634216
11.768009781837463
11.76805955171585
11.76810771226883
11.722861528396606
11.722927689552307
11.722978949546814
11.723027765750885
12.090317070484161
12.090375781059265
12.090428233146667
12.090475499629974
12.033131301403046
12.033193707466125
12.03324407339096
12.033292591571808
12.268344521522522
12.268412113189697
12.268464088439941
12.268513083457947
12.141205251216888
12.14127504825592
12.141336679458618
12.141394019126892
12.083900451660156
12.083957731723785
12.084011733531952
12.084060192108154
12.325080931186676
12.32514500617981
12.32519644498825
12.32524448633194
12.904405236244202
12.904467523097992
12.904518246650696
12.904566764831543
12.823808193206787
12.823877990245819
12.823964715003967
12.82401317358017
12.660486996173859
12.660543024539948
12.660593509674072
12.660654962062836
12.560578465461731
12.560643911361694
12.560695707798004
12.560744225978851
13.235451698303223
13.235519170761108
13.235570669174194
13.235619902610779
13.559428572654724
13.559493482112885
13.559546530246735
13.559596300125122
14.222661554813385
14.22273075580597
14.222780764102936
14.2228462100029
14.178435802459717
14.178498089313507
14.17854928970337
14.178597569465637
14.0099116563797
14.009979128837585
14.010047674179077
14.01010549068451
13.831054508686066
13.831114530563354
13.831174552440643
13.831227779388428
13.633129715919495
13.633189260959625
13.633238911628723
13.63328641653061
13.454274594783783
13.45433235168457
13.454381763935089
13.454429566860199
13.826400816440582
13.826458215713501
13.826513051986694
13.826562285423279
13.547446250915527
13.547510027885437
13.547560513019562
13.547609031200409
14.449506223201752
14.449561297893524
14.449608981609344
14.449656069278717
14.212930977344513
14.212986528873444
14.213034749031067
14.21308046579361
13.990900218486786
13.990951478481293
13.990997016429901
13.991041004657745
14.571993708610535
14.572047352790833
14.572093904018402
14.572138667106628
14.660043239593506
14.66009795665741
14.660145998001099
14.660192728042603
14.49495780467987
14.495012760162354
14.495061576366425
14.495108783245087
14.302188277244568
14.302239835262299
14.302285552024841
14.302330255508423
14.094395518302917
14.094448328018188
14.094495356082916
14.09454083442688
14.135621309280396
14.135681331157684
14.13572871685028
14.135773777961731
14.303966522216797
14.304022550582886
14.304070770740509
14.304118275642395
14.04274207353592
14.042796015739441
14.04284381866455
14.042889773845673
13.755135715007782
13.755190968513489
13.755238234996796
13.75528371334076
15.122797966003418
15.12285327911377
15.122902691364288
15.122949957847595
14.96625542640686
14.966310679912567
14.966359615325928
14.966407358646393
14.79556143283844
14.795619487762451
14.795667231082916
14.795713722705841
14.589637756347656
14.58969247341156
14.58974027633667
14.58978646993637
14.361852407455444
14.36190801858902
14.361957252025604
14.36200475692749
14.136688232421875
14.136743187904358
14.136790990829468
14.136837482452393
14.536676466464996
14.536730945110321
14.536779224872589
14.536826014518738
13.903907775878906
13.903963506221771
13.904016613960266
13.904064059257507
13.40036129951477
13.400415480136871
13.400463998317719
13.400509715080261
14.363455653190613
14.363512754440308
14.363561630249023
14.363609671592712
14.107073307037354
14.107130289077759
14.107179820537567
14.107228100299835
13.776257038116455
13.776311814785004
13.776359796524048
13.776405811309814
14.195962727069855
14.196022987365723
14.196086466312408
14.196156740188599
14.814292252063751
14.81434977054596
14.814398050308228
14.814477980136871
15.13578450679779
15.13584178686142
15.135910511016846
15.135960459709167
14.858191967010498
14.858248233795166
14.858300983905792
14.85834926366806
15.05664849281311
15.056702971458435
15.056752502918243
15.05679976940155
15.062298059463501
15.0623659491539
15.062424719333649
15.062474012374878
14.857778012752533
14.857839465141296
14.857889294624329
14.857987999916077
14.622429251670837
14.622512519359589
14.622573018074036
14.622641265392303
14.60340827703476
14.603495299816132
14.60355257987976
14.60361921787262
14.23018729686737
14.230257749557495
14.230305969715118
14.230362713336945
14.24318552017212
14.243266105651855
14.243327856063843
14.243381977081299
14.642085492610931
14.64214026927948
14.642188966274261
14.642235457897186
14.313469231128693
14.31352424621582
14.313573479652405
14.31361997127533
14.320167899131775
14.320223450660706
14.320276975631714
14.320325255393982
13.958532214164734
13.958586692810059
13.958635449409485
13.958682417869568
14.625563025474548
14.625617027282715
14.625664472579956
14.625711977481842
14.34112149477005
14.341176748275757
14.341228008270264
14.341273486614227
14.736406743526459
14.736461460590363
14.736509561538696
14.736556053161621
14.668197214603424
14.66826468706131
14.668314754962921
14.66836142539978
15.21375024318695
15.213805317878723
15.21385532617569
15.21390300989151
15.010127484798431
15.010188221931458
15.010239064693451
15.010286748409271
15.129576027393341
15.129634499549866
15.12968647480011
15.12973403930664
14.885860919952393
14.885916769504547
14.885965645313263
14.886013448238373
14.57295536994934
14.573011696338654
14.573061406612396
14.573110938072205
15.161907434463501
15.161966681480408
15.162018716335297
15.162068963050842
15.441753804683685
15.441811501979828
15.441862225532532
15.441919267177582
15.424030482769012
15.424086451530457
15.424136221408844
15.424183964729309
15.139129042625427
15.139183223247528
15.139232993125916
15.139279246330261
14.844165742397308
14.84422117471695
14.844273924827576
14.844323754310608
14.340517282485962
14.340572476387024
14.34062111377716
14.340667843818665
14.11562466621399
14.115677773952484
14.115724980831146
14.11577045917511
15.126887500286102
15.126944720745087
15.126998484134674
15.12704449892044
15.775749504566193
15.775803029537201
15.775851249694824
15.775897741317749
15.468605935573578
15.468660414218903
15.468709468841553
15.46877270936966
15.208942472934723
15.20899522304535
15.209042012691498
15.209087252616882
14.937500298023224
14.937556326389313
14.937605381011963
14.937652289867401
14.675019443035126
14.675077736377716
14.6751269698143
14.675174534320831
15.261933505535126
15.261990547180176
15.26204401254654
15.262090861797333
15.729215443134308
15.729272246360779
15.729322493076324
15.729369640350342
15.505785524845123
15.505839586257935
15.505886793136597
15.505946576595306
15.610096275806427
15.610192000865936
15.610317528247833
15.61038875579834
15.310876727104187
15.310929536819458
15.310976684093475
15.311021268367767
15.872560203075409
15.872613370418549
15.87266194820404
15.872707426548004
15.596691966056824
15.596747279167175
15.596795678138733
15.596853494644165
15.313811957836151
15.313865780830383
15.313912987709045
15.31396347284317
15.21609753370285
15.216156721115112
15.21620398759842
15.216249287128448
14.936487317085266
14.936563551425934
14.93663203716278
14.93668133020401
15.032754480838776
15.032809317111969
15.032857537269592
15.032904207706451
15.10880732536316
15.108861804008484
15.108909845352173
15.108956277370453
14.75030118227005
14.750357449054718
14.750406980514526
14.750454246997833
14.603573441505432
14.603628993034363
14.603677749633789
14.603724718093872
14.482697069644928
14.482755661010742
14.482805013656616
14.482871294021606
15.037742674350739
15.037797689437866
15.037846863269806
15.03789347410202
14.966548442840576
14.966640710830688
14.966691970825195
14.966739773750305
14.88895070552826
14.889005720615387
14.88905417919159
14.889100968837738
14.763165533542633
14.763218998908997
14.76327782869339
14.763325989246368
15.159753441810608
15.159809172153473
15.159856975078583
15.15990298986435
14.8858882188797
14.885941922664642
14.885989904403687
14.886035978794098
14.560023725032806
14.560085237026215
14.560149908065796
14.560198485851288
14.919464826583862
14.919524252414703
14.919572532176971
14.919619262218475
14.478194773197174
14.478249609470367
14.478316247463226
14.478364288806915
14.286251902580261
14.28630518913269
14.28635162115097
14.28639668226242
15.12658303976059
15.126648843288422
15.12669724225998
15.126743495464325
15.7719287276268
15.771980941295624
15.77202695608139
15.772071719169617
15.702841997146606
15.702897310256958
15.702944695949554
15.702991247177124
15.51436597108841
15.514420926570892
15.514469385147095
15.514514982700348
16.120113849639893
16.120173513889313
16.120231986045837
16.120285511016846
15.905955016613007
15.90600723028183
15.906054019927979
15.906098484992981
16.234473764896393
16.234526455402374
16.23457247018814
16.234617710113525
15.945777535438538
15.945833027362823
15.945880770683289
15.9459268450737
15.746141016483307
15.746193766593933
15.746242046356201
15.746287763118744
15.422868490219116
15.422922968864441
15.42296975851059
15.423015236854553
15.096937239170074
15.096990704536438
15.097037017345428
15.097094476222992
14.811410307884216
14.811463296413422
14.811512768268585
14.81155800819397
14.596486568450928
14.596542298793793
14.596591472625732
14.596638560295105
14.84798377752304
14.848037302494049
14.848084032535553
14.848141252994537
15.021658480167389
15.021712183952332
15.021759986877441
15.021805703639984
14.931555926799774
14.93160992860794
14.931658208370209
14.931704938411713
14.792840659618378
14.792899429798126
14.792948246002197
14.792994499206543
14.760040998458862
14.760101318359375
14.76016080379486
14.760209798812866
14.952763199806213
14.952817261219025
14.952865242958069
14.952911972999573
15.083802044391632
15.083859980106354
15.083908259868622
15.083953976631165
14.80608731508255
14.806144058704376
14.806200802326202
14.806249260902405
15.079107224941254
15.079158425331116
15.079216718673706
15.079274892807007
14.941935777664185
14.941989004611969
14.942035496234894
14.942084014415741
14.912032008171082
14.912088572978973
14.912136018276215
14.912180840969086
14.89663851261139
14.896691024303436
14.896736741065979
14.896781504154205
14.672003448009491
14.672057151794434
14.672104179859161
14.672149956226349
14.7576704621315
14.757729887962341
14.757778406143188
14.757836163043976
14.696554005146027
14.696607291698456
14.69665652513504
14.696701765060425
14.688510060310364
14.68856656551361
14.688616514205933
14.6886647939682
14.520989000797272
14.521049737930298
14.521108746528625
14.52115648984909
14.571500778198242
14.571556031703949
14.571605384349823
14.571652293205261
14.673223555088043
14.673279047012329
14.673328340053558
14.673375070095062
14.611633956432343
14.611685514450073
14.611731052398682
14.611774504184723
14.800493955612183
14.800548017024994
14.800604045391083
14.800652742385864
14.781355023384094
14.781408250331879
14.781455278396606
14.781499683856964
14.670125663280487
14.670180201530457
14.670227944850922
14.670273244380951
14.759678483009338
14.759739696979523
14.759786188602448
14.759830236434937
14.777206003665924
14.77725875377655
14.777311027050018
14.777360022068024
14.790275037288666
14.790327489376068
14.790378510951996
14.790424108505249
14.748945713043213
14.749000489711761
14.749048471450806
14.749094724655151
14.478221416473389
14.478276431560516
14.478325188159943
14.478383958339691
14.69697493314743
14.697029769420624
14.697078227996826
14.697124481201172
14.75954270362854
14.759599506855011
14.759648203849792
14.759695529937744
14.693017721176147
14.693075299263
14.693122506141663
14.693168222904205
14.922514498233795
14.922571778297424
14.922617554664612
14.922662496566772
14.751824498176575
14.751872777938843
14.751918494701385
14.751960217952728
14.796523749828339
14.796576499938965
14.796623289585114
14.796668231487274
14.629496216773987
14.629557192325592
14.629634976387024
14.629687190055847
14.741287767887115
14.741345524787903
14.741406500339508
14.741455495357513
14.80436897277832
14.804431438446045
14.804492473602295
14.804549515247345
14.877572774887085
14.87764298915863
14.877693772315979
14.877761244773865
14.872635245323181
14.872702717781067
14.872754454612732
14.872832953929901
15.047816216945648
15.047872483730316
15.047933220863342
15.048006772994995
14.851406216621399
14.851476311683655
14.851525843143463
14.851573050022125
14.860680639743805
14.860737800598145
14.860788345336914
14.860836625099182
14.691616177558899
14.691674947738647
14.691725730895996
14.691774666309357
14.895309567451477
14.895392954349518
14.895449042320251
14.895507514476776
15.003504037857056
15.00356251001358
15.003613471984863
15.003662765026093
15.06368625164032
15.063762247562408
15.0638267993927
15.063886523246765
14.84162449836731
14.841702997684479
14.841768980026245
14.841825008392334
14.630667686462402
14.630730032920837
14.630781710147858
14.630830764770508
14.866215527057648
14.866273999214172
14.866324722766876
14.866381049156189
15.093365967273712
15.093438982963562
15.093493103981018
15.093546092510223
14.877044975757599
14.877106547355652
14.877175331115723
14.87722772359848
15.053885281085968
15.053959965705872
15.054012715816498
15.054062247276306
15.149406969547272
15.149466514587402
15.149518013000488
15.149568498134613
15.184318125247955
15.184402406215668
15.184497117996216
15.18457305431366
14.923887729644775
14.923947274684906
14.923998236656189
14.924061238765717
14.955892741680145
14.955951750278473
14.956016659736633
14.956090450286865
15.136777698993683
15.136841297149658
15.136906027793884
15.136987507343292
15.23928451538086
15.23934280872345
15.23939424753189
15.23946350812912
15.21336454153061
15.21342158317566
15.213471829891205
15.213520050048828
15.101080000400543
15.10113650560379
15.10118693113327
15.101235926151276
15.126590013504028
15.126647710800171
15.1266970038414
15.126744508743286
15.252651572227478
15.252715229988098
15.252780258655548
15.25282770395279
15.190074265003204
15.19013226032257
15.190182507038116
15.190229773521423
15.034307837486267
15.034362554550171
15.034421563148499
15.034478545188904
15.057463109493256
15.057519018650055
15.057568550109863
15.057632267475128
15.407452940940857
15.407511413097382
15.40756219625473
15.4076127409935
15.286066472530365
15.286129653453827
15.286189496517181
15.286266684532166
15.208578526973724
15.208637297153473
15.208690524101257
15.208743810653687
15.110510289669037
15.110566794872284
15.110616743564606
15.11066484451294
15.213347673416138
15.21340399980545
15.213453948497772
15.213501214981079
15.284912467002869
15.284969985485077
15.28502070903778
15.285069704055786
15.363251507282257
15.363307237625122
15.363356947898865
15.363403916358948
15.276346683502197
15.276401996612549
15.276451706886292
15.276498436927795
15.222753524780273
15.222811043262482
15.222862243652344
15.22291100025177
15.23479276895523
15.234848320484161
15.234897077083588
15.234943807125092
15.31506472826004
15.315131783485413
15.315190732479095
15.315258264541626
15.258494913578033
15.258550465106964
15.258598625659943
15.258644878864288
15.314137041568756
15.31420749425888
15.314259827136993
15.314308822154999
15.193447291851044
15.193517029285431
15.193567752838135
15.19361525774002
15.388846218585968
15.388901710510254
15.388972997665405
15.389034748077393
15.349390685558319
15.349453508853912
15.349517524242401
15.349576532840729
15.273295760154724
15.27335125207901
15.273400962352753
15.273447453975677
15.255571782588959
15.25562995672226
15.255679547786713
15.255727052688599
15.240994274616241
15.241050243377686
15.24110347032547
15.241157472133636
15.22770357131958
15.227759718894958
15.227810204029083
15.227856993675232
15.144628345966339
15.144684791564941
15.144734799861908
15.144782841205597
15.415269911289215
15.415329933166504
15.415378510951996
15.415425479412079
15.268539190292358
15.268593430519104
15.268641233444214
15.268687427043915
15.300842761993408
15.30090743303299
15.300958752632141
15.301006257534027
15.201341927051544
15.201398730278015
15.201452016830444
15.201501965522766
15.349494218826294
15.349549412727356
15.349598705768585
15.349645674228668
15.30650544166565
15.306558966636658
15.30660492181778
15.306649267673492
15.359927356243134
15.359983086585999
15.36003178358078
15.360078275203705
15.288614273071289
15.288669466972351
15.288715243339539
15.288759708404541
15.230045557022095
15.230100274085999
15.230145752429962
15.230189800262451
