5.786994655927022
5.787081678708394
6.0211256345113116
6.021191994349162
5.993033289909363
5.8485928773880005
5.896683692932129
5.896749059359233
6.104760646820068
6.104824821154277
6.215515494346619
6.165362000465393
6.189117868741353
6.189175645510356
6.137024124463399
6.137092471122742
6.22157883644104
6.389641682306926
6.411223649978638
6.411283651987712
6.396371841430664
6.3966851234436035
6.440397659937541
6.519709626833598
6.621857325236003
6.621923804283142
6.553784330685933
6.553884784380595
6.603624542554219
6.593307058016459
6.598472595214844
6.598551472028096
6.779921174049377
6.780114849408467
6.755414009094238
6.719509840011597
6.665996233622233
6.66608452796936
7.013956983884175
7.014041503270467
7.135796308517456
7.1151756048202515
7.052550633748372
7.052606503168742
7.178087035814921
7.17814572652181
7.159311016400655
7.117559274037679
7.210168321927388
7.210220813751221
7.275904258092244
7.2759766181310015
7.251856168111165
7.209182699521382
7.17276664574941
7.172821521759033
7.431062976519267
7.431124846140544
7.40920627117157
7.584847092628479
7.427291433016459
7.427341977755229
7.4179311990737915
7.4179847240448
7.503071824709575
7.522275010744731
7.501005371411641
7.501070539156596
7.53058119614919
7.5306631326675415
7.583486835161845
7.542094985644023
7.540201028188069
7.540253520011902
7.621904452641805
7.621960282325745
7.573065320650737
7.574612458546956
7.561627149581909
7.561711470286052
7.657911737759908
7.657979965209961
7.6499098141988116
7.594447652498881
7.753943641980489
7.753995418548584
7.730380018552144
7.730446020762126
7.820078531901042
7.825662732124329
8.00298043092092
8.003029425938925
7.870540221532186
7.870596845944722
7.86209503809611
7.903925895690918
7.938963333765666
7.939013242721558
7.849153598149617
7.8492270310719805
7.976093490918477
8.038191159566244
8.007832010587057
8.007895827293396
7.842315475145976
7.842379212379456
8.011913458506266
8.0526815255483
8.077065229415894
8.077116250991821
8.146572232246399
8.146631836891174
8.123069286346436
8.219744165738424
8.216686010360718
8.216744820276896
8.22318720817566
8.223248163859049
8.201462586720785
8.170239011446634
8.13857881228129
8.138640522956848
8.093902627627054
8.093955794970194
8.098305145899454
8.092153628667196
8.13960059483846
8.139649192492167
8.05674397945404
8.056796789169312
8.082728187243143
8.046043793360392
8.045475641886393
8.045524636904398
8.091414411862692
8.091469248135885
8.095562100410461
8.130444208780924
8.115485270818075
8.115557392438253
8.265758275985718
8.26583500703176
8.332069158554077
8.38796333471934
8.363046884536743
8.363098502159119
8.367942651112875
8.368011991182962
8.341289639472961
8.292885700861612
8.268779873847961
8.26883351802826
8.21406618754069
8.21412738164266
8.195151845614115
8.209039370218912
8.266162991523743
8.26622732480367
8.207070708274841
8.207167824109396
8.253754814465841
8.376263419787088
8.42095379034678
8.421006123224894
8.450257500012716
8.450314998626709
8.373697201410929
8.332854628562927
8.318658630053202
8.318718473116556
8.342596689860025
8.342654347419739
8.330381870269775
8.377380530039469
8.455113490422567
8.455164353052774
8.486579100290934
8.486636439959208
8.559137145678202
8.54874050617218
8.531323631604513
8.531373858451843
8.492211302121481
8.492269515991211
8.50067150592804
8.698421478271484
8.682024717330933
8.682079315185547
8.721135020256042
8.721193512280783
8.79638667901357
8.850446661313375
8.730119665463766
8.730169971783956
8.725903471310934
8.725955486297607
8.701220472653707
8.653962055842081
8.647005558013916
8.647058208783468
8.873282869656881
8.873348991076151
8.876785278320312
8.836650848388672
8.82337220509847
8.823422511418661
8.768359978993734
8.768421332041422
8.857862869898478
9.012079040209452
8.998719334602356
8.99877937634786
9.098049680391947
9.098105907440186
9.082070469856262
9.042720158894857
9.026295185089111
9.02634565035502
8.96276875336965
8.962833523750305
9.143842458724976
9.136553168296814
9.112245996793112
9.112300833066305
9.057607849438986
9.057664831479391
9.027607361475626
9.216066479682922
9.194775104522705
9.194830060005188
9.35099462668101
9.351051449775696
9.339391827583313
9.306450088818869
9.524033943812052
9.52408997217814
9.45440149307251
9.454457600911459
9.433580676714579
9.401635011037191
9.384746313095093
9.384806672732035
9.32093334197998
9.321001529693604
9.304861505826315
9.268149733543396
9.243892153104147
9.243943015734354
