841.8333333333334
1293.0
1198.3333333333333
1021.3333333333334
1030.1666666666667
1361.1666666666667
760.1666666666666
1215.5
1242.6666666666667
963.0
1231.6666666666667
1324.5
1078.5
1317.0
1368.3333333333333
1045.3333333333333
1266.8333333333333
1320.6666666666667
995.1666666666666
1231.5
1270.5
962.0
1164.6666666666667
1237.3333333333333
919.3333333333334
1107.3333333333333
1187.1666666666667
902.8333333333334
1023.8333333333334
1154.0
869.3333333333334
957.3333333333334
1103.8333333333333
852.8333333333334
873.8333333333334
1070.6666666666667
819.3333333333334
807.3333333333334
1020.5
2885.0
736.3333333333334
987.3333333333334
2818.1666666666665
703.1666666666666
1959.5
2768.3333333333335
666.3333333333334
1909.6666666666667
2701.5
649.8333333333334
1842.8333333333333
2651.6666666666665
616.3333333333334
1793.0
2584.8333333333335
599.8333333333334
1742.1666666666667
2535.0
550.3333333333334
1709.0
3515.1666666666665
517.3333333333334
1658.8333333333333
3448.6666666666665
483.8333333333333
1625.6666666666667
3365.1666666666665
467.3333333333333
1575.5
3298.6666666666665
433.8333333333333
1542.3333333333333
3215.1666666666665
417.3333333333333
1492.1666666666667
3148.6666666666665
383.8333333333333
1459.0
3065.1666666666665
367.3333333333333
1408.8333333333333
2998.6666666666665
333.8333333333333
1375.6666666666667
2915.1666666666665
317.3333333333333
1325.5
2848.6666666666665
283.8333333333333
1292.3333333333333
2774.1666666666665
1294.1666666666667
1267.8333333333333
3708.8333333333335
276.1666666666667
2202.5
2674.1666666666665
1194.1666666666667
1234.5
3508.8333333333335
276.1666666666667
2069.1666666666665
2574.1666666666665
1094.1666666666667
1201.1666666666667
3308.8333333333335
1311.3333333333333
1936.6666666666667
3492.6666666666665
1011.6666666666666
2169.6666666666665
3143.0
1261.3333333333333
1853.3333333333333
3342.6666666666665
961.6666666666666
2086.3333333333335
2993.0
1211.3333333333333
1770.0
3192.6666666666665
911.6666666666666
2003.0
2843.0
1161.3333333333333
1686.6666666666667
3042.6666666666665
861.6666666666666
1919.6666666666667
2693.0
1111.3333333333333
1603.3333333333333
2892.6666666666665
811.6666666666666
1836.3333333333333
2543.0
1061.3333333333333
1520.0
2742.6666666666665
761.6666666666666
1753.0
2393.0
1011.3333333333334
1436.6666666666667
2592.6666666666665
711.6666666666666
1669.6666666666667
2243.0
961.3333333333334
1353.3333333333333
2442.6666666666665
661.6666666666666
1586.3333333333333
2093.0
911.3333333333334
1270.0
2292.6666666666665
611.6666666666666
1503.0
1943.0
861.3333333333334
1186.6666666666667
2142.6666666666665
561.6666666666666
1419.6666666666667
1793.0
811.3333333333334
1103.3333333333333
1992.6666666666667
511.6666666666667
1336.3333333333333
1643.0
761.3333333333334
1020.0
1842.6666666666667
461.6666666666667
1253.0
1493.0
711.3333333333334
936.6666666666666
1692.6666666666667
411.6666666666667
1169.6666666666667
1343.0
661.3333333333334
853.3333333333334
1542.6666666666667
361.6666666666667
1086.3333333333333
1193.0
607.1666666666666
774.1666666666666
1371.8333333333333
332.5
967.3333333333334
1078.6666666666667
525.6666666666666
722.3333333333334
1207.0
297.3333333333333
893.8333333333334
918.8333333333334
501.6666666666667
613.0
1083.0
221.33333333333334
826.6666666666666
752.6666666666666
451.6666666666667
529.6666666666666
933.0
171.33333333333334
738.6666666666666
607.3333333333334
397.0
451.0
778.3333333333334
126.0
655.3333333333334
457.3333333333333
330.6666666666667
384.0
595.3333333333334
109.0
522.3333333333334
357.0
230.66666666666666
333.1666666666667
412.8333333333333
109.0
349.0
297.0
130.66666666666666
260.6666666666667
257.6666666666667
103.33333333333333
204.66666666666666
208.0
69.66666666666667
155.0
141.0
53.333333333333336
88.0
91.33333333333333
19.666666666666668
38.333333333333336
24.333333333333332
3.3333333333333335
