-1.0
1370.25
1084.5
2941.0
-1.0
1345.25
1059.5
2891.0
-1.0
1477.75
1154.75
2841.0
-1.0
1452.75
1290.5
2791.0
-1.0
1427.75
1427.25
2741.0
-1.0
1402.75
1402.25
2691.0
-1.0
1377.75
1377.25
2641.0
-1.0
1352.75
1352.25
2591.0
-1.0
1327.75
1327.25
2541.0
-1.0
1302.75
1302.25
2491.0
-1.0
1277.75
1277.25
2441.0
-1.0
1252.75
1252.25
2391.0
-1.0
1227.75
1227.25
2341.0
-1.0
1202.75
1202.25
2291.0
-1.0
1177.75
1177.25
2241.0
-1.0
1152.75
1152.25
2191.0
-1.0
1127.75
1127.25
2141.0
-1.0
1102.75
1102.25
2091.0
-1.0
1077.75
1077.25
2041.0
-1.0
1052.75
1052.25
1991.0
-1.0
1027.75
1027.25
1941.0
-1.0
1002.75
1002.25
1891.0
-1.0
977.75
977.25
1841.0
-1.0
952.75
952.25
1791.0
-1.0
927.75
927.25
1741.0
-1.0
902.75
902.25
1691.0
-1.0
877.75
877.25
1641.0
-1.0
852.75
852.25
1591.0
-1.0
827.75
827.25
1541.0
-1.0
802.75
802.25
1491.0
-1.0
777.75
777.25
1441.0
-1.0
752.75
752.25
1391.0
-1.0
727.75
727.25
1341.0
-1.0
702.75
702.25
1291.0
-1.0
677.75
677.25
1241.0
-1.0
2209.0
652.25
1205.5
-1.0
2159.0
627.25
1180.5
-1.0
2109.0
602.25
1155.5
-1.0
2059.0
577.25
1130.5
-1.0
2009.0
552.25
1105.5
-1.0
1959.0
527.25
1080.5
-1.0
1909.0
502.25
1055.5
-1.0
1859.0
477.25
1030.5
-1.0
1809.0
452.25
1005.5
-1.0
3298.25
441.5
980.5
-1.0
3223.25
441.5
955.5
-1.0
3148.25
2006.0
936.25
-1.0
3073.25
1981.0
936.25
-1.0
2998.25
1956.0
936.25
-1.0
2923.25
1931.0
936.25
-1.0
2848.25
1906.0
936.25
-1.0
2773.25
1881.0
936.25
-1.0
2698.25
1856.0
936.25
-1.0
2623.25
1831.0
936.25
-1.0
2548.25
1806.0
936.25
-1.0
2476.75
1781.0
2486.25
-1.0
2426.75
1756.0
2461.25
-1.0
2376.75
1731.0
2436.25
-1.0
2326.75
1706.0
2411.25
-1.0
2276.75
1681.0
2386.25
-1.0
2226.75
1656.0
2361.25
-1.0
2176.75
1631.0
2336.25
-1.0
2126.75
1606.0
2311.25
-1.0
2076.75
1581.0
2286.25
-1.0
2026.75
1556.0
2261.25
-1.0
1976.75
1531.0
2236.25
-1.0
1926.75
1506.0
2211.25
-1.0
1876.75
1481.0
2186.25
-1.0
1826.75
1456.0
2161.25
-1.0
1776.75
1431.0
2136.25
-1.0
1726.75
1406.0
2111.25
-1.0
1676.75
1381.0
2086.25
-1.0
1626.75
1356.0
2061.25
-1.0
1576.75
1331.0
2036.25
-1.0
1526.75
1306.0
2011.25
-1.0
1476.75
1281.0
1986.25
-1.0
1426.75
1256.0
1961.25
-1.0
1376.75
1231.0
1936.25
-1.0
1326.75
1206.0
1911.25
-1.0
1276.75
1181.0
1886.25
-1.0
1226.75
1156.0
1861.25
-1.0
1176.75
1131.0
1836.25
-1.0
1126.75
1106.0
1811.25
-1.0
1076.75
1081.0
1786.25
-1.0
1026.75
1056.0
1761.25
-1.0
976.75
1031.0
1736.25
-1.0
922.0
1001.0
1721.0
-1.0
872.0
951.0
1721.0
-1.0
822.0
901.0
1721.0
-1.0
772.0
851.0
1721.0
-1.0
722.0
801.0
1721.0
-1.0
672.0
770.0
1702.0
-1.0
624.25
2296.75
1677.0
-1.0
599.25
2246.75
1652.0
1546.75
574.25
2196.75
1650.5
1521.75
549.25
2146.75
1650.5
1496.75
524.25
2096.75
1650.5
1471.75
499.25
2046.75
1650.5
1446.75
468.75
2020.75
1632.0
1421.75
443.75
1995.75
1607.0
1396.75
418.75
1970.75
1582.0
1371.75
393.75
1945.75
1557.0
1346.75
368.75
1920.75
1532.0
1321.75
343.75
1895.75
1507.0
1296.75
318.75
1870.75
1482.0
1271.75
293.75
1845.75
1457.0
1246.75
268.75
1820.75
1432.0
1221.75
243.75
1795.75
1407.0
1196.75
218.75
1770.75
1382.0
1171.75
193.75
1745.75
1357.0
1146.75
168.75
1720.75
1332.0
1121.75
148.5
1691.0
1307.0
2665.75
148.5
1641.0
1283.25
2615.75
148.5
1591.0
1283.25
2565.75
148.5
1541.0
1283.25
2515.75
148.5
1491.0
1283.25
2465.75
148.5
1441.0
1283.25
2415.75
148.5
1391.0
1283.25
2365.75
130.5
1359.0
1283.25
2315.75
105.5
1334.0
1283.25
2265.75
80.5
1309.0
1283.25
2215.75
55.5
1284.0
1283.25
2165.75
30.5
1259.0
1283.25
2115.75
5.5
1234.0
1283.25
2065.75
-1.75
1209.0
2819.25
2015.75
-1.75
1184.0
2794.25
1965.75
-1.75
1159.0
2769.25
1915.75
-1.75
1134.0
2744.25
1865.75
-1.75
1109.0
2719.25
1815.75
-1.75
1084.0
2694.25
1765.75
-1.75
1059.0
2669.25
1715.75
-1.75
1034.0
2644.25
1665.75
-1.75
1009.0
2619.25
1615.75
-1.75
984.0
2594.25
1565.75
-1.75
959.0
2569.25
1515.75
-1.75
934.0
2544.25
1465.75
-1.75
909.0
2519.25
1415.75
-1.75
884.0
2494.25
1365.75
-1.75
860.5
2467.75
1315.75
-1.75
860.5
2417.75
1265.75
-1.75
860.5
2367.75
1215.75
-1.75
860.5
2317.75
1165.75
-1.75
860.5
2267.75
1118.75
-1.75
857.5
2217.75
1093.75
-1.75
832.5
2167.75
1068.75
-1.75
807.5
2117.75
1043.75
-1.75
782.5
2067.75
1018.75
-1.75
757.5
2017.75
980.25
-1.75
746.0
1967.75
930.25
-1.75
746.0
1917.75
880.25
-1.75
746.0
1867.75
830.25
-1.75
746.0
1817.75
783.75
-1.75
746.0
1764.25
758.75
-1.75
746.0
1689.25
733.75
-1.75
746.0
1614.25
708.75
-1.75
746.0
1539.25
683.75
-1.75
746.0
1464.25
658.75
-1.75
746.0
1389.25
633.75
-1.75
746.0
1314.25
589.25
-1.75
746.0
1258.75
539.25
-1.75
746.0
1208.75
505.25
-1.75
730.0
1158.75
480.25
-1.75
705.0
1108.75
455.25
-1.75
680.0
1058.75
430.25
-1.75
655.0
1008.75
405.25
-1.75
630.0
958.75
380.25
-1.75
605.0
908.75
355.25
-1.75
580.0
858.75
330.25
-1.75
569.5
794.25
1833.75
-1.75
569.5
744.0
1783.75
-1.75
569.5
694.0
1733.75
-1.75
569.5
644.0
1666.5
-1.75
569.5
611.25
1591.5
-1.75
569.5
586.25
1529.25
-1.75
569.5
548.5
1479.25
-1.75
569.5
498.5
1429.25
-1.75
569.5
448.5
1379.25
-1.75
569.5
398.5
1334.0
-1.75
564.75
348.5
1309.0
-1.75
539.75
298.5
1284.0
-1.75
514.75
248.5
1259.0
-1.75
489.75
198.5
1234.0
-1.75
464.75
148.5
1209.0
-1.75
439.75
98.5
1165.0
-1.75
414.75
67.5
1127.0
1557.5
1961.0
42.5
2642.25
1532.5
1936.0
31.25
2592.25
1507.5
1911.0
31.25
2542.25
1482.5
1886.0
31.25
2492.25
1457.5
1861.0
31.25
2442.25
1432.5
1836.0
31.25
2392.25
1407.5
1811.0
31.25
2342.25
1382.5
1786.0
31.25
2292.25
1357.5
1761.0
31.25
2242.25
1332.5
1736.0
31.25
2192.25
1307.5
1711.0
31.25
2142.25
1282.5
1686.0
31.25
2092.25
1257.5
1661.0
31.25
2042.25
1232.5
1636.0
31.25
1992.25
1207.5
1611.0
31.25
1942.25
1182.5
1586.0
31.25
1892.25
1157.5
1561.0
31.25
1842.25
1132.5
1536.0
31.25
1792.25
1107.5
1511.0
31.25
1742.25
1082.5
1486.0
31.25
1692.25
1057.5
1461.0
31.25
1642.25
1032.5
1436.0
31.25
1592.25
1007.5
1411.0
31.25
1542.25
982.5
1386.0
31.25
1492.25
957.5
1361.0
31.25
1442.25
932.5
1336.0
31.25
1392.25
907.5
1311.0
31.25
1342.25
882.5
1286.0
31.25
1292.25
857.5
1261.0
31.25
1242.25
832.5
1236.0
31.25
1192.25
807.5
1211.0
31.25
1142.25
782.5
1186.0
31.25
1092.25
757.5
1161.0
31.25
1042.25
732.5
1136.0
31.25
992.25
707.5
1111.0
31.25
942.25
682.5
1086.0
31.25
892.25
657.5
1061.0
31.25
842.25
632.5
1036.0
31.25
792.25
607.5
1011.0
31.25
742.25
582.5
986.0
31.25
692.25
557.5
961.0
31.25
642.25
532.5
936.0
31.25
592.25
507.5
911.0
31.25
542.25
482.5
886.0
31.25
492.25
457.5
861.0
31.25
442.25
432.5
836.0
31.25
413.5
407.5
811.0
10.0
388.5
382.5
773.0
-2.0
363.5
357.5
723.0
-2.0
338.5
332.5
673.0
-2.0
313.5
307.5
623.0
-2.0
288.5
282.5
573.0
-2.0
263.5
257.5
523.0
-2.0
238.5
232.5
473.0
-2.0
213.5
207.5
423.0
-2.0
188.5
182.5
373.0
-2.0
163.5
157.5
323.0
-2.0
138.5
132.5
273.0
-2.0
113.5
107.5
223.0
-2.0
88.5
82.5
173.0
-2.0
63.5
57.5
123.0
-2.0
38.5
32.5
73.0
-2.0
13.5
7.5
23.0
-2.0
