3.0104647874832153
3.010654032230377
3.0211697816848755
3.021266281604767
3.2756754755973816
3.2757482528686523
3.276302993297577
3.2763736844062805
3.3753126859664917
3.375560462474823
3.3757710456848145
3.375976026058197
3.6439874172210693
3.644094944000244
3.644170641899109
3.6442341804504395
3.8769657611846924
3.8783382177352905
3.8785422444343567
3.878616511821747
4.0139875411987305
4.014079332351685
4.014196813106537
4.014262318611145
4.091221034526825
4.091298282146454
4.091383457183838
4.091472029685974
4.117673754692078
4.117752015590668
4.117821276187897
4.117880046367645
4.12966924905777
4.129739940166473
4.129842221736908
4.130043208599091
4.322270750999451
4.322355210781097
4.322429656982422
4.32248467206955
4.5537784695625305
4.553861021995544
4.55402147769928
4.554091215133667
4.787276566028595
4.787379086017609
4.7874502539634705
4.787510514259338
4.725292980670929
4.7253700494766235
4.725709021091461
4.725803315639496
4.855428516864777
4.855496525764465
4.855557024478912
4.8556143045425415
4.860198259353638
4.86032372713089
4.8603901863098145
4.860553026199341
4.9858434200286865
4.985936224460602
4.986011505126953
4.986084997653961
4.858581721782684
4.858646512031555
4.858717203140259
4.858771920204163
5.020078957080841
5.020147144794464
5.020212531089783
5.021325707435608
5.12634003162384
5.126578509807587
5.126655757427216
5.1267237067222595
5.043630838394165
5.043691515922546
5.043745815753937
5.043798327445984
5.007041692733765
5.007100701332092
5.007153689861298
5.007203757762909
4.957054018974304
4.957115471363068
4.957171559333801
4.957223951816559
5.240467727184296
5.2405277490615845
5.240581750869751
5.240632772445679
5.049063563346863
5.04912132024765
5.049174010753632
5.049224495887756
5.022808015346527
5.022867739200592
5.022921442985535
5.022972941398621
5.090334177017212
5.090392887592316
5.090445399284363
5.097055196762085
5.019935727119446
5.019993722438812
5.020053803920746
5.020104765892029
4.975437581539154
4.97551155090332
4.975567102432251
4.975619077682495
5.114928185939789
5.114985227584839
5.11503666639328
5.115085959434509
5.227212965488434
5.227276980876923
5.227330446243286
5.227380931377411
5.119767010211945
5.119835257530212
5.119900286197662
5.1199562549591064
5.221405982971191
5.221464991569519
5.221521735191345
5.221573054790497
5.167695045471191
5.1677525639534
5.167805552482605
5.1678560972213745
5.390841960906982
5.390899658203125
5.390951931476593
5.3910011649131775
5.218087017536163
5.218154489994049
5.218214213848114
5.218265950679779
5.7114309668540955
5.711489737033844
5.7115437388420105
5.711595952510834
5.698362052440643
5.698421776294708
5.698475778102875
5.698536515235901
5.438104271888733
5.438165485858917
5.438220262527466
5.4382712841033936
5.56887024641037
5.568928241729736
5.568980515003204
5.56903076171875
5.498690485954285
5.498748242855072
5.498812198638916
5.498867988586426
5.630519688129425
5.630578458309174
5.63063371181488
5.630684435367584
5.581910789012909
5.581968009471893
5.582026541233063
5.582077324390411
5.800953269004822
5.8010125160217285
5.801066517829895
5.801116526126862
5.506380796432495
5.506440758705139
5.506495833396912
5.506547570228577
5.882265508174896
5.88232296705246
5.882375240325928
5.8824270367622375
5.971176505088806
5.971235692501068
5.971290051937103
5.971346974372864
6.133360266685486
6.1334182024002075
6.133471667766571
6.133522272109985
6.207032322883606
6.207088530063629
6.207140326499939
6.207189202308655
6.116866648197174
6.116983473300934
6.1170414090156555
6.117093443870544
6.2712902426719666
6.271346986293793
6.2713980078697205
6.271447002887726
6.353259205818176
6.353318154811859
6.353372633457184
6.353425681591034
6.232335984706879
6.232393205165863
6.240018963813782
6.240090191364288
6.366065502166748
6.366121232509613
6.366173267364502
6.366227090358734
6.384812235832214
6.384870171546936
6.384927034378052
6.384978413581848
6.224468171596527
6.224523425102234
6.2245742082595825
6.232475757598877
6.600303947925568
6.600361943244934
6.600415289402008
6.600466728210449
6.568996250629425
6.569052517414093
6.56910628080368
6.569155275821686
6.5130109786987305
6.513068735599518
6.513122141361237
6.513172388076782
6.671039700508118
6.67109876871109
6.671157479286194
6.671207964420319
6.684989750385284
6.68506395816803
6.685117483139038
6.685167014598846
6.593847453594208
6.593909740447998
6.593971490859985
6.594024240970612
6.695604979991913
6.695685029029846
6.695738732814789
6.6957884430885315
6.606081783771515
6.606162071228027
6.60621577501297
6.606317222118378
6.542015254497528
6.542093753814697
6.542159020900726
6.542218565940857
6.661711812019348
6.661779761314392
6.661834239959717
6.66189169883728
6.718191981315613
6.7182512283325195
6.718313038349152
6.718363523483276
6.647126793861389
6.647197782993317
6.647254288196564
6.647304832935333
6.724966466426849
6.725029408931732
6.725086271762848
6.725143492221832
6.735047519207001
6.735105991363525
6.735158205032349
6.735207736492157
6.624178767204285
6.624236047267914
6.624292969703674
6.6243427991867065
6.804809033870697
6.804874062538147
6.80492776632309
6.804978728294373
6.88323312997818
6.883290112018585
6.883342683315277
6.8833922147750854
6.902021527290344
6.9020771980285645
6.902131974697113
6.902180433273315
6.821219325065613
6.821282505989075
6.82136470079422
6.82141774892807
6.782204449176788
6.782266736030579
6.782320976257324
6.782371282577515
6.824548840522766
6.824616074562073
6.824676096439362
6.824783563613892
6.937164783477783
6.937231481075287
6.937302231788635
6.937354505062103
6.856290698051453
6.856348276138306
6.856401443481445
6.856451213359833
7.079183042049408
7.079260289669037
7.079318523406982
7.079369783401489
6.918878018856049
6.918937027454376
6.918991029262543
6.919040024280548
6.949471294879913
6.94952780008316
6.9495790004730225
6.949627995491028
6.948629975318909
6.948733806610107
6.9488107562065125
6.948878824710846
7.047319948673248
7.047379016876221
7.047433018684387
7.047484278678894
7.02811473608017
7.028170526027679
7.028221905231476
7.028270244598389
7.128924548625946
7.128981292247772
7.129033029079437
7.129096806049347
7.016008019447327
7.016069531440735
7.016123712062836
7.016174793243408
7.213620543479919
7.213699698448181
7.213795721530914
7.213901221752167
7.309609055519104
7.309667348861694
7.309720039367676
7.309770286083221
7.260747492313385
7.260806083679199
7.260859549045563
7.260909259319305
7.215982437133789
7.216042518615723
7.216097474098206
7.216147720813751
7.143576979637146
7.143634259700775
7.143685758113861
7.143734037876129
7.349251985549927
7.349307000637054
7.349357068538666
7.349404335021973
7.587902188301086
7.5879597663879395
7.588017225265503
7.588067710399628
7.545423746109009
7.545481026172638
7.545537054538727
7.545586287975311
7.807772994041443
7.807841897010803
7.807913959026337
7.8079774379730225
7.785236299037933
7.785295009613037
7.785347044467926
7.7853962779045105
7.716092228889465
7.716149210929871
7.71619975566864
7.716248452663422
7.770188808441162
7.770254015922546
7.770322561264038
7.770377516746521
7.876255929470062
7.876328766345978
7.876382291316986
7.876434028148651
7.888662695884705
7.888719975948334
7.888774931430817
7.888823449611664
7.907678544521332
7.907738745212555
7.907788932323456
7.907836735248566
7.87183952331543
7.871898710727692
7.871951758861542
7.872002005577087
7.965237975120544
7.965294182300568
7.965345978736877
7.9653937220573425
8.044995546340942
8.045075833797455
8.045132577419281
8.045182049274445
8.115317046642303
8.115375936031342
8.115428566932678
8.115478277206421
8.057713508605957
8.057779252529144
8.057831943035126
8.057884514331818
7.999374270439148
8.000166535377502
8.000228345394135
8.000300824642181
8.069177329540253
8.069246292114258
8.069304585456848
8.069381833076477
8.054466724395752
8.05453372001648
8.054588973522186
8.054642081260681
8.150574743747711
8.1506467461586
8.150700211524963
8.150752067565918
8.163917243480682
8.163979768753052
8.16403079032898
8.164078772068024
8.273361325263977
8.27341902256012
8.273470103740692
8.273518800735474
8.529623985290527
8.529684782028198
8.529759764671326
8.529829502105713
8.482486963272095
8.482590734958649
8.482646465301514
8.482702434062958
8.482820212841034
8.482875227928162
8.482928693294525
8.48297643661499
8.375324547290802
8.375380754470825
8.37543100118637
8.391255259513855
8.528504550457
8.528566062450409
8.528620064258575
8.528671562671661
8.367290258407593
8.36735326051712
8.367405772209167
8.367454707622528
8.621384024620056
8.6214439868927
8.621500968933105
8.621549546718597
8.645921468734741
8.645983219146729
8.646033942699432
8.64609944820404
8.554528653621674
8.554597198963165
8.554660975933075
8.554715692996979
8.60309225320816
8.603147745132446
8.603197753429413
8.603245258331299
8.65596878528595
8.656030476093292
8.66404926776886
8.664114773273468
8.757475435733795
8.757536232471466
8.757590472698212
8.757641553878784
8.980195939540863
8.98025369644165
8.98030549287796
8.980353713035583
8.841002941131592
8.84106171131134
8.84111225605011
8.841158747673035
8.784864485263824
8.784930229187012
8.785002708435059
8.785071432590485
9.089814245700836
9.089881241321564
9.089951515197754
9.090004801750183
8.972081243991852
8.972139537334442
8.972191751003265
8.972239792346954
8.984123051166534
8.984180748462677
8.984230995178223
8.984277069568634
8.900828778743744
8.900905013084412
8.900960505008698
8.901013731956482
8.923197031021118
8.923258662223816
8.923313975334167
8.923364222049713
9.217972695827484
9.21803867816925
9.218103170394897
9.218151450157166
8.895853519439697
8.895908772945404
8.895979225635529
8.896028995513916
8.957600235939026
8.95766270160675
8.95771473646164
8.95779573917389
9.162178456783295
9.162296533584595
9.16237324476242
9.16244101524353
9.083373486995697
9.083429217338562
9.083478927612305
9.083525717258453
9.04611623287201
9.046182751655579
9.046259462833405
9.046309292316437
9.316521227359772
9.316593527793884
9.31664925813675
9.316704988479614
9.181288659572601
9.181354999542236
9.1814084649086
9.181463420391083
9.153256714344025
9.153350472450256
9.15340119600296
9.15347295999527
9.229944229125977
9.230004012584686
9.23005497455597
9.230101704597473
9.321841835975647
9.321901798248291
9.321955502033234
9.322005271911621
9.411948382854462
9.412005364894867
9.412056386470795
9.412103831768036
9.320647239685059
9.320717513561249
9.320784986019135
9.320834457874298
9.304249942302704
9.304311752319336
9.30436623096466
9.30441701412201
9.314079761505127
9.314139783382416
9.314192533493042
9.314240574836731
9.425707578659058
9.425763547420502
9.425819218158722
9.425865530967712
9.590306162834167
9.590363204479218
9.590413928031921
9.590461492538452
9.504019260406494
9.50408124923706
9.504148244857788
9.50420069694519
9.43860924243927
9.438667953014374
9.43872207403183
9.438771784305573
9.440284311771393
9.440341234207153
9.440392971038818
9.440442264080048
9.605265736579895
9.605348646640778
9.605421245098114
9.605490922927856
9.553225755691528
9.553291976451874
9.55334722995758
9.55339628458023
9.569527566432953
9.569585025310516
9.569650769233704
9.569726765155792
9.82530027627945
9.825358748435974
9.825411677360535
9.825458228588104
9.759212791919708
9.759272456169128
9.759328722953796
9.759377002716064
9.732181787490845
9.732242822647095
9.732296824455261
9.73234623670578
9.668682277202606
9.668740570545197
9.668792247772217
9.668840289115906
9.64427924156189
9.644339263439178
9.644389569759369
9.644436299800873
9.702227532863617
9.70228523015976
9.70233690738678
9.702386260032654
9.962413311004639
9.962474584579468
9.962528109550476
9.962576806545258
10.070394814014435
10.070464074611664
10.070516705513
10.070565819740295
9.993685066699982
9.993739545345306
9.993789255619049
9.993835031986237
10.075180232524872
10.075235962867737
10.075285971164703
10.075332224369049
10.02134394645691
10.021401762962341
10.021453440189362
10.02150148153305
9.97859525680542
9.978661596775055
9.978716254234314
9.97876501083374
9.92246550321579
9.922520995140076
9.922571957111359
9.92261952161789
9.941680490970612
9.94174599647522
9.94180816411972
9.941880404949188
10.3021519780159
10.302207171916962
10.30225658416748
10.302302896976471
10.274918258190155
10.274973273277283
10.275022268295288
10.275068283081055
10.453917741775513
10.45397400856018
10.454024255275726
10.454071044921875
10.566198766231537
10.56625896692276
10.56631201505661
10.566378712654114
10.396931767463684
10.396990716457367
10.39704316854477
10.397091746330261
10.540936350822449
10.540994107723236
10.541045784950256
10.541092991828918
10.442738056182861
10.44279831647873
10.442880034446716
10.442934036254883
10.477528870105743
10.477601051330566
10.47765576839447
10.477705299854279
10.64907306432724
10.649129629135132
10.649184763431549
10.64923483133316
10.466326475143433
10.466414630413055
10.466480672359467
10.466531157493591
10.737195789813995
10.737253487110138
10.737305760383606
10.737354218959808
10.694901525974274
10.694977283477783
10.695031702518463
10.69509470462799
10.60746705532074
10.607523560523987
10.60759574174881
10.607649803161621
10.576030731201172
10.5761097073555
10.576162278652191
10.57621693611145
10.595920026302338
10.595979273319244
10.596031963825226
10.59608143568039
10.646527528762817
10.646591484546661
10.646644473075867
10.646693289279938
11.244998455047607
11.245058953762054
11.245121717453003
11.24517297744751
11.503633260726929
11.503706276416779
11.503778994083405
11.50383174419403
11.414981305599213
11.415050566196442
11.415104269981384
11.41515302658081
11.538191795349121
11.538249731063843
11.538307547569275
11.538355112075806
11.488348245620728
11.488418996334076
11.488474011421204
11.488567054271698
11.475350499153137
11.475403547286987
11.475450575351715
11.475495278835297
11.471363186836243
11.471418917179108
11.471468389034271
11.471518695354462
11.541942954063416
11.54199892282486
11.542048513889313
11.542095482349396
11.570097267627716
11.570152521133423
11.57020127773285
11.570248246192932
11.49787849187851
11.49794715642929
11.498009502887726
11.498068928718567
11.48873245716095
11.488787472248077
11.4888374209404
11.488897800445557
11.466652035713196
11.466726779937744
11.46677976846695
11.466829240322113
11.422059714794159
11.422129929065704
11.422181189060211
11.42222946882248
11.413490951061249
11.41354525089264
11.413596510887146
11.413642525672913
11.37602698802948
11.3761305809021
11.376203775405884
11.376284539699554
11.776899755001068
11.776959478855133
11.777011275291443
11.77707177400589
11.841233491897583
11.841289699077606
11.841338992118835
11.841387450695038
11.731525719165802
11.731581151485443
11.731629729270935
11.731676638126373
11.564956247806549
11.56501579284668
11.565066277980804
11.565114200115204
11.53065550327301
11.530725061893463
11.530797600746155
11.530871510505676
11.67689597606659
11.67696100473404
11.677050948143005
11.677139222621918
11.727794706821442
11.727849662303925
11.727898180484772
11.727943658828735
11.642751038074493
11.642809987068176
11.642859756946564
11.642908215522766
11.64460027217865
11.64465582370758
11.644705057144165
11.644751727581024
11.73350203037262
11.733560979366302
11.733613014221191
11.733661830425262
11.627042293548584
11.627099692821503
11.627148985862732
11.62719601392746
11.699900209903717
11.699955701828003
11.700004398822784
11.700051248073578
11.78618574142456
11.78624427318573
11.78629595041275
11.786345720291138
11.682153582572937
11.682213008403778
11.682263970375061
11.682325005531311
11.630922496318817
11.630976855754852
11.631024301052094
11.631069302558899
11.87325006723404
11.873309552669525
11.873358249664307
11.873405277729034
11.873927772045135
11.873980820178986
11.874027788639069
11.874084949493408
11.859925746917725
11.859986960887909
11.860046207904816
11.860096991062164
12.09368747472763
12.093754947185516
12.093807220458984
12.093856453895569
12.054581940174103
12.05463820695877
12.054692208766937
12.054740190505981
11.951693058013916
11.951750040054321
11.951800107955933
11.951847553253174
11.894675970077515
11.8947314620018
11.894780218601227
11.894826710224152
12.11576247215271
12.115823805332184
12.115876972675323
12.115928292274475
12.617947816848755
12.618028581142426
12.618081331253052
12.618129789829254
12.405238509178162
12.405294716358185
12.405345022678375
12.405391991138458
12.198211967945099
12.198266446590424
12.198314011096954
12.198363780975342
12.34901875257492
12.34909200668335
12.349149227142334
12.34919798374176
12.191684424877167
12.191764295101166
12.191818177700043
12.191868424415588
12.311742007732391
12.311813533306122
12.311865508556366
12.311925709247589
12.268727004528046
12.26878309249878
12.2688427567482
12.268894493579865
12.35086578130722
12.350921034812927
12.350969552993774
12.351015269756317
12.322722256183624
12.322781920433044
12.322846233844757
12.322896480560303
12.379375696182251
12.379433274269104
12.379483938217163
12.379532217979431
12.315512716770172
12.31557321548462
12.315628230571747
12.315678000450134
12.319638669490814
12.319703221321106
12.319752752780914
12.3198002576828
12.523016810417175
12.523072063922882
12.523119270801544
12.523163497447968
12.643515050411224
12.643569231033325
12.643617928028107
12.643664002418518
12.61991673707962
12.619973957538605
12.620025038719177
12.62007349729538
12.57475197315216
12.574808299541473
12.57485806941986
12.574905276298523
12.712289273738861
12.71234405040741
12.712393283843994
12.712440192699432
12.65964150428772
12.659695446491241
12.659747302532196
12.659794092178345
12.776444554328918
12.776506841182709
12.776559293270111
12.776609301567078
13.019805252552032
13.019864976406097
13.019916951656342
13.019966900348663
12.953494668006897
12.953548312187195
12.953596532344818
12.953644692897797
12.91810953617096
12.918163180351257
12.918211460113525
12.918257474899292
12.861165940761566
12.861225187778473
12.861275672912598
12.861323654651642
12.793071210384369
12.793125987052917
12.793174743652344
12.793221235275269
12.738044023513794
12.738106071949005
12.738157749176025
12.738206088542938
