2.751177430152893
2.7512574195861816
2.751320004463196
2.751380443572998
2.751601457595825
2.7516930103302
2.7517954111099243
2.7522120475769043
2.8321340084075928
2.832228899002075
2.832292914390564
2.8331799507141113
2.8332549333572388
2.8333194255828857
2.8339409828186035
2.834059953689575
3.006295084953308
3.0063825845718384
3.0068246126174927
3.0069271326065063
3.0069921016693115
3.0070526599884033
3.007110595703125
3.0071910619735718
3.208848476409912
3.2089345455169678
3.208999991416931
3.2090609073638916
3.2091184854507446
3.209662437438965
3.2097349166870117
3.209797501564026
3.5327996015548706
3.5335545539855957
3.5336334705352783
3.5336930751800537
3.5422370433807373
3.5423154830932617
3.542490601539612
3.542564034461975
3.5561779737472534
3.565150499343872
3.5656135082244873
3.565688967704773
3.59042751789093
3.590551018714905
3.5906230211257935
3.5911449193954468
3.8537886142730713
3.8540265560150146
3.8636255264282227
3.864085555076599
3.8641680479049683
3.864387035369873
3.8644585609436035
3.8645315170288086
3.9642364978790283
3.9643020629882812
3.9643634557724
3.964421510696411
3.9644774198532104
3.964532971382141
3.964607000350952
3.973889946937561
4.084801912307739
4.085207939147949
4.085278511047363
4.085337519645691
4.085402488708496
4.085749506950378
4.085820555686951
4.085881948471069
4.243090391159058
4.251071929931641
4.25115692615509
4.251217007637024
4.251275420188904
4.2513309717178345
4.251386880874634
4.25149941444397
4.277884006500244
4.277948021888733
4.278005480766296
4.278059959411621
4.278114080429077
4.278165936470032
4.278218984603882
4.2782734632492065
4.274060487747192
4.274559020996094
4.276452541351318
4.276534557342529
4.276593446731567
4.276652455329895
4.276712894439697
4.285754919052124
4.446998476982117
4.447063088417053
4.447120904922485
4.447176456451416
4.447232007980347
4.447285532951355
4.44734799861908
4.447404980659485
4.269166469573975
4.269231557846069
4.269289016723633
4.269343018531799
4.26939845085144
4.269450545310974
4.2695029973983765
4.269556522369385
4.36084246635437
4.360904932022095
4.360960960388184
4.361013412475586
4.36106538772583
4.361116409301758
4.3611674308776855
4.361222505569458
4.544376015663147
4.544438600540161
4.5444945096969604
4.544547080993652
4.54459810256958
4.544647455215454
4.54469907283783
4.544751048088074
4.2383434772491455
4.238407492637634
4.238461971282959
4.238512396812439
4.238561987876892
4.238612413406372
4.238662004470825
4.238711476325989
4.375576972961426
4.375638008117676
4.375709056854248
4.375768542289734
4.375835061073303
4.375885009765625
4.376001596450806
4.376074552536011
4.264117479324341
4.26418399810791
4.264257073402405
4.264325022697449
4.264379858970642
4.264449954032898
4.26450788974762
4.26456356048584
4.299342393875122
4.299402952194214
4.299459457397461
4.299513459205627
4.29956591129303
4.299617886543274
4.299669504165649
4.299721837043762
4.338693976402283
4.338755488395691
4.338810920715332
4.33886456489563
4.338916897773743
4.33896791934967
4.339019536972046
4.339071869850159
4.3122100830078125
4.312266945838928
4.312319993972778
4.3123699426651
4.312421441078186
4.312471032142639
4.312519550323486
4.312570095062256
4.252148509025574
4.25220799446106
4.252261638641357
4.252308964729309
4.25235652923584
4.252401947975159
4.252450108528137
4.2524964809417725
4.495875954627991
4.495929956436157
4.495979428291321
4.496044993400574
4.496091961860657
4.496137380599976
4.49620246887207
4.4962639808654785
4.563359022140503
4.5634225606918335
4.563479542732239
4.5635340213775635
4.563587069511414
4.563639521598816
4.563696980476379
4.563752055168152
4.477542519569397
4.477602005004883
4.477657437324524
4.477709531784058
4.477760910987854
4.477810978889465
4.47788405418396
4.477952003479004
4.431389570236206
4.431445002555847
4.431497573852539
4.431548595428467
4.43159806728363
4.4316465854644775
4.431694149971008
4.431742548942566
4.555827975273132
4.555888056755066
4.555940508842468
4.555991530418396
4.556047081947327
4.55609655380249
4.556148052215576
4.55620002746582
4.636401057243347
4.636458992958069
4.636511445045471
4.636562466621399
4.636613607406616
4.636664509773254
4.636714577674866
4.636764049530029
4.71934962272644
4.719407081604004
4.719459056854248
4.719508051872253
4.719556570053101
4.719614624977112
4.719678997993469
4.719732046127319
4.652174949645996
4.652234077453613
4.652286648750305
4.65233850479126
4.652387022972107
4.652433514595032
4.652482986450195
4.652531027793884
4.561307430267334
4.56136953830719
4.561425089836121
4.561476945877075
4.561527967453003
4.5615774393081665
4.56162703037262
4.5616774559021
4.514435410499573
4.514496445655823
4.514551997184753
4.514602899551392
4.5146543979644775
4.5147024393081665
4.514754891395569
4.514804363250732
4.807577967643738
4.807634949684143
4.807687044143677
4.807737469673157
4.807792544364929
4.807841420173645
4.80789053440094
4.807940363883972
4.723104000091553
4.723164439201355
4.723219394683838
4.723272442817688
4.7233253717422485
4.7233803272247314
4.7234309911727905
4.723481893539429
4.6146475076675415
4.614704966545105
4.614759922027588
4.614810466766357
4.6148868799209595
4.614939451217651
4.614990472793579
4.615041971206665
4.663456916809082
4.6635143756866455
4.663567543029785
4.663620352745056
4.663671493530273
4.663719415664673
4.66376793384552
4.663816928863525
5.173328876495361
5.173389434814453
5.173444509506226
5.17349648475647
5.173547983169556
5.173597455024719
5.173647880554199
5.173696994781494
5.203014492988586
5.20308244228363
5.203136563301086
5.203187584877014
5.2032389640808105
5.2032880783081055
5.203337550163269
5.2033854722976685
5.223340034484863
5.2234004735946655
5.22345495223999
5.223506450653076
5.2235575914382935
5.223606467247009
5.223656415939331
5.223705053329468
5.124303936958313
5.124363422393799
5.124416947364807
5.124468445777893
5.124522924423218
5.124571442604065
5.1246209144592285
5.1246689558029175
5.1683244705200195
5.168383479118347
5.168437957763672
5.168490052223206
5.168542981147766
5.168592929840088
5.168657898902893
5.168707489967346
4.99295449256897
4.993017077445984
4.993073582649231
4.993127107620239
4.993179559707642
4.993229985237122
4.993281006813049
4.993332505226135
5.017822027206421
5.017880439758301
5.01793909072876
5.017990589141846
5.018041491508484
5.018091559410095
5.018141508102417
5.018190026283264
5.210504055023193
5.210562586784363
5.2106181383132935
5.210670113563538
5.210721015930176
5.210770130157471
5.210819602012634
5.210868000984192
5.0441330671310425
5.044193625450134
5.044246077537537
5.044296622276306
5.044347167015076
5.044394493103027
5.044443130493164
5.044490098953247
4.941038966178894
4.941101551055908
4.941159605979919
4.941214084625244
4.941267013549805
4.941319108009338
4.941370964050293
4.941421985626221
4.772961497306824
4.77302098274231
4.773074507713318
4.773125052452087
4.773176074028015
4.773227095603943
4.773277640342712
4.77332603931427
4.9479241371154785
4.94798219203949
4.9480355978012085
4.948086142539978
4.9481401443481445
4.948189616203308
4.948238134384155
4.9482855796813965
5.105545997619629
5.105607032775879
5.105668425559998
5.105719447135925
5.105769038200378
5.105817556381226
5.105867028236389
5.105913996696472
5.239523530006409
5.239583492279053
5.239636540412903
5.239686489105225
5.239745020866394
5.2398035526275635
5.239868998527527
5.239920973777771
5.082052946090698
5.082111477851868
5.082165360450745
5.082215428352356
5.082303881645203
5.082358956336975
5.082410454750061
5.082458972930908
5.004530549049377
5.004588603973389
5.004640102386475
5.004690051078796
5.004743695259094
5.004792094230652
5.004849076271057
5.004894495010376
4.736599445343018
4.73667049407959
4.73672342300415
4.73677396774292
4.736822962760925
4.736869931221008
4.736922383308411
4.736969470977783
4.639317989349365
4.639381051063538
4.639439105987549
4.639493942260742
4.639546990394592
4.63959801197052
4.63965106010437
4.6397024393081665
5.073086500167847
5.073148965835571
5.07320499420166
5.073257565498352
5.073310494422913
5.073361039161682
5.0734230279922485
5.073476433753967
5.513794422149658
5.513852477073669
5.513904452323914
5.513955473899841
5.514003872871399
5.514051914215088
5.514100432395935
5.514147400856018
5.276536583900452
5.276594519615173
5.276647448539734
5.276698470115662
5.276746511459351
5.276794075965881
5.276842951774597
5.276893496513367
5.1791428327560425
5.179208397865295
5.1792649030685425
5.179319381713867
5.1793729066848755
5.179425835609436
5.179515957832336
5.179583311080933
5.224692463874817
5.224760890007019
5.2248194217681885
5.224874019622803
5.224963903427124
5.225021481513977
5.22507643699646
5.225133419036865
5.372300982475281
5.372363090515137
5.37241792678833
5.372471451759338
5.372529029846191
5.372577428817749
5.372656583786011
5.372710585594177
5.7533135414123535
5.753389596939087
5.753454089164734
5.753536105155945
5.753599047660828
5.753650546073914
5.753702521324158
5.753761649131775
5.704027533531189
5.704099059104919
5.7041555643081665
5.704210042953491
5.704283118247986
5.704342603683472
5.704395532608032
5.704447627067566
5.816251993179321
5.816346049308777
5.816404581069946
5.816458582878113
5.816512107849121
5.816561460494995
5.816612482070923
5.816662549972534
5.706187963485718
5.70624852180481
5.706306576728821
5.706360936164856
5.706411600112915
5.706460952758789
5.706513047218323
5.706564426422119
5.651166081428528
5.651228904724121
5.651284575462341
5.651342988014221
5.651395559310913
5.651446461677551
5.651499509811401
5.651550054550171
5.5866594314575195
5.58672297000885
5.586778521537781
5.58683454990387
5.586886525154114
5.5869380235672
5.586989402770996
5.587043046951294
5.603819489479065
5.603889465332031
5.603948593139648
5.604005932807922
5.604060649871826
5.604114532470703
5.604172587394714
5.604224443435669
5.770827293395996
5.770894408226013
5.770951986312866
5.77100932598114
5.771063923835754
5.771117806434631
5.7711708545684814
5.771223425865173
5.68945038318634
5.689518928527832
5.689579010009766
5.6896374225616455
5.689694404602051
5.689747929573059
5.689800381660461
5.689852476119995
5.534798502922058
5.5348674058914185
5.5349249839782715
5.534981846809387
5.5350364446640015
5.535091996192932
5.535149931907654
5.53520405292511
5.581013083457947
5.58107852935791
5.581135988235474
5.581191062927246
5.581244587898254
5.581297039985657
5.581349492073059
5.581403613090515
5.65666389465332
5.656735420227051
5.656792402267456
5.6568520069122314
5.656906962394714
5.656959414482117
5.657012939453125
5.657066464424133
5.618577003479004
5.618644952774048
5.618701934814453
5.618759036064148
5.6188119649887085
5.6188645362854
5.618921399116516
5.619013428688049
5.500590920448303
5.500656962394714
5.500713348388672
5.50076949596405
5.500852346420288
5.500916481018066
5.500976324081421
5.501028895378113
5.614987850189209
5.615052938461304
5.615109443664551
5.61516547203064
5.615219473838806
5.61527144908905
5.615324974060059
5.615414977073669
5.563103079795837
5.563165068626404
5.563220977783203
5.563278079032898
5.563331484794617
5.563383460044861
5.563435435295105
5.563486576080322
5.622531533241272
5.6225950717926025
5.622650504112244
5.622707009315491
5.622760534286499
5.622811555862427
5.622871518135071
5.622923135757446
5.8427205085754395
5.842785358428955
5.842840909957886
5.8428955078125
5.842947006225586
5.842997431755066
5.843050479888916
5.843101978302002
5.861595034599304
5.861663460731506
5.861718535423279
5.86177396774292
5.861826062202454
5.861878037452698
5.861930012702942
5.861982941627502
5.833791017532349
5.8338741064071655
5.833939552307129
5.834095597267151
5.834163546562195
5.834221005439758
5.834274530410767
5.834326505661011
5.63860297203064
5.638668894767761
5.638725996017456
5.638780832290649
5.638834357261658
5.638885974884033
5.638940930366516
5.638994455337524
5.5086541175842285
5.508717060089111
5.508772969245911
5.508829116821289
5.508881568908691
5.508931517601013
5.508983612060547
5.509034514427185
5.548558592796326
5.548668026924133
5.548732042312622
5.548819422721863
5.5488715171813965
5.54892098903656
5.548972487449646
5.549022555351257
5.8038489818573
5.803913950920105
5.803979516029358
5.804115533828735
5.804183006286621
5.804239511489868
5.804295063018799
5.804348587989807
5.937593579292297
5.937659502029419
5.937720537185669
5.9377769231796265
5.937829971313477
5.937881946563721
5.937933921813965
5.937985420227051
5.585319995880127
5.585384488105774
5.585441589355469
5.585505485534668
5.585559606552124
5.585611939430237
5.585663557052612
5.585713028907776
5.492251515388489
5.492314457893372
5.49237334728241
5.492428541183472
5.492480993270874
5.49253249168396
5.49258291721344
5.49263334274292
5.400427460670471
5.400492429733276
5.400548458099365
5.400603413581848
5.400657534599304
5.400710582733154
5.400763511657715
5.400813937187195
5.757164001464844
5.757227063179016
5.757282495498657
5.757336974143982
5.757389545440674
5.757440567016602
5.7574920654296875
5.757542014122009
5.709771037101746
5.709853529930115
5.709909081459045
5.709962606430054
5.710017085075378
5.710066556930542
5.710116147994995
5.710165023803711
5.606843590736389
5.606902599334717
5.606954455375671
5.607006072998047
5.607056021690369
5.607103943824768
5.607153058052063
5.607200503349304
5.463658571243286
5.463719606399536
5.463772535324097
5.463826537132263
5.463877081871033
5.463926553726196
5.463994145393372
5.464091539382935
6.509246468544006
6.509315013885498
6.50936496257782
6.509417533874512
6.509466528892517
6.509513974189758
6.509570598602295
6.509619116783142
6.423668026924133
6.423731088638306
6.42378306388855
6.4238375425338745
6.423888087272644
6.423937439918518
6.423991560935974
6.424041509628296
6.173988938331604
6.174049019813538
6.174099445343018
6.1741509437561035
6.17419958114624
6.17424738407135
6.1743000745773315
6.174347996711731
6.127487540245056
6.1275475025177
6.127609968185425
6.127673029899597
6.127722978591919
6.127771973609924
6.12782096862793
6.127869486808777
6.096540927886963
6.096601486206055
6.096652865409851
6.096705913543701
6.096756935119629
6.096808433532715
6.096859335899353
6.096908926963806
6.591036558151245
6.591094017028809
6.59114408493042
6.5911935567855835
6.591243505477905
6.591291546821594
6.591341018676758
6.591389060020447
6.565611004829407
6.565670490264893
6.565720558166504
6.5657700300216675
6.565819025039673
6.5659099817276
6.565966486930847
6.5660176277160645
6.538725018501282
6.538807153701782
6.538862109184265
6.53891658782959
6.53896951675415
6.539049029350281
6.539103627204895
6.539155602455139
6.555265545845032
6.555335640907288
6.555412530899048
6.5554749965667725
6.5555325746536255
6.555586576461792
6.555638551712036
6.55569052696228
6.622691869735718
6.622755408287048
6.622808456420898
6.622865915298462
6.622920989990234
6.6229729652404785
6.623029470443726
6.623079895973206
6.519045948982239
6.519106507301331
6.519157886505127
6.519208073616028
6.51925802230835
6.519307017326355
6.5193564891815186
6.5194045305252075
6.57943856716156
6.579496622085571
6.579547643661499
6.579597115516663
6.579646587371826
6.579694986343384
6.579744100570679
6.579792618751526
6.5646655559539795
6.564728021621704
6.564781546592712
6.5648335218429565
6.564885497093201
6.564936995506287
6.564988017082214
6.565040946006775
6.5320634841918945
6.532125353813171
6.532182335853577
6.532235383987427
6.532287359237671
6.532338857650757
6.532390356063843
6.532440423965454
6.6503599882125854
6.6504210233688354
6.650471925735474
6.650523066520691
6.650573492050171
6.650623440742493
6.650672554969788
6.650720477104187
6.709416508674622
6.709475994110107
6.709527492523193
6.709579944610596
6.709630966186523
6.709687948226929
6.709736943244934
6.709784507751465
6.6867125034332275
6.68677544593811
6.686828970909119
6.686879992485046
6.686931014060974
6.686981439590454
6.687031984329224
6.687081933021545
6.39896559715271
6.399028658866882
6.399081587791443
6.399133563041687
6.399186134338379
6.399236559867859
6.39928662776947
6.399336576461792
6.379446506500244
6.379508018493652
6.379560470581055
6.379612565040588
6.379668951034546
6.379720568656921
6.379773020744324
6.379823446273804
6.507215976715088
6.507275342941284
6.507325887680054
6.507375359535217
6.50742495059967
6.507473945617676
6.507522463798523
6.50757098197937
6.712626934051514
6.712695479393005
6.7127485275268555
6.712800979614258
6.712852478027344
6.712903022766113
6.712953567504883
6.713002920150757
6.6555705070495605
6.655633449554443
6.655686974525452
6.6557395458221436
6.655791521072388
6.655843019485474
6.655893921852112
6.655944466590881
6.527560114860535
6.527624011039734
6.527678608894348
6.5277321338653564
6.527785658836365
6.527837038040161
6.527891635894775
6.52794349193573
6.599360466003418
6.599429368972778
6.599483966827393
6.599535942077637
6.599588513374329
6.599639415740967
6.599694490432739
6.599744915962219
6.364646077156067
6.364780902862549
6.3648375272750854
6.364917516708374
6.364975452423096
6.365025997161865
6.365077018737793
6.3651264905929565
6.589953541755676
6.590011477470398
6.590061545372009
6.590114593505859
6.590163588523865
6.590211391448975
6.590259432792664
6.590306997299194
6.362848520278931
6.362908482551575
6.362960457801819
6.363011479377747
6.363062500953674
6.36311399936676
6.363164067268372
6.363213539123535
6.509738564491272
6.509801983833313
6.509855508804321
6.5099780559539795
6.510044574737549
6.510098457336426
6.510151028633118
6.510202050209045
6.676410436630249
6.676471948623657
6.676524519920349
6.676584959030151
6.676642417907715
6.676693439483643
6.67674446105957
6.676795482635498
6.620813012123108
6.6208754777908325
6.620928049087524
6.620979070663452
6.621029615402222
6.621080040931702
6.621129512786865
6.621178507804871
6.530368447303772
6.530428886413574
6.530505418777466
6.530558466911316
6.530609846115112
6.530658960342407
6.530706882476807
6.530755400657654
6.38434898853302
6.384410977363586
6.384463548660278
6.384516000747681
6.384567022323608
6.3846166133880615
6.384666562080383
6.384715557098389
6.269156098365784
6.269218564033508
6.269270062446594
6.269319534301758
6.269370079040527
6.269419074058533
6.269468069076538
6.2695430517196655
6.5611549615859985
6.561213493347168
6.561264991760254
6.561346411705017
6.561413526535034
6.561464428901672
6.561519980430603
6.561569929122925
6.48081362247467
6.4808690547943115
6.480921626091003
6.480970025062561
6.48101806640625
6.481065034866333
6.481111526489258
6.48115861415863
6.586317420005798
6.586378455162048
6.58643102645874
6.586483955383301
6.586535453796387
6.586585521697998
6.58663547039032
6.586699485778809
6.341852426528931
6.3419429063797
6.342000961303711
6.342054486274719
6.342106461524963
6.342156410217285
6.342208385467529
6.342258930206299
6.368257999420166
6.36832058429718
6.368372440338135
6.368423938751221
6.36847448348999
6.368523955345154
6.368574023246765
6.368622541427612
6.656743049621582
6.6568039655685425
6.656856060028076
6.656906962394714
6.656957030296326
6.657005429267883
6.657055020332336
6.657107472419739
6.657664060592651
6.657727956771851
6.657782554626465
6.657835483551025
6.657891511917114
6.6579430103302
6.657994508743286
6.6580445766448975
7.139882564544678
7.139946460723877
7.1400004625320435
7.140050053596497
7.140102028846741
7.1401530504226685
7.140204548835754
7.140254974365234
6.948492884635925
6.948554873466492
6.948607444763184
6.948657035827637
6.9487080574035645
6.948758006095886
6.948809504508972
6.948859930038452
6.969977855682373
6.970040440559387
6.970093488693237
6.970142960548401
6.9701924324035645
6.97024142742157
6.97029185295105
6.970340847969055
6.881760954856873
6.881821870803833
6.881873965263367
6.881922960281372
6.881973505020142
6.88202440738678
6.882079482078552
6.882130026817322
6.761667609214783
6.761734127998352
6.761786580085754
6.7618361711502075
6.761888146400452
6.761938095092773
6.761992573738098
6.76204252243042
7.234876990318298
7.234938025474548
7.234989523887634
7.2350380420684814
7.235088467597961
7.235137462615967
7.235187411308289
7.235237002372742
7.4335105419158936
7.433574080467224
7.433627605438232
7.433677554130554
7.433728575706482
7.433778524398804
7.433831095695496
7.433882117271423
7.396659970283508
7.396721005439758
7.396772980690002
7.39682149887085
7.39687192440033
7.3969210386276245
7.396970987319946
7.3970195055007935
7.4682838916778564
7.468346476554871
7.468398928642273
7.468448996543884
7.468500971794128
7.468552350997925
7.4686039686203
7.468655467033386
7.331353545188904
7.331419467926025
7.331472992897034
7.331524014472961
7.331576347351074
7.3316274881362915
7.331679463386536
7.331730961799622
7.318325996398926
7.318388104438782
7.318439483642578
7.318488121032715
7.318538069725037
7.318587064743042
7.318642616271973
7.318691611289978
7.28984010219574
7.28990364074707
7.289957523345947
7.290007591247559
7.2900590896606445
7.290111541748047
7.2901670932769775
7.2902185916900635
7.3751853704452515
7.375256419181824
7.375310897827148
7.37536346912384
7.375415921211243
7.375468373298645
7.375521421432495
7.375572443008423
7.630480051040649
7.6305530071258545
7.630610466003418
7.630659580230713
7.630711078643799
7.630761504173279
7.630812048912048
7.630862474441528
7.441104888916016
7.441168904304504
7.441221356391907
7.441269397735596
7.441319465637207
7.441368460655212
7.441418409347534
7.441467881202698
7.428458571434021
7.42852509021759
7.42858362197876
7.428635120391846
7.428687572479248
7.428739547729492
7.428792595863342
7.428844571113586
7.459326505661011
7.459390044212341
7.45944356918335
7.459493517875671
7.459545016288757
7.459596037864685
7.459648013114929
7.459699511528015
7.294903039932251
7.29496443271637
7.295015454292297
7.295063495635986
7.295114994049072
7.295163512229919
7.295212984085083
7.295261979103088
7.162350058555603
7.162415027618408
7.162467956542969
7.162517428398132
7.1625694036483765
7.162654995918274
7.162717938423157
7.162771463394165
7.291787505149841
7.291849970817566
7.29190194606781
7.291951417922974
7.2920039892196655
7.292054533958435
7.2921059131622314
7.292157411575317
7.230196475982666
7.230255961418152
7.230306506156921
7.230354428291321
7.230406403541565
7.230454921722412
7.230504989624023
7.230553507804871
7.168673992156982
7.168735504150391
7.168785929679871
7.168865442276001
7.168926477432251
7.168997406959534
7.169096946716309
7.169152021408081
7.224799036979675
7.224865555763245
7.224921464920044
7.224971532821655
7.225022912025452
7.225082874298096
7.225133419036865
7.225182414054871
7.71658992767334
7.716652989387512
7.716704964637756
7.716752409934998
7.716801881790161
7.716859936714172
7.716909408569336
7.716957926750183
7.48887300491333
7.488932967185974
7.488983988761902
7.489031910896301
7.489081859588623
7.489130973815918
7.4891804456710815
7.489229440689087
7.156345963478088
7.156408429145813
7.156460404396057
7.156508922576904
7.156559467315674
7.156609892845154
7.15666401386261
7.156713962554932
7.395769476890564
7.395834445953369
7.395887851715088
7.395937442779541
7.3959879875183105
7.396038889884949
7.396090030670166
7.396139979362488
7.680882096290588
7.680946588516235
7.680999159812927
7.681049108505249
7.6810996532440186
7.68114960193634
7.681199550628662
7.6812485456466675
7.930821537971497
7.930884480476379
7.9309364557266235
7.9309844970703125
7.931034564971924
7.931083559989929
7.93113100528717
7.931180000305176
7.738962531089783
7.73902153968811
7.739071607589722
7.739119529724121
7.739168643951416
7.739217638969421
7.739264011383057
7.739312529563904
7.79393196105957
7.793991565704346
7.794043064117432
7.794095516204834
7.794146537780762
7.794196009635925
7.794244050979614
7.794296503067017
7.822314023971558
7.8223724365234375
7.822422027587891
7.822468996047974
7.822517991065979
7.822566509246826
7.822612404823303
7.822661519050598
7.768783926963806
7.768875002861023
7.768929958343506
7.768979549407959
7.769030451774597
7.769080996513367
7.769128918647766
7.769178986549377
7.749642014503479
7.749701499938965
7.749752998352051
7.749801516532898
7.749851584434509
7.749917984008789
7.749979496002197
7.7500319480896
7.62935209274292
7.629410982131958
7.629462003707886
7.629510521888733
7.629561066627502
7.629611015319824
7.629658579826355
7.6297080516815186
7.494102954864502
7.494163990020752
7.49421501159668
7.494263052940369
7.494315028190613
7.49436354637146
7.494411587715149
7.4944599866867065
7.837582468986511
7.837643504142761
7.83769690990448
7.837744951248169
7.837793946266174
7.837841987609863
7.83788788318634
7.837938547134399
7.6278464794158936
7.627904057502747
7.627952456474304
7.627997994422913
7.628045558929443
7.628092408180237
7.628137469291687
7.62818455696106
7.643555521965027
7.64361310005188
7.643660545349121
7.64370596408844
7.643761515617371
7.643808007240295
7.643852591514587
7.64389955997467
7.4726176261901855
7.472676038742065
7.472723960876465
7.4727699756622314
7.472816586494446
7.472862482070923
7.472910523414612
7.47295606136322
7.427608847618103
7.427670955657959
7.427722454071045
7.427770495414734
7.427820920944214
7.427870392799377
7.427917838096619
7.427966952323914
7.686615467071533
7.686715483665466
7.686803936958313
7.686876535415649
7.686941504478455
7.686994552612305
7.687042951583862
7.687095046043396
7.821052432060242
7.821113467216492
7.821186423301697
7.821238398551941
7.821289420127869
7.821338891983032
7.821384906768799
7.821485996246338
7.5305551290512085
7.5306185483932495
7.530672073364258
7.53072202205658
7.530782103538513
7.530866026878357
7.5309154987335205
7.530994534492493
7.805209040641785
7.8052754402160645
7.8053295612335205
7.80539858341217
7.80546247959137
7.8055174350738525
7.80556857585907
7.805622577667236
7.949429035186768
7.949488520622253
7.949540019035339
7.949589967727661
7.949639916419983
7.949689984321594
7.949736952781677
7.949786424636841
7.8189074993133545
7.818967938423157
7.8190189599990845
7.819067001342773
7.81915009021759
7.819213509559631
7.819267511367798
7.819321393966675
7.478575825691223
7.478646397590637
7.478698492050171
7.478747367858887
7.47879695892334
7.47884738445282
7.478894948959351
7.478947401046753
7.752212047576904
7.752276539802551
7.7523335218429565
7.752385497093201
7.752437591552734
7.752489447593689
7.752539038658142
7.75258994102478
7.882178544998169
7.882243633270264
7.882297158241272
7.882347583770752
7.882399559020996
7.882450103759766
7.882498502731323
7.882577061653137
7.850122451782227
7.850186467170715
7.850239515304565
7.850289583206177
7.850340962409973
7.850391507148743
7.850461006164551
7.850527405738831
7.565121412277222
7.565188407897949
7.565256953239441
7.565310001373291
7.565363883972168
7.565415382385254
7.565464496612549
7.565516471862793
7.767612457275391
7.767676472663879
7.767757058143616
7.767813444137573
7.767868399620056
7.76792049407959
7.767969965934753
7.76802396774292
8.154718041419983
8.154784917831421
8.154839873313904
8.154890418052673
8.154945015907288
8.154996991157532
8.155045986175537
8.155128479003906
8.077509045600891
8.077576041221619
8.077630043029785
8.077679991722107
8.077731966972351
8.077782988548279
8.077831506729126
8.077883005142212
7.545502066612244
7.54556143283844
7.545619964599609
7.545667052268982
7.545758485794067
7.545822501182556
7.545873045921326
7.5459229946136475
8.104134440422058
8.104196429252625
8.104279518127441
8.10434603691101
8.104403495788574
8.104455947875977
8.104505062103271
8.104560494422913
7.88357412815094
7.883638501167297
7.883695483207703
7.883744955062866
7.883798599243164
7.883849501609802
7.883897542953491
7.883947968482971
7.606625556945801
7.606687068939209
7.60673713684082
7.606784105300903
7.606833100318909
7.60688054561615
7.606925964355469
7.606974482536316
8.227743029594421
8.227804899215698
8.227856516838074
8.227905035018921
8.227966070175171
8.228015542030334
8.228062987327576
8.228113532066345
7.905346035957336
7.905408024787903
7.905460476875305
7.905509114265442
7.905558466911316
7.905608534812927
7.9056556224823
7.905705571174622
8.3213050365448
8.321368098258972
8.3214191198349
8.3214670419693
8.321515560150146
8.321564078330994
8.32161009311676
8.32165813446045
8.09088397026062
8.090944409370422
8.09099543094635
8.091043949127197
8.091097950935364
8.091148972511292
8.091195940971375
8.091245532035828
8.128504037857056
8.128565549850464
8.128615975379944
8.128664016723633
8.128713488578796
8.128761529922485
8.128807544708252
8.1288560628891
7.788888454437256
7.788947939872742
7.788997530937195
7.78904402256012
7.789092063903809
7.789140939712524
7.789188504219055
7.789236903190613
8.104076981544495
8.10413658618927
8.10418701171875
8.104235053062439
8.10428500175476
8.104334592819214
8.104381442070007
8.104431509971619
7.940235018730164
7.940295934677124
7.940346956253052
7.940394997596741
7.94044554233551
7.940495014190674
7.940541982650757
7.940590023994446
8.343522548675537
8.343585014343262
8.343636989593506
8.343686580657959
8.34373664855957
8.343786001205444
8.343838095664978
8.34388816356659
8.620795965194702
8.620857000350952
8.62090802192688
8.62095594406128
8.62100601196289
8.621055483818054
8.621102452278137
8.62115204334259
8.311069011688232
8.31113350391388
8.31118643283844
8.311235070228577
8.311285495758057
8.311334490776062
8.311381459236145
8.311431407928467
8.525964975357056
8.5260249376297
8.526075959205627
8.526123523712158
8.526174545288086
8.526224493980408
8.52627158164978
8.526320457458496
8.477925062179565
8.477984547615051
8.478036046028137
8.478084564208984
8.478138089179993
8.478188633918762
8.478235483169556
8.47828459739685
8.371950387954712
8.372007012367249
8.372056365013123
8.372107863426208
8.372157454490662
8.37220549583435
8.372251391410828
8.372298955917358
8.620592951774597
8.62065052986145
8.620702028274536
8.620748519897461
8.620798468589783
8.62084698677063
8.620892524719238
8.620941519737244
8.670864582061768
8.67094349861145
8.67099642753601
8.6710444688797
8.671096563339233
8.671146035194397
8.671200037002563
8.671247601509094
8.930859446525574
8.930920958518982
8.930974006652832
8.931023955345154
8.931075930595398
8.931126952171326
8.931175947189331
8.9312264919281
8.78442645072937
8.784489393234253
8.784543514251709
8.784593939781189
8.784645915031433
8.78469693660736
8.784745931625366
8.784798502922058
8.554053902626038
8.554115891456604
8.554168462753296
8.55421793460846
8.554269433021545
8.554319858551025
8.554368495941162
8.554425477981567
8.434561967849731
8.43462347984314
8.434679985046387
8.434730529785156
8.434783577919006
8.434834957122803
8.435001969337463
8.43506646156311
8.840145587921143
8.840206027030945
8.840272665023804
8.840323090553284
8.840376496315002
8.840429067611694
8.840477585792542
8.840529680252075
8.52761709690094
8.527683973312378
8.527734518051147
8.527782559394836
8.527873039245605
8.52794349193573
8.527995467185974
8.528046011924744
8.449113011360168
8.449173927307129
8.44922649860382
8.44927704334259
8.449330449104309
8.449381470680237
8.449434995651245
8.449494004249573
8.478311419487
8.478369951248169
8.478419542312622
8.47853684425354
8.478592872619629
8.478655457496643
8.478701949119568
8.47875189781189
8.604839086532593
8.60489547252655
8.604945063591003
8.60503900051117
8.605099439620972
8.60517406463623
8.60522198677063
8.605270981788635
8.98580002784729
8.98586094379425
8.985955476760864
8.986009955406189
8.986131429672241
8.986184477806091
8.986233949661255
8.986284971237183
8.829200029373169
8.8292635679245
8.82931649684906
8.829366564750671
8.829426527023315
8.82947850227356
8.829526543617249
8.829578042030334
8.804251432418823
8.804315090179443
8.80436897277832
8.804420113563538
8.804474472999573
8.804527521133423
8.804580569267273
8.804634094238281
9.041210651397705
9.041270136833191
9.041322112083435
9.04137110710144
9.041423082351685
9.04147458076477
9.041523098945618
9.041574001312256
8.73179841041565
8.731860518455505
8.731918454170227
8.731969952583313
8.732023000717163
8.732074975967407
8.732130527496338
8.73219096660614
8.414126992225647
8.414187908172607
8.414238929748535
8.41428804397583
8.414339423179626
8.414389967918396
8.414436936378479
8.414487957954407
8.266240000724792
8.266299962997437
8.266350984573364
8.266399502754211
8.266450881958008
8.266501545906067
8.26655399799347
8.266605019569397
8.763298988342285
8.763360381126404
8.763412475585938
8.763460874557495
8.763510942459106
8.763562440872192
8.76361083984375
8.763661861419678
8.659401535987854
8.659461498260498
8.6595139503479
8.659562468528748
8.659614562988281
8.659665584564209
8.659713983535767
8.659764051437378
8.578757524490356
8.578818559646606
8.578880906105042
8.578930974006653
8.578984022140503
8.579035997390747
8.579084515571594
8.579135537147522
8.854761600494385
8.854823589324951
8.854876518249512
8.854925513267517
8.854977011680603
8.855029463768005
8.855077981948853
8.855128407478333
8.639407515525818
8.639469504356384
8.63952100276947
8.639569401741028
8.639622449874878
8.639672994613647
8.639720439910889
8.639771938323975
8.499796986579895
8.499863028526306
8.499917984008789
8.499968409538269
8.500020861625671
8.500072956085205
8.500122427940369
8.500175476074219
9.014777064323425
9.014840126037598
9.014893651008606
9.014944076538086
9.014997124671936
9.015048503875732
9.015098094940186
9.015160083770752
9.167311429977417
9.167376518249512
9.167430520057678
9.167481541633606
9.167534947395325
9.167587518692017
9.167637467384338
9.16769003868103
9.269226551055908
9.26928699016571
9.269344091415405
9.269394516944885
9.269446611404419
9.269499063491821
9.269548058509827
9.269604086875916
9.514697909355164
9.514755487442017
9.514806032180786
9.51485550403595
9.514904975891113
9.514955997467041
9.515004992485046
9.51505696773529
9.509688019752502
9.509745597839355
9.509796023368835
9.509844541549683
9.509891629219055
9.509942531585693
9.509990572929382
9.510042071342468
9.422163486480713
9.422220945358276
9.422271490097046
9.422321081161499
9.422370553016663
9.422421932220459
9.42246949672699
9.42252004146576
9.522697567939758
9.522753596305847
9.52280306816101
9.5228511095047
9.522898077964783
9.522947072982788
9.522993564605713
9.523043036460876
9.527400374412537
9.527459025382996
9.527510404586792
9.527559995651245
9.527636885643005
9.527694463729858
9.52774441242218
9.52779746055603
9.503634572029114
9.50369107723236
9.50374150276184
9.503790616989136
9.503838062286377
9.503890037536621
9.503939032554626
9.503989577293396
9.462922930717468
9.462983012199402
9.463035464286804
9.463085532188416
9.463133931159973
9.463186979293823
9.463236451148987
9.463287949562073
9.634096384048462
9.634155511856079
9.634207367897034
9.634256482124329
9.634304881095886
9.634356379508972
9.63440489768982
9.634456515312195
9.499813914299011
9.499889850616455
9.499941945075989
9.499990940093994
9.500038385391235
9.500091433525085
9.500139355659485
9.50018835067749
9.437830448150635
9.43788743019104
9.437939524650574
9.437987446784973
9.43803596496582
9.438087463378906
9.438140034675598
9.438191413879395
9.41295301914215
9.413008451461792
9.4130619764328
9.413109064102173
9.413155555725098
9.413203954696655
9.413250088691711
9.413339018821716
9.495053052902222
9.495115041732788
9.49516761302948
9.49521803855896
9.495267510414124
9.495319485664368
9.495368599891663
9.495420932769775
9.354550004005432
9.354606032371521
9.354655981063843
9.354703545570374
9.354750990867615
9.354815483093262
9.354877948760986
9.354933500289917
9.382724404335022
9.382781863212585
9.382832407951355
9.382882952690125
9.382930517196655
9.382980942726135
9.383036017417908
9.383086442947388
9.317906022071838
9.317965507507324
9.318017959594727
9.31806743144989
9.318116545677185
9.318197965621948
9.318260431289673
9.318315505981445
9.648602604866028
9.64866054058075
9.648711562156677
9.648760080337524
9.648843050003052
9.648900508880615
9.648949980735779
9.649001598358154
9.595378518104553
9.595436453819275
9.595515608787537
9.59557056427002
9.595622062683105
9.595677018165588
9.5957270860672
9.595779538154602
9.29212486743927
9.292183995246887
9.292234897613525
9.292283535003662
9.29233193397522
9.292383432388306
9.292430996894836
9.292483448982239
9.629372000694275
9.629426956176758
9.62947702407837
9.62952446937561
9.629570960998535
9.629621386528015
9.629668951034546
9.629720091819763
9.617113471031189
9.617166996002197
9.617215037345886
9.617261528968811
9.61730706691742
9.617354989051819
9.617401003837585
9.617449045181274
9.581087470054626
9.581142544746399
9.58119547367096
9.5812429189682
9.581290006637573
9.58133852481842
9.581385493278503
9.581434488296509
9.465193510055542
9.465246558189392
9.465294003486633
9.4653400182724
9.465385556221008
9.465433955192566
9.465479493141174
9.465533018112183
9.416188478469849
9.416244506835938
9.416293978691101
9.416340947151184
9.41638696193695
9.416436553001404
9.41648244857788
9.416530966758728
9.357286095619202
9.357339024543762
9.357388019561768
9.357434511184692
9.357480525970459
9.357528924942017
9.35757601261139
9.357625007629395
9.25552749633789
9.255585432052612
9.255635499954224
9.255682468414307
9.255730032920837
9.255784034729004
9.255831956863403
9.255883574485779
9.52015733718872
9.5202134847641
9.520263433456421
9.52031135559082
9.52036190032959
9.520411372184753
9.520457863807678
9.520508408546448
9.736815094947815
9.736871600151062
9.736921548843384
9.736968636512756
9.737015128135681
9.737064599990845
9.737110614776611
9.737160563468933
9.279116034507751
9.27917206287384
9.279222011566162
9.279270052909851
9.279316425323486
9.279367089271545
9.2794269323349
9.27947747707367
9.527645468711853
9.527700424194336
9.527748107910156
9.527793407440186
9.527838945388794
9.52788758277893
9.527932524681091
9.52798056602478
9.573073625564575
9.573127031326294
9.573173999786377
9.573220133781433
9.573264479637146
9.573312044143677
9.57335650920868
9.573404550552368
9.267207980155945
9.2672621011734
9.2673100233078
9.267356395721436
9.267401933670044
9.267458081245422
9.267507553100586
9.267555475234985
9.724498510360718
9.724554538726807
9.724604487419128
9.724652647972107
9.7246994972229
9.724749565124512
9.724796056747437
9.7248455286026
9.536701440811157
9.536756992340088
9.536806464195251
9.536853432655334
9.53689992427826
9.536948919296265
9.536995530128479
9.537045955657959
9.923259973526001
9.923314571380615
9.923363089561462
9.923410534858704
9.923461079597473
9.9235121011734
9.923558592796326
9.92360806465149
9.809447407722473
9.809504389762878
9.809553861618042
9.809601426124573
9.809647917747498
9.809697389602661
9.809744954109192
9.809793949127197
9.69941508769989
9.69947063922882
9.69951856136322
9.699565052986145
9.699610114097595
9.699658632278442
9.69970452785492
9.699752569198608
9.795735478401184
9.795790910720825
9.795840859413147
9.795888543128967
9.795937418937683
9.79598343372345
9.796029925346375
9.796079993247986
10.13936448097229
10.139420986175537
10.139469981193542
10.139515995979309
10.13956105709076
10.13960599899292
10.139650464057922
10.139698386192322
10.298434972763062
10.29848837852478
10.298537969589233
10.298584580421448
10.298629403114319
10.298674464225769
10.298718929290771
10.298763513565063
10.364034533500671
10.364089131355286
10.364136576652527
10.364183068275452
10.364227533340454
10.364272594451904
10.364317059516907
10.36436152458191
10.358862519264221
10.358917593955994
10.358966588973999
10.359013080596924
10.359058022499084
10.359103560447693
10.359150528907776
10.359220504760742
10.260549902915955
10.26060700416565
10.260661363601685
10.260709404945374
10.260756373405457
10.260803461074829
10.260849475860596
10.260895371437073
10.226471066474915
10.226529002189636
10.226580023765564
10.22662901878357
10.226677536964417
10.226725101470947
10.226772546768188
10.226820588111877
10.38769257068634
10.387749552726746
10.387800574302673
10.387848496437073
10.387896537780762
10.387943506240845
10.387990474700928
10.3880375623703
10.230747938156128
10.23080587387085
10.230878829956055
10.230932474136353
10.230982899665833
10.23103141784668
10.231079339981079
10.231135964393616
10.204487442970276
10.204542517662048
10.204591512680054
10.204638481140137
10.20468544960022
10.204731464385986
10.204777956008911
10.20482349395752
10.190155386924744
10.190236449241638
10.19028890132904
10.190337419509888
10.190406441688538
10.190459489822388
10.190507888793945
10.19055438041687
10.200761079788208
10.200814962387085
10.200864434242249
10.200911521911621
10.200957536697388
10.201003074645996
10.201050519943237
10.201096534729004
10.167808055877686
10.167863965034485
10.16791296005249
10.167960405349731
10.168006896972656
10.16805350780487
10.16809892654419
10.168144464492798
10.188252925872803
10.188311457633972
10.188362836837769
10.188412427902222
10.188460946083069
10.188508987426758
10.188556909561157
10.188610911369324
10.16472041606903
10.164786458015442
10.164838910102844
10.164939403533936
10.164991021156311
10.165039539337158
10.1650869846344
10.16513442993164
10.174841523170471
10.174899339675903
10.174951434135437
10.175000429153442
10.17504894733429
10.175097346305847
10.175148963928223
10.175197005271912
10.143931031227112
10.143988966941833
10.144056916236877
10.144146919250488
10.1442049741745
10.144255995750427
10.144304513931274
10.144384503364563
10.126767992973328
10.126824975013733
10.126875519752502
10.126922965049744
10.126969933509827
10.127016425132751
10.127062916755676
10.127108931541443
10.075768947601318
10.075827479362488
10.075876951217651
10.075926065444946
10.07597303390503
10.076019048690796
10.076066017150879
10.076111912727356
10.108176946640015
10.108235001564026
10.108284950256348
10.108332514762878
10.108379125595093
10.108441472053528
10.108500957489014
10.10854947566986
10.324617505073547
10.324674487113953
10.324724435806274
10.324771046638489
10.324816584587097
10.324861884117126
10.324906945228577
10.324951410293579
10.116928577423096
10.116984128952026
10.117032527923584
10.117079019546509
10.11712396144867
10.117169499397278
10.117214560508728
10.117259502410889
10.061787009239197
10.061841607093811
10.061890602111816
10.061938047409058
10.061985492706299
10.062031507492065
10.06208050251007
10.062126517295837
9.934558510780334
9.93461549282074
9.934670448303223
9.934720039367676
9.934767484664917
9.934814929962158
9.934863448143005
9.934910535812378
9.82927942276001
9.829336881637573
9.829387903213501
9.829436898231506
9.829485416412354
9.829533457756042
9.829581499099731
9.829628467559814
9.944915890693665
9.944974422454834
9.945026516914368
9.945075988769531
9.945124387741089
9.945172905921936
9.945220470428467
9.945268511772156
10.107056617736816
10.107113599777222
10.10716998577118
10.107218623161316
10.107265591621399
10.107312083244324
10.107358574867249
10.107404589653015
9.997836112976074
9.997891664505005
9.997941613197327
9.997989058494568
9.99803614616394
9.998083114624023
9.998128652572632
9.998175501823425
9.853476524353027
9.853553652763367
9.853605151176453
9.853655099868774
9.853702545166016
9.853750109672546
9.853797554969788
9.853848099708557
10.069597005844116
10.069653034210205
10.069702982902527
10.069750547409058
10.069799065589905
10.069845080375671
10.069890975952148
10.069936513900757
10.500747084617615
10.500804662704468
10.5008544921875
10.500901579856873
10.500948071479797
10.500993490219116
10.501039505004883
10.501085638999939
10.37426245212555
10.374316453933716
10.374363422393799
10.374409437179565
10.374458909034729
10.374504446983337
10.37454903125763
10.374593496322632
10.526684999465942
10.526741027832031
10.526790976524353
10.526838421821594
10.526885986328125
10.526932954788208
10.526978969573975
10.527024984359741
10.55818247795105
10.558241486549377
10.558294415473938
10.558345079421997
10.558394432067871
10.558443427085876
10.558491587638855
10.55854046344757
10.436858415603638
10.436914920806885
10.436965346336365
10.437013983726501
10.4370619058609
10.437108993530273
10.437156438827515
10.437203407287598
10.137269496917725
10.137324452400208
10.137374520301819
10.137422561645508
10.13746953010559
10.137516021728516
10.13756251335144
10.137609004974365
10.623344540596008
10.623403549194336
10.623454689979553
10.623503684997559
10.623551607131958
10.623599171638489
10.623652577400208
10.623700022697449
10.502845525741577
10.502948522567749
10.503010034561157
10.50306248664856
10.503142476081848
10.503198027610779
10.503250002861023
10.503303527832031
10.761126518249512
10.761188507080078
10.761242628097534
10.76129412651062
10.761346459388733
10.761396527290344
10.761447072029114
10.76149606704712
10.64815354347229
10.64821708202362
10.648271083831787
10.648335099220276
10.648425102233887
10.64848005771637
10.648571610450745
10.648627161979675
10.401936531066895
10.401998043060303
10.402052521705627
10.402104020118713
10.4021555185318
10.402213454246521
10.402262568473816
10.40231204032898
10.29185152053833
10.291911482810974
10.291964650154114
10.292015075683594
10.2920640707016
10.29211413860321
10.292162537574768
10.292211174964905
10.569594502449036
10.569656014442444
10.569710493087769
10.569761991500854
10.569813013076782
10.56986391544342
10.56991446018219
10.56996500492096
10.500250935554504
10.500338554382324
10.500393986701965
10.500446081161499
10.500496983528137
10.500547051429749
10.50059700012207
10.500648975372314
10.599810481071472
10.599870920181274
10.599923491477966
10.599974989891052
10.600024461746216
10.600081443786621
10.600131034851074
10.60017991065979
10.536168456077576
10.536347389221191
10.536401987075806
10.536452889442444
10.536504030227661
10.536553859710693
10.536603450775146
10.5366530418396
10.430583477020264
10.430646538734436
10.430701494216919
10.430752515792847
10.430803537368774
10.43085253238678
10.430902481079102
10.430951595306396
10.72749638557434
10.727556347846985
10.727616906166077
10.727670431137085
10.727721929550171
10.72777247428894
10.727823376655579
10.727874398231506
10.81233298778534
10.812397480010986
10.812453508377075
10.81250548362732
10.812562942504883
10.812614440917969
10.812664985656738
10.812715411186218
11.063033103942871
11.063093662261963
11.063147068023682
11.063198566436768
11.063249111175537
11.063299059867859
11.063348650932312
11.063398003578186
10.947839975357056
10.94790256023407
10.947957038879395
10.94800853729248
10.948210000991821
10.948266983032227
10.948319554328918
10.948370099067688
10.97238039970398
10.972438931465149
10.972491979598999
10.972542881965637
10.972592949867249
10.972642421722412
10.972691416740417
10.97274100780487
11.053052544593811
11.05311143398285
11.053162932395935
11.053211450576782
11.053264498710632
11.053312420845032
11.053359985351562
11.053407430648804
10.7411630153656
10.741219878196716
10.741269946098328
10.741317868232727
10.7413649559021
10.741411924362183
10.741458892822266
10.741505861282349
11.015726923942566
11.01578140258789
11.015830039978027
11.015875935554504
11.015920996665955
11.015965938568115
11.016010880470276
11.01606547832489
10.886802077293396
10.886856079101562
10.886903524398804
10.886949062347412
10.88699460029602
10.887038469314575
10.887083053588867
10.887127161026001
10.835206389427185
10.835259556770325
10.83530843257904
10.835354924201965
10.835400462150574
10.835446000099182
10.835490942001343
10.835536003112793
10.917285919189453
10.917345523834229
10.917397499084473
10.917448043823242
10.91749656200409
10.917544960975647
10.91759741306305
10.917647004127502
10.962251424789429
10.962312936782837
10.962366461753845
10.962417960166931
10.9624685049057
10.962517976760864
10.962567448616028
10.96261751651764
10.694372415542603
10.694433450698853
10.69448697566986
10.694536924362183
10.694586873054504
10.69463586807251
10.694684982299805
10.69473397731781
10.932142496109009
10.932202458381653
10.932260990142822
10.932310461997986
10.932358503341675
10.932406425476074
10.932454466819763
10.932501912117004
11.04252552986145
11.042581558227539
11.042631030082703
11.042678117752075
11.042724013328552
11.042770028114319
11.04281497001648
11.04286003112793
10.88206160068512
10.882116079330444
10.882164001464844
10.882210969924927
10.882256984710693
10.882302522659302
10.88234806060791
10.882393598556519
10.795499086380005
10.795559048652649
10.79561161994934
10.795660495758057
10.795709490776062
10.795761585235596
10.795827031135559
10.795887112617493
10.687011003494263
10.687073469161987
10.687127947807312
10.687179446220398
10.687230467796326
10.687313914299011
10.687377452850342
10.68745505809784
11.34884798526764
11.348907470703125
11.348960995674133
11.34901249408722
11.3490629196167
11.349112510681152
11.349162459373474
11.349212527275085
11.212024092674255
11.2121000289917
11.212155103683472
11.212205529212952
11.212254047393799
11.212302565574646
11.212350964546204
11.21239948272705
11.15286898612976
11.152948379516602
11.152999997138977
11.153048992156982
11.153095960617065
11.153142929077148
11.153189539909363
11.153236031532288
11.099027872085571
11.099081993103027
11.099134922027588
11.099181890487671
11.099227905273438
11.099273920059204
11.099323868751526
11.099369406700134
10.756883978843689
10.756940484046936
10.7569899559021
10.757036924362183
10.757082462310791
10.757127404212952
10.75717294216156
10.75721800327301
11.464438915252686
11.464497327804565
11.464548945426941
11.464597463607788
11.46464490890503
11.464691877365112
11.464737892150879
11.464783906936646
11.229824900627136
11.229886412620544
11.229940414428711
11.229991912841797
11.2300443649292
11.23009443283081
11.230144381523132
11.230193376541138
11.141404151916504
11.141465067863464
11.141517043113708
11.141567587852478
11.14161765575409
11.141667127609253
11.141716122627258
11.141766548156738
11.039074540138245
11.039132475852966
11.0392005443573
11.039250493049622
11.039302587509155
11.039374589920044
11.039498567581177
11.039554119110107
11.156530141830444
11.156587600708008
11.156638145446777
11.156702637672424
11.156778573989868
11.156830072402954
11.156927585601807
11.15698516368866
11.435922861099243
11.436022877693176
11.436112880706787
11.436173915863037
11.436224341392517
11.436271905899048
11.436330437660217
11.436388373374939
11.181783437728882
11.181842565536499
11.181912422180176
11.182008028030396
11.182060480117798
11.182109951972961
11.18215799331665
11.182204961776733
11.084175109863281
11.084241032600403
11.08429503440857
11.08434510231018
11.084394097328186
11.08444356918335
11.084491491317749
11.084563493728638
11.357525944709778
11.357585072517395
11.357638955116272
11.3576899766922
11.35774052143097
11.357790470123291
11.357844948768616
11.35789406299591
11.633538603782654
11.633597135543823
11.633649587631226
11.633699178695679
11.633748650550842
11.633798122406006
11.633847117424011
11.633895635604858
11.520127892494202
11.520186424255371
11.52023696899414
11.520285487174988
11.520338535308838
11.520386457443237
11.520432949066162
11.520480394363403
11.461294531822205
11.461349487304688
11.461399555206299
11.461447477340698
11.46149456501007
11.461541056632996
11.46158754825592
11.461634516716003
11.36598801612854
11.366055011749268
11.366106510162354
11.366154551506042
11.366202473640442
11.366248965263367
11.366294980049133
11.366341590881348
11.535576462745667
11.535634517669678
11.535691976547241
11.535772442817688
11.535825490951538
11.535874485969543
11.535922527313232
11.535970449447632
11.369727492332458
11.369786381721497
11.369841456413269
11.369928479194641
11.369977951049805
11.370026469230652
11.370074391365051
11.37012255191803
11.212444067001343
11.21251904964447
11.212573051452637
11.212621927261353
11.212671399116516
11.212719082832336
11.212767004966736
11.212815046310425
11.46428108215332
11.464338541030884
11.464389562606812
11.464439034461975
11.464487671852112
11.46453607082367
11.4645836353302
11.46463167667389
11.664150357246399
11.664207935333252
11.66425895690918
11.664307951927185
11.664357423782349
11.66440498828888
11.66445243358612
11.664499878883362
11.52345609664917
11.523515582084656
11.523568511009216
11.523619055747986
11.523668050765991
11.523717045783997
11.52376663684845
11.523815035820007
11.415935516357422
11.415995478630066
11.41605257987976
11.41610300540924
11.416152477264404
11.416200995445251
11.41624903678894
11.416297554969788
11.588342547416687
11.588399887084961
11.58845043182373
11.588499546051025
11.588546395301819
11.588593482971191
11.588639497756958
11.588685512542725
11.474726438522339
11.474781036376953
11.4748295545578
11.474876403808594
11.474921941757202
11.474967002868652
11.475011587142944
11.475059986114502
11.624842047691345
11.624894976615906
11.624942541122437
11.624987483024597
11.625031590461731
11.625074982643127
11.625119090080261
11.625163078308105
11.530746459960938
11.530800461769104
11.530848979949951
11.530894994735718
11.530939817428589
11.530988931655884
11.531033873558044
11.531077980995178
11.457675099372864
11.45773160457611
11.457784652709961
11.457833051681519
11.45788562297821
11.457934141159058
11.457981586456299
11.458028078079224
11.69987952709198
11.699947595596313
11.700006008148193
11.700056552886963
11.700104475021362
11.700152516365051
11.700215578079224
11.700275540351868
11.83228349685669
11.832338452339172
11.832389950752258
11.832436442375183
11.832481980323792
11.832526922225952
11.832595467567444
11.832645416259766
11.746634483337402
11.746714115142822
11.746764540672302
11.746812105178833
11.746857523918152
11.746902585029602
11.746947050094604
11.746991515159607
11.637489914894104
11.63754391670227
11.637592434883118
11.637638926506042
11.637683987617493
11.637731909751892
11.6377774477005
11.637821912765503
11.613492488861084
11.613548994064331
11.6135995388031
11.613648533821106
11.613696098327637
11.613743543624878
11.613795518875122
11.613842010498047
12.042309045791626
12.042366027832031
12.0424165725708
12.042470455169678
12.042549014091492
12.04260003566742
12.042648553848267
12.042695045471191
11.725558042526245
11.725615501403809
11.725664973258972
11.725712060928345
11.725759029388428
11.725805521011353
11.72585141658783
11.725897073745728
11.966230511665344
11.966310977935791
11.966363072395325
11.966410040855408
11.966456055641174
11.966501474380493
11.966547012329102
11.966591477394104
11.928252935409546
11.928307056427002
11.92835545539856
11.928401947021484
11.928447961807251
11.928492903709412
11.928545951843262
11.928590893745422
11.765681624412537
11.765735626220703
11.765784502029419
11.765831112861633
11.76587700843811
11.76592755317688
11.76598608493805
11.766047596931458
11.95152199268341
11.95157504081726
11.951622009277344
11.951668500900269
11.951712965965271
11.951757907867432
11.951812505722046
11.951856970787048
11.831239461898804
11.831295013427734
11.831345438957214
11.831392884254456
11.831438422203064
11.83148443698883
11.83152985572815
11.831575393676758
11.99136197566986
11.991418480873108
11.991468071937561
11.991515517234802
11.991562008857727
11.991607546806335
11.991653561592102
11.991699576377869
11.785739064216614
11.785796523094177
11.785856485366821
11.785903453826904
11.785949945449829
11.785995960235596
11.78604245185852
11.786087989807129
11.918856501579285
11.918913960456848
11.918965458869934
11.919013977050781
11.91906201839447
11.919109463691711
11.919156551361084
11.919203519821167
12.120290398597717
12.120347499847412
12.120407938957214
12.120457530021667
12.120506405830383
12.120553970336914
12.120601892471313
12.120649456977844
12.013084053993225
12.013141632080078
12.013193964958191
12.013243079185486
12.013291478157043
12.013339042663574
12.013386964797974
12.013434529304504
11.909403562545776
11.909461617469788
11.909512519836426
11.909562110900879
11.909610509872437
11.909658074378967
11.909709572792053
11.909757614135742
11.803485035896301
11.803538918495178
11.803587913513184
11.80363392829895
11.8036789894104
11.803723454475403
11.803768515586853
11.803812503814697
12.017544031143188
12.017598032951355
12.01764702796936
12.017694473266602
12.017742037773132
12.017788529396057
12.017835021018982
12.017881512641907
12.252268075942993
12.25232708454132
12.252378940582275
12.25242805480957
12.252479553222656
12.252533555030823
12.25258207321167
12.252629518508911
12.16505491733551
12.165116429328918
12.165170550346375
12.165221929550171
12.16527247428894
12.165322542190552
12.165372490882874
12.165423035621643
12.077011466026306
12.077072978019714
12.07712697982788
12.077178478240967
12.077228903770447
12.077278971672058
12.077343940734863
12.077394485473633
11.970734477043152
11.970790028572083
11.970840454101562
11.970888495445251
11.970935940742493
11.970982551574707
11.97102952003479
11.971076488494873
12.098121523857117
12.09817636013031
12.098246932029724
12.09830892086029
12.098358988761902
12.09840738773346
12.098453998565674
12.098500967025757
12.21090292930603
12.210960507392883
12.211011528968811
12.211060047149658
12.2111074924469
12.21115493774414
12.21120548248291
12.211252450942993
12.112259984016418
12.112316966056824
12.112371921539307
12.112420916557312
12.112468481063843
12.112515449523926
12.11256194114685
12.112608551979065
12.042142868041992
12.0422043800354
12.042261362075806
12.042313814163208
12.04236388206482
12.042414426803589
12.04246437549591
12.042513489723206
12.463003396987915
12.463069915771484
12.46312391757965
12.463175415992737
12.463225483894348
12.463274478912354
12.463323473930359
12.463374972343445
12.41060495376587
12.410662055015564
12.410712480545044
12.410760521888733
12.410807967185974
12.410863518714905
12.410910487174988
12.410957932472229
12.304120421409607
12.304178357124329
12.304228901863098
12.304276943206787
12.30432391166687
12.304369926452637
12.304416418075562
12.304462432861328
12.20249855518341
12.20256507396698
12.202614188194275
12.202661037445068
12.202706575393677
12.202752113342285
12.202797532081604
12.202842593193054
12.086438417434692
12.086493968963623
12.086542844772339
12.086589455604553
12.08663547039032
12.086681485176086
12.086726427078247
12.086771488189697
12.220710039138794
12.220763564109802
12.220811605453491
12.220857620239258
12.220903635025024
12.220948576927185
12.221043109893799
12.22109603881836
12.387706995010376
12.387762427330017
12.387810945510864
12.387857437133789
12.387902975082397
12.38794755935669
12.38799250125885
12.388036966323853
12.501006007194519
12.501064896583557
12.501118063926697
12.501168489456177
12.501218438148499
12.50126850605011
12.501318573951721
12.501368522644043
12.253714919090271
12.25377345085144
12.25382936000824
12.253902435302734
12.253957867622375
12.254009008407593
12.254058003425598
12.254107475280762
12.302541971206665
12.302598476409912
12.302649021148682
12.302697539329529
12.30274510383606
12.302793025970459
12.302839994430542
12.302887439727783
12.729900598526001
12.729990601539612
12.730043053627014
12.730091571807861
12.730139136314392
12.730186104774475
12.730232000350952
12.730279564857483
12.431792974472046
12.431849479675293
12.431900024414062
12.431947946548462
12.43199896812439
12.43204641342163
12.432093024253845
12.432139039039612
12.226818442344666
12.226879477500916
12.226931929588318
12.226982474327087
12.227030992507935
12.227079391479492
12.22716999053955
12.227274537086487
12.470147013664246
12.47020709514618
12.470260500907898
12.470327496528625
12.47039544582367
12.470448017120361
12.470498085021973
12.470547080039978
12.367393612861633
12.367449522018433
12.367499113082886
12.367547154426575
12.367594122886658
12.367640137672424
12.367686033248901
12.367735505104065
12.372862935066223
12.37294888496399
12.373008012771606
12.37305748462677
12.373103976249695
12.373149514198303
12.373194456100464
12.373239517211914
12.235406160354614
12.23546314239502
12.235514998435974
12.235564112663269
12.235612630844116
12.235660076141357
12.235707640647888
12.235756039619446
12.72610855102539
12.726168990135193
12.726224064826965
12.726277112960815
12.726328611373901
12.726378560066223
12.726429104804993
12.726479053497314
12.625087976455688
12.625159502029419
12.625214576721191
12.625267028808594
12.625317573547363
12.625367045402527
12.625420451164246
12.625470042228699
12.518389463424683
12.518467426300049
12.518519401550293
12.518568396568298
12.51861584186554
12.518661856651306
12.518709421157837
12.51875638961792
12.651959538459778
12.652015566825867
12.652065515518188
12.65211296081543
12.652158975601196
12.652205109596252
12.652250528335571
12.65229606628418
12.53632640838623
12.53638243675232
12.536431431770325
12.536479473114014
12.53652548789978
12.536570429801941
12.536620020866394
12.536665916442871
12.718253016471863
12.71830952167511
12.718358039855957
12.71840500831604
12.718455076217651
12.71850049495697
12.71854543685913
12.71859097480774
12.59106957912445
12.591130137443542
12.591184973716736
12.591236472129822
12.591286540031433
12.591336607933044
12.59138560295105
12.591434478759766
12.996201634407043
12.996282577514648
12.99633800983429
12.996390104293823
12.99644160270691
12.996492981910706
12.996580123901367
12.996678590774536
12.755560517311096
12.755618453025818
12.755709528923035
12.75576388835907
12.755812406539917
12.755859375
12.755905985832214
12.75595247745514
12.587726950645447
12.587783455848694
12.587833404541016
12.587881445884705
12.587929010391235
12.587975978851318
12.588067412376404
12.588131427764893
12.806121468544006
12.806176543235779
12.806226015090942
12.80627954006195
12.806325554847717
12.806413531303406
12.806463479995728
12.80651307106018
12.965264439582825
12.965363502502441
12.965415000915527
12.965463399887085
12.96550989151001
12.965562462806702
12.965631484985352
12.96568238735199
12.85955548286438
12.859609365463257
12.85968792438507
12.859739422798157
12.859786987304688
12.859833002090454
12.859878420829773
12.859923481941223
12.785948991775513
12.78602147102356
12.786077499389648
12.786129474639893
12.786181449890137
12.786231517791748
12.786280393600464
12.786329984664917
12.951866030693054
12.95192301273346
12.951974511146545
12.952022433280945
12.952071070671082
12.952118992805481
12.952166080474854
12.952212572097778
12.843014001846313
12.843068480491638
12.843117952346802
12.843165874481201
12.843212962150574
12.843261361122131
12.843308448791504
12.84335446357727
13.148172497749329
13.148226380348206
13.148276448249817
13.148324012756348
13.148371458053589
13.148418426513672
13.148464441299438
13.148512363433838
12.932652592658997
12.932706117630005
12.93275499343872
12.932802200317383
12.932852625846863
12.932903051376343
12.93294906616211
12.933022618293762
12.848981022834778
12.84903860092163
12.849089503288269
12.849138021469116
12.8491849899292
12.84923255443573
12.849278926849365
12.849326014518738
13.012703537940979
13.01285457611084
13.012918472290039
13.012968897819519
13.013047575950623
13.013116955757141
13.013270497322083
13.013337969779968
12.895216941833496
12.895270943641663
12.895319938659668
12.895366430282593
12.895411849021912
12.895456910133362
12.89550244808197
12.895546913146973
12.937605500221252
12.937664031982422
12.937716603279114
12.937778949737549
12.937826991081238
12.937875986099243
12.937924027442932
12.937971591949463
12.75238049030304
12.752436518669128
12.752485990524292
12.752533078193665
12.752578973770142
12.75262451171875
12.752674102783203
12.75273060798645
13.298267483711243
13.29832398891449
13.29837703704834
13.29842746257782
13.298475980758667
13.29852294921875
13.298574447631836
13.298621892929077
13.195724129676819
13.19577944278717
13.195833563804626
13.195881485939026
13.19592809677124
13.195974588394165
13.196020126342773
13.196065545082092
13.095543026924133
13.095601439476013
13.09564995765686
13.095697045326233
13.095742464065552
13.09578800201416
13.09583294391632
13.095877885818481
12.990554332733154
12.990607976913452
12.99065637588501
12.990702867507935
12.990747928619385
12.990793466567993
12.990837931632996
12.990882992744446
12.76398503780365
12.764037489891052
12.764084100723267
12.764129042625427
12.764181017875671
12.764225006103516
12.764269471168518
12.764313459396362
13.4048330783844
13.40488851070404
13.404938578605652
13.404986500740051
13.405032992362976
13.40507960319519
13.405126571655273
13.405173063278198
13.308220028877258
13.3082754611969
13.308324933052063
13.308371901512146
13.308421015739441
13.308476567268372
13.308522582054138
13.308568477630615
13.20556390285492
13.205618858337402
13.205668449401855
13.205715417861938
13.205760955810547
13.205806016921997
13.205850958824158
13.205895900726318
13.033765077590942
13.033827543258667
13.033875942230225
13.03392243385315
13.033968448638916
13.034039497375488
13.0340895652771
13.034136533737183
13.361898064613342
13.361951470375061
13.36199951171875
13.362045526504517
13.362090468406677
13.362134575843811
13.36217999458313
13.362223982810974
13.28872537612915
13.288777470588684
13.288827896118164
13.288881421089172
13.288926482200623
13.288971304893494
13.289042949676514
13.289088010787964
13.552510619163513
13.552565574645996
13.55261504650116
13.552662014961243
13.552707552909851
13.55275309085846
13.552799105644226
13.552844047546387
13.44740903377533
13.44746458530426
13.447513937950134
13.447561025619507
13.447610020637512
13.447656512260437
13.447702050209045
13.447747588157654
13.353514432907104
13.353570461273193
13.353620529174805
13.353672981262207
13.35372006893158
13.353766560554504
13.353813529014587
13.353859066963196
13.231241941452026
13.231298446655273
13.231348514556885
13.231396436691284
13.231470346450806
13.23152244091034
13.231570482254028
13.231617450714111
13.016075015068054
13.01613199710846
13.01618242263794
13.016230940818787
13.016281485557556
13.016329407691956
13.016379952430725
13.016426920890808
13.589332461357117
13.589389443397522
13.58944046497345
13.58948838710785
13.589535474777222
13.589582443237305
13.589630007743835
13.589676976203918
13.48336946964264
13.483426451683044
13.483476519584656
13.483524560928345
13.48357105255127
13.483617544174194
13.483663439750671
13.48370897769928
13.407952904701233
13.40800952911377
13.408060908317566
13.408109903335571
13.408158421516418
13.40820586681366
13.40825343132019
13.408300995826721
13.290634989738464
13.290690064430237
13.290740966796875
13.290789008140564
13.290836930274963
13.290883898735046
13.290931463241577
13.290977954864502
13.858814597129822
13.858871102333069
13.85892105102539
13.858967542648315
13.859016060829163
13.859061598777771
13.859111547470093
13.859157085418701
13.63961398601532
13.639667987823486
13.639716386795044
13.639762997627258
13.639808535575867
13.639853954315186
13.639899969100952
13.639945030212402
13.542746424674988
13.54279899597168
13.542846441268921
13.542891502380371
13.542935490608215
13.54297947883606
13.543023943901062
13.543067932128906
13.42841649055481
13.428488492965698
13.428563952445984
13.428618907928467
13.428670883178711
13.428730487823486
13.428789496421814
13.42883586883545
13.272231459617615
13.272277474403381
13.27232050895691
13.272361993789673
13.272403001785278
13.272443056106567
13.27249300479889
13.272533535957336
13.816305994987488
13.816359996795654
13.816408514976501
13.816456079483032
13.816519975662231
13.816567063331604
13.816612601280212
13.81665849685669
13.707816004753113
13.707872033119202
13.707921981811523
13.707969546318054
13.708016991615295
13.708064079284668
13.708110570907593
13.70815896987915
13.60774302482605
13.607799530029297
13.607849597930908
13.60790205001831
13.60794997215271
13.607999086380005
13.60804557800293
13.608092546463013
13.552279949188232
13.552340507507324
13.552393913269043
13.552445411682129
13.55249547958374
13.552545070648193
13.552594423294067
13.55264401435852
13.397514939308167
13.3975909948349
13.397647500038147
13.397699475288391
13.397750496864319
13.397801041603088
13.397851467132568
13.397905468940735
13.777344584465027
13.777401566505432
13.777453541755676
13.777501940727234
13.777550101280212
13.777599096298218
13.777646541595459
13.777694582939148
13.887396454811096
13.887454390525818
13.887510418891907
13.887559413909912
13.887606978416443
13.887655019760132
13.887701988220215
13.887748956680298
13.79025948047638
13.790316581726074
13.790366530418396
13.790413975715637
13.790461421012878
13.790508508682251
13.790555000305176
13.790601015090942
13.690310955047607
13.690367460250854
13.690418004989624
13.690465450286865
13.690513014793396
13.690558910369873
13.690605401992798
13.690652012825012
13.569609999656677
13.569666504859924
13.569716453552246
13.569762468338013
13.569808602333069
13.569853901863098
13.56989848613739
13.56994354724884
13.74480390548706
13.744858026504517
13.744906425476074
13.74495244026184
13.744998455047607
13.74504292011261
13.745087385177612
13.745132446289062
14.025763630867004
14.025817155838013
14.025864958763123
14.025911450386047
14.0259610414505
14.026005983352661
14.026051044464111
14.026096105575562
13.924782395362854
13.924837470054626
13.92488694190979
13.924933433532715
13.924979448318481
13.92502498626709
13.925070524215698
13.925119519233704
13.831601023674011
13.831655979156494
13.831705093383789
13.831751465797424
13.831796526908875
13.831841588020325
13.83188807964325
13.83193302154541
13.749753594398499
13.749814629554749
13.749868988990784
13.749921083450317
13.749972105026245
13.75002408027649
13.750074625015259
13.750126123428345
13.533443927764893
13.533522486686707
13.533619046211243
13.533674478530884
13.533803462982178
13.533876895904541
13.533942461013794
13.533995389938354
14.162436842918396
14.162529349327087
14.16258990764618
14.162745952606201
14.162818431854248
14.162873029708862
14.162928462028503
14.162978410720825
14.057400465011597
14.057458877563477
14.057519912719727
14.057569861412048
14.057618975639343
14.0576673746109
14.057716012001038
14.057764887809753
13.957316040992737
13.957373023033142
13.95742404460907
13.957472085952759
13.957519054412842
13.957566142082214
13.95761263370514
13.95766007900238
13.842151522636414
13.842206954956055
13.842257022857666
13.842304587364197
13.842352509498596
13.842399001121521
13.842446088790894
13.842492580413818
13.91002345085144
13.910079956054688
13.910131454467773
13.910178899765015
13.910226941108704
13.91027295589447
13.910319447517395
13.910365462303162
14.14474642276764
14.144802451133728
14.14485239982605
14.144900441169739
14.14494788646698
14.144994497299194
14.145040392875671
14.14508593082428
14.047634959220886
14.047712564468384
14.047761917114258
14.047809600830078
14.047855019569397
14.047901034355164
14.047945976257324
14.047990918159485
13.93870997428894
13.938764452934265
13.938812494277954
13.938858389854431
13.938903450965881
13.93894898891449
13.938995480537415
13.93904197216034
13.82902705669403
13.829086899757385
13.829140543937683
13.829207062721252
13.82927691936493
13.82932996749878
13.829380989074707
13.82943046092987
13.997763514518738
13.997823476791382
13.997887015342712
13.99793803691864
13.997987985610962
13.998041033744812
13.998090982437134
13.998140454292297
14.236674070358276
14.23673152923584
14.236781477928162
14.236829042434692
14.236876487731934
14.2369225025177
14.236968517303467
14.237015008926392
14.127929449081421
14.127987504005432
14.12804090976715
14.128113985061646
14.128165006637573
14.128214955329895
14.128261923789978
14.12830936908722
14.022918105125427
14.02297306060791
14.0230211019516
14.023072004318237
14.023118019104004
14.023163080215454
14.023208022117615
14.023255109786987
13.991721510887146
13.991777539253235
13.991829514503479
13.99187695980072
13.991927027702332
13.99197256565094
13.992017984390259
13.992067098617554
14.46308696269989
14.463140964508057
14.463189959526062
14.463235974311829
14.463281035423279
14.463326454162598
14.463371515274048
14.463416457176208
14.3605295419693
14.360584497451782
14.360641956329346
14.360703468322754
14.360754013061523
14.360800504684448
14.360846996307373
14.360892534255981
14.29286801815033
14.292931079864502
14.292983055114746
14.293033599853516
14.293086528778076
14.293135046958923
14.293188095092773
14.293236017227173
14.199848890304565
14.19991135597229
14.199965953826904
14.200018405914307
14.200068950653076
14.200118899345398
14.20016896724701
14.200218439102173
14.079766511917114
14.079824090003967
14.07987666130066
14.079925060272217
14.0799720287323
14.080018520355225
14.080065608024597
14.080112099647522
14.571975469589233
14.572030544281006
14.572080492973328
14.572128415107727
14.572175025939941
14.572221517562866
14.572267532348633
14.572317004203796
14.468052506446838
14.468109488487244
14.468189001083374
14.468249917030334
14.468299508094788
14.468348383903503
14.468395471572876
14.468443393707275
14.368918538093567
14.36897337436676
14.369021534919739
14.369068026542664
14.369113445281982
14.369162917137146
14.36922538280487
14.36928391456604
14.258668065071106
14.258721470832825
14.258769989013672
14.258816003799438
14.258862018585205
14.258907556533813
14.258953094482422
14.25899851322174
14.129617929458618
14.12967050075531
14.12971842288971
14.129764437675476
14.129809379577637
14.129854440689087
14.129899382591248
14.129947423934937
