-1.0
-1.0
-1.0
-1.0
-1.0
2622.5
1800.0
-1.0
-1.0
-1.0
-1.0
-1.0
-1.0
2572.5
1945.5
-1.0
-1.0
-1.0
-1.0
-1.0
-1.0
2741.5
2062.0
-1.0
-1.0
-1.0
-1.0
-1.0
-1.0
2691.5
2355.0
-1.0
-1.0
-1.0
-1.0
-1.0
-1.0
2641.5
2633.5
-1.0
-1.0
-1.0
-1.0
-1.0
-1.0
2591.5
2773.5
-1.0
-1.0
-1.0
-1.0
-1.0
-1.0
2541.5
2757.0
-1.0
-1.0
-1.0
-1.0
-1.0
-1.0
2491.5
2707.0
-1.0
-1.0
-1.0
-1.0
-1.0
-1.0
2441.5
2657.0
-1.0
-1.0
-1.0
-1.0
-1.0
-1.0
2391.5
2607.0
-1.0
-1.0
-1.0
-1.0
-1.0
-1.0
2341.5
2557.0
-1.0
-1.0
-1.0
-1.0
-1.0
-1.0
2291.5
2507.0
-1.0
-1.0
-1.0
-1.0
-1.0
-1.0
2241.5
2457.0
-1.0
-1.0
-1.0
-1.0
-1.0
-1.0
2191.5
2407.0
-1.0
-1.0
-1.0
-1.0
-1.0
-1.0
2141.5
2357.0
-1.0
-1.0
-1.0
-1.0
-1.0
-1.0
2091.5
2307.0
-1.0
-1.0
-1.0
-1.0
-1.0
-1.0
2041.5
2257.0
-1.0
-1.0
-1.0
-1.0
-1.0
-1.0
1991.5
2207.0
-1.0
-1.0
-1.0
-1.0
-1.0
-1.0
1941.5
2157.0
-1.0
-1.0
-1.0
-1.0
-1.0
-1.0
1891.5
2107.0
-1.0
-1.0
-1.0
-1.0
-1.0
-1.0
1841.5
2057.0
-1.0
-1.0
-1.0
-1.0
-1.0
-1.0
1791.5
2007.0
-1.0
-1.0
-1.0
-1.0
-1.0
-1.0
1741.5
1957.0
-1.0
-1.0
-1.0
-1.0
-1.0
-1.0
1691.5
1907.0
-1.0
-1.0
-1.0
-1.0
-1.0
-1.0
1641.5
1857.0
-1.0
-1.0
-1.0
-1.0
-1.0
-1.0
1591.5
1807.0
-1.0
-1.0
-1.0
-1.0
-1.0
-1.0
1541.5
1757.0
-1.0
-1.0
-1.0
-1.0
-1.0
-1.0
1491.5
1707.0
-1.0
-1.0
-1.0
-1.0
-1.0
-1.0
1441.5
1657.0
-1.0
3121.0
-1.0
-1.0
-1.0
-1.0
1410.0
1607.0
-1.0
3071.0
-1.0
-1.0
-1.0
-1.0
1410.0
1557.0
-1.0
3021.0
-1.0
-1.0
-1.0
-1.0
1410.0
1507.0
-1.0
2971.0
-1.0
-1.0
-1.0
-1.0
1410.0
1457.0
-1.0
2921.0
-1.0
-1.0
-1.0
-1.0
1410.0
1407.0
-1.0
2871.0
-1.0
-1.0
-1.0
-1.0
1410.0
1357.0
-1.0
2821.0
-1.0
-1.0
-1.0
-1.0
1410.0
1307.0
-1.0
2771.0
-1.0
-1.0
-1.0
-1.0
1410.0
1257.0
-1.0
2721.0
-1.0
-1.0
-1.0
-1.0
1410.0
1255.5
3057.5
2671.0
-1.0
-1.0
-1.0
-1.0
1410.0
1255.5
3007.5
2621.0
-1.0
-1.0
-1.0
-1.0
1410.0
1255.5
2957.5
2571.0
-1.0
-1.0
-1.0
-1.0
1410.0
1255.5
2907.5
2521.0
-1.0
-1.0
-1.0
-1.0
1410.0
1255.5
2857.5
2471.0
-1.0
-1.0
-1.0
-1.0
1410.0
1255.5
2807.5
2421.0
-1.0
-1.0
-1.0
-1.0
1410.0
1255.5
2757.5
2371.0
-1.0
-1.0
-1.0
-1.0
1410.0
1255.5
2707.5
2321.0
-1.0
-1.0
-1.0
-1.0
1410.0
1255.5
2657.5
2271.0
-1.0
-1.0
-1.0
-1.0
1410.0
1255.5
2607.5
2221.0
-1.0
-1.0
-1.0
-1.0
1410.0
1255.5
2557.5
2171.0
-1.0
-1.0
-1.0
-1.0
1410.0
1255.5
2507.5
2121.0
-1.0
-1.0
-1.0
-1.0
1410.0
1255.5
2457.5
2071.0
-1.0
-1.0
-1.0
-1.0
1410.0
1255.5
2407.5
2021.0
-1.0
-1.0
-1.0
-1.0
1410.0
1255.5
2357.5
1971.0
-1.0
-1.0
-1.0
-1.0
1410.0
1255.5
2307.5
1921.0
-1.0
-1.0
-1.0
-1.0
1410.0
1255.5
2257.5
1871.0
-1.0
-1.0
-1.0
-1.0
1410.0
1255.5
2207.5
1821.0
-1.0
-1.0
-1.0
-1.0
1410.0
1255.5
2157.5
1784.5
-1.0
-1.0
-1.0
3128.0
1410.0
1255.5
2107.5
1784.5
-1.0
-1.0
-1.0
3078.0
1410.0
1255.5
2057.5
1784.5
-1.0
-1.0
-1.0
3028.0
1410.0
1255.5
2007.5
1784.5
-1.0
-1.0
-1.0
2978.0
1410.0
1255.5
1957.5
1784.5
-1.0
-1.0
-1.0
2928.0
1410.0
1255.5
1907.5
1784.5
-1.0
3097.0
-1.0
2878.0
1410.0
1255.5
1866.0
1784.5
-1.0
3047.0
-1.0
2828.0
1410.0
1255.5
1866.0
1784.5
-1.0
2997.0
-1.0
2778.0
1410.0
1255.5
1866.0
1784.5
-1.0
2947.0
-1.0
2728.0
1410.0
1255.5
1866.0
1784.5
-1.0
2897.0
-1.0
2678.0
1410.0
1255.5
1866.0
1784.5
-1.0
2847.0
-1.0
2628.0
1410.0
1255.5
1866.0
1784.5
-1.0
2797.0
-1.0
2578.0
1410.0
1255.5
1866.0
1784.5
-1.0
2747.0
-1.0
2528.0
1410.0
1255.5
1866.0
1784.5
-1.0
2697.0
-1.0
2478.0
1410.0
1255.5
1866.0
1784.5
-1.0
2647.0
-1.0
2428.0
1410.0
1255.5
1866.0
1784.5
-1.0
2597.0
-1.0
2378.0
1410.0
1255.5
1866.0
1784.5
-1.0
2547.0
-1.0
2328.0
1410.0
1255.5
1866.0
1784.5
-1.0
2497.0
-1.0
2278.0
1410.0
1255.5
1866.0
1784.5
-1.0
2447.0
-1.0
2228.0
1410.0
1255.5
1866.0
1784.5
-1.0
2397.0
-1.0
2178.0
1410.0
1255.5
1866.0
1784.5
-1.0
2347.0
-1.0
2128.0
1410.0
1255.5
1866.0
1784.5
-1.0
2297.0
-1.0
2078.0
1410.0
1255.5
1866.0
1784.5
-1.0
2247.0
-1.0
2028.0
1410.0
1255.5
1866.0
1784.5
-1.0
2197.0
-1.0
1978.0
1410.0
1255.5
1866.0
1784.5
-1.0
2147.0
-1.0
1928.0
1410.0
1255.5
1866.0
1784.5
-1.0
2097.0
-1.0
1878.0
1410.0
1255.5
1866.0
1784.5
-1.0
2047.0
-1.0
1828.0
1410.0
1255.5
1866.0
1784.5
-1.0
1997.0
-1.0
1778.0
1410.0
1255.5
1866.0
1784.5
-1.0
1947.0
-1.0
1728.0
1410.0
1255.5
1866.0
1784.5
-1.0
1897.0
-1.0
1678.0
1410.0
1255.5
1866.0
1784.5
-1.0
1847.0
-1.0
1671.5
1366.5
1255.5
1866.0
1784.5
-1.0
1797.0
-1.0
1671.5
1316.5
1255.5
1866.0
1784.5
-1.0
1747.0
-1.0
1671.5
1266.5
1255.5
1866.0
1784.5
-1.0
1697.0
-1.0
1671.5
1216.5
1255.5
1866.0
1784.5
-1.0
1647.0
-1.0
1671.5
1166.5
1255.5
1866.0
1784.5
-1.0
1597.0
-1.0
1671.5
1116.5
1255.5
1866.0
1784.5
-1.0
1547.0
-1.0
1671.5
1066.5
1255.5
1866.0
1784.5
-1.0
4634.5
-1.0
1671.5
1021.5
1255.5
1866.0
1784.5
-1.0
4534.5
-1.0
1671.5
1021.5
1255.5
1866.0
1784.5
-1.0
4483.5
-1.0
1671.5
1021.5
1206.5
1866.0
1784.5
-1.0
4433.5
-1.0
1671.5
1021.5
1156.5
1866.0
1784.5
-1.0
4383.5
-1.0
1671.5
1021.5
1106.5
1866.0
1784.5
-1.0
4333.5
3103.0
1671.5
1021.5
1060.0
1866.0
1784.5
-1.0
4283.5
3053.0
1671.5
1021.5
1060.0
1866.0
1784.5
-1.0
4233.5
3003.0
1671.5
1021.5
1060.0
1866.0
1784.5
-1.0
4183.5
2953.0
1671.5
1021.5
1060.0
1866.0
1784.5
-1.0
4133.5
2903.0
1671.5
1021.5
1060.0
1866.0
1784.5
-1.0
4083.5
2853.0
1671.5
1021.5
1060.0
1866.0
1784.5
-1.0
4033.5
2803.0
1671.5
1021.5
1060.0
1866.0
1784.5
-1.0
3983.5
2753.0
1671.5
1021.5
1060.0
1866.0
1784.5
-1.0
3933.5
2703.0
1671.5
1021.5
1060.0
1866.0
1784.5
-1.0
3883.5
2653.0
1671.5
1021.5
1060.0
1866.0
1784.5
-1.0
3833.5
2603.0
1671.5
1021.5
1060.0
1866.0
1784.5
-1.0
3783.5
2553.0
1671.5
1021.5
1060.0
1866.0
1784.5
-1.0
3733.5
2503.0
1671.5
1021.5
1060.0
1866.0
1784.5
-1.0
3683.5
2453.0
1671.5
1021.5
1060.0
1866.0
1784.5
-1.0
3633.5
2403.0
1671.5
1021.5
1060.0
1866.0
1784.5
-1.0
3583.5
2353.0
1671.5
1021.5
1060.0
1866.0
1784.5
-1.0
3533.5
2303.0
1671.5
1021.5
1060.0
1866.0
1784.5
-1.0
3483.5
2253.0
1671.5
1021.5
1060.0
1866.0
1784.5
-1.0
3433.5
2203.0
1671.5
1021.5
1060.0
1866.0
1784.5
-1.0
3383.5
2153.0
1671.5
1021.5
1060.0
1866.0
1784.5
-1.0
3333.5
2103.0
1671.5
1021.5
1060.0
1866.0
1784.5
-1.0
3283.5
2053.0
1671.5
1021.5
1060.0
1866.0
1784.5
-1.0
3233.5
2003.0
1671.5
1021.5
1060.0
1866.0
1784.5
-1.0
3183.5
1953.0
1671.5
1021.5
1060.0
1866.0
1784.5
-1.0
3133.5
1903.0
1671.5
1021.5
1060.0
1866.0
1784.5
-1.0
3083.5
1853.0
1671.5
1021.5
1060.0
1866.0
1784.5
-1.0
3033.5
1803.0
1671.5
1021.5
1060.0
1866.0
1784.5
-1.0
2983.5
1753.0
1671.5
1021.5
1060.0
1866.0
1784.5
-1.0
2933.5
1703.0
1671.5
1021.5
1060.0
1866.0
1784.5
-1.0
2883.5
1653.0
1671.5
1021.5
1060.0
1866.0
1784.5
-1.0
2833.5
1603.0
1671.5
1021.5
1060.0
1866.0
1784.5
-1.0
2783.5
1553.0
1671.5
1021.5
1060.0
1866.0
1784.5
-1.0
2733.5
1503.0
1671.5
1021.5
1060.0
1866.0
1784.5
-1.0
2683.5
1453.0
1671.5
1021.5
1060.0
1866.0
1738.5
-1.0
2679.5
1403.0
1671.5
1021.5
1060.0
1866.0
1735.0
-1.0
2679.5
4449.0
1671.5
1021.5
1060.0
1866.0
1735.0
-1.0
2679.5
4349.0
1671.5
1021.5
1060.0
1866.0
1735.0
-1.0
2679.5
4249.0
1671.5
1021.5
1060.0
1866.0
1735.0
-1.0
2679.5
4149.0
1671.5
1021.5
1060.0
1866.0
1735.0
-1.0
2679.5
4049.0
1671.5
1021.5
1060.0
1866.0
1735.0
-1.0
2679.5
3949.0
1671.5
1021.5
1060.0
1866.0
1735.0
-1.0
2679.5
3849.0
1671.5
1021.5
1060.0
1866.0
1735.0
-1.0
2679.5
3749.0
1671.5
1021.5
1060.0
1866.0
4822.0
-1.0
2679.5
3670.0
1671.5
1021.5
1060.0
1866.0
4772.0
-1.0
2679.5
3620.0
1671.5
1021.5
1060.0
1866.0
4722.0
-1.0
2679.5
3570.0
1671.5
1021.5
1060.0
1866.0
4672.0
-1.0
2679.5
3520.0
1671.5
1021.5
1060.0
1866.0
4622.0
-1.0
2679.5
3470.0
1671.5
1021.5
1060.0
1866.0
4572.0
-1.0
2679.5
3420.0
1671.5
1021.5
1060.0
1866.0
4522.0
-1.0
2679.5
3370.0
1671.5
1021.5
1060.0
1866.0
4472.0
-1.0
2679.5
3320.0
1671.5
1021.5
1060.0
1866.0
4422.0
-1.0
2679.5
3270.0
1671.5
1021.5
1060.0
1866.0
4372.0
-1.0
2679.5
3220.0
1671.5
1021.5
1060.0
1866.0
4322.0
-1.0
2679.5
3170.0
1671.5
1021.5
1060.0
1866.0
4272.0
-1.0
2679.5
3120.0
1671.5
1021.5
1060.0
1866.0
4222.0
-1.0
2679.5
3070.0
1671.5
1021.5
1060.0
1866.0
4172.0
-1.0
2679.5
3020.0
1671.5
1021.5
1060.0
1866.0
4122.0
-1.0
2679.5
2970.0
1671.5
1021.5
1060.0
1866.0
4072.0
-1.0
2679.5
2920.0
1671.5
1021.5
1060.0
1866.0
4022.0
-1.0
2679.5
2870.0
1671.5
1021.5
1060.0
1866.0
3972.0
-1.0
2679.5
2820.0
1671.5
1021.5
1060.0
1866.0
3922.0
-1.0
2679.5
2770.0
1671.5
1021.5
1060.0
1866.0
3872.0
-1.0
2679.5
2720.0
1671.5
1021.5
1060.0
1866.0
3822.0
-1.0
2679.5
2692.0
1671.5
1021.5
4178.5
1866.0
3772.0
-1.0
2679.5
2692.0
1671.5
1021.5
4128.5
1866.0
3722.0
-1.0
2679.5
2692.0
1671.5
1021.5
4078.5
1866.0
3672.0
-1.0
2679.5
2692.0
1671.5
1021.5
4028.5
1866.0
3622.0
-1.0
2679.5
2692.0
1671.5
1021.5
3978.5
1866.0
3572.0
-1.0
2679.5
2692.0
1671.5
1021.5
3928.5
1866.0
3522.0
-1.0
2679.5
2692.0
1671.5
1021.5
3878.5
1866.0
3472.0
-1.0
2679.5
2692.0
1671.5
1021.5
3828.5
1866.0
3422.0
-1.0
2679.5
2692.0
1671.5
1021.5
3778.5
1866.0
3372.0
-1.0
2679.5
2692.0
1671.5
1021.5
3728.5
1866.0
3322.0
-1.0
2679.5
2692.0
1671.5
1021.5
3678.5
1866.0
3272.0
-1.0
2679.5
2692.0
1671.5
1021.5
3628.5
1866.0
3222.0
-1.0
2679.5
2692.0
1671.5
1021.5
3578.5
1866.0
3172.0
-1.0
2679.5
2692.0
1671.5
1021.5
3528.5
1866.0
3122.0
-1.0
2679.5
2692.0
1671.5
1021.5
3478.5
1866.0
3072.0
-1.0
2679.5
2692.0
1671.5
1021.5
3428.5
1866.0
3022.0
-1.0
2679.5
2692.0
1671.5
1021.5
3378.5
1866.0
2972.0
-1.0
2679.5
2692.0
1671.5
1021.5
3328.5
1866.0
2922.0
-1.0
2679.5
2692.0
1671.5
1021.5
3278.5
1866.0
2872.0
-1.0
2679.5
2692.0
1671.5
1021.5
3228.5
1866.0
2822.0
-1.0
2679.5
2692.0
1671.5
1021.5
3178.5
1866.0
2772.0
-1.0
2679.5
2692.0
1671.5
1021.5
3128.5
1866.0
2722.0
-1.0
2679.5
2692.0
1671.5
1021.5
3078.5
1866.0
2711.5
-1.0
2679.5
2652.5
1671.5
1021.5
3028.5
1866.0
2711.5
-1.0
2679.5
2602.5
1671.5
1021.5
2978.5
1866.0
2711.5
-1.0
2679.5
2552.5
1671.5
1021.5
2928.5
1866.0
2711.5
-1.0
2679.5
2502.5
1671.5
1021.5
2878.5
1866.0
2711.5
-1.0
2679.5
2452.5
1671.5
1021.5
2828.5
1866.0
2698.5
-1.0
2679.5
2415.5
1671.5
1021.5
2778.5
1866.0
2648.5
-1.0
2651.0
2415.5
1671.5
1021.5
2757.0
1866.0
2598.5
-1.0
2601.0
2415.5
1671.5
1021.5
2757.0
1866.0
2568.0
-1.0
2551.0
2415.5
1671.5
1021.5
2737.5
1866.0
2568.0
-1.0
2501.0
2415.5
1671.5
1021.5
2687.5
1866.0
2568.0
-1.0
2451.0
2415.5
1671.5
1021.5
2637.5
1866.0
2565.0
-1.0
2401.0
2415.5
1671.5
1021.5
2590.5
1866.0
2558.0
-1.0
2374.5
2406.0
1671.5
998.0
2578.5
1844.5
2558.0
-1.0
2374.5
2406.0
1671.5
948.0
2578.5
1794.5
2558.0
-1.0
2374.5
2404.5
1671.5
899.5
2578.5
1744.5
2558.0
-1.0
2374.5
2354.5
1671.5
899.5
2578.5
1694.5
2558.0
-1.0
2374.5
2304.5
1671.5
899.5
2578.5
1644.5
2558.0
-1.0
2374.5
2298.0
1671.5
899.5
2535.0
1594.5
2558.0
-1.0
2374.5
2298.0
1671.5
899.5
2485.0
1544.5
2558.0
3075.0
2374.5
2298.0
1671.5
899.5
2435.0
1525.5
2558.0
3025.0
2374.5
2298.0
1671.5
899.5
2385.0
1525.5
2558.0
2975.0
2374.5
2298.0
1671.5
899.5
2335.0
1525.5
2558.0
2925.0
2374.5
2298.0
1671.5
899.5
2285.0
1525.5
2514.0
2875.0
2374.5
2298.0
1671.5
899.5
2279.0
1525.5
2464.0
2825.0
2374.5
2298.0
1671.5
899.5
2279.0
1525.5
2414.0
2775.0
2374.5
2298.0
1671.5
899.5
2279.0
1525.5
2371.0
2725.0
2374.5
2298.0
1671.5
892.5
2279.0
1525.5
2371.0
2675.0
2341.5
2298.0
1671.5
875.5
2279.0
1525.5
2371.0
2625.0
2296.0
2298.0
1671.5
875.5
2274.5
1525.5
2350.5
2575.0
2296.0
2286.5
1671.5
875.5
2256.5
1525.5
2350.5
2525.0
2296.0
2236.5
1671.5
875.5
2256.5
1525.5
2350.5
2475.0
2296.0
2186.5
1671.5
875.5
2256.5
1525.5
2350.5
2425.0
2296.0
2136.5
1671.5
875.5
2256.5
1525.5
2350.5
2375.0
2296.0
2086.5
1671.5
875.5
2256.5
1525.5
2350.5
2325.0
2296.0
2036.5
1671.5
875.5
2256.5
1525.5
2350.5
2275.0
2259.5
2023.0
1671.5
875.5
2256.5
1525.5
2350.5
2225.0
2212.0
2023.0
1671.5
873.0
2256.5
1525.5
2350.5
2175.0
2212.0
2023.0
1622.5
872.0
2256.5
1525.5
2350.5
2125.0
2212.0
2023.0
1572.5
872.0
2256.5
1525.5
2350.5
2075.0
2212.0
2023.0
1522.5
872.0
2256.5
1525.5
2350.5
2025.0
2212.0
2023.0
1472.5
872.0
2256.5
1525.5
2350.5
1975.0
2212.0
2023.0
1422.5
872.0
2256.5
1525.5
2350.5
1925.0
2212.0
2023.0
1372.5
872.0
2256.5
1525.5
2350.5
1875.0
2212.0
2023.0
1322.5
872.0
2256.5
1525.5
2336.5
1825.0
2212.0
2017.5
1292.0
872.0
2256.5
1525.5
2336.5
1775.0
2212.0
1967.5
1292.0
872.0
2256.5
1525.5
2336.5
1725.0
2212.0
1917.5
1292.0
872.0
2256.5
1525.5
2336.5
1675.0
2212.0
1867.5
1292.0
872.0
2256.5
1525.5
2336.5
4728.5
2212.0
1865.5
1292.0
872.0
2246.5
1525.5
2336.5
4629.5
2212.0
1865.5
4397.5
872.0
2246.5
1525.5
2336.5
4579.5
2212.0
1865.5
4347.5
872.0
2246.5
1525.5
2336.5
4529.5
2212.0
1865.5
4297.5
872.0
2246.5
1525.5
2336.5
4479.5
2212.0
1865.5
4247.5
872.0
2246.5
1525.5
2336.5
4429.5
2212.0
1865.5
4197.5
872.0
2246.5
1525.5
2336.5
4379.5
2212.0
1865.5
4147.5
872.0
2246.5
1525.5
2336.5
4329.5
2212.0
1865.5
4097.5
872.0
2246.5
1525.5
2336.5
4279.5
2212.0
1865.5
4047.5
872.0
2246.5
1525.5
2336.5
4229.5
2212.0
1865.5
3997.5
872.0
2246.5
1525.5
2336.5
4179.5
2212.0
1865.5
3947.5
872.0
2246.5
1525.5
2336.5
4129.5
2212.0
1865.5
3897.5
872.0
2246.5
1525.5
2336.5
4079.5
2212.0
1865.5
3847.5
872.0
2246.5
1525.5
2336.5
4029.5
2212.0
1865.5
3797.5
872.0
2246.5
1525.5
2336.5
3979.5
2212.0
1865.5
3747.5
872.0
2246.5
1525.5
2336.5
3929.5
2212.0
1865.5
3697.5
872.0
2246.5
1525.5
2336.5
3879.5
2212.0
1865.5
3647.5
872.0
2246.5
1525.5
2336.5
3829.5
2212.0
1865.5
3597.5
872.0
2246.5
1525.5
2336.5
3779.5
2212.0
1865.5
3547.5
872.0
2246.5
1525.5
2336.5
3729.5
2212.0
1865.5
3497.5
872.0
2246.5
1525.5
2336.5
3679.5
2212.0
1865.5
3447.5
872.0
2246.5
1525.5
2336.5
3629.5
2212.0
1865.5
3397.5
872.0
2246.5
1525.5
2336.5
3579.5
2212.0
1865.5
3347.5
872.0
2246.5
1525.5
2336.5
3529.5
2212.0
1865.5
3297.5
872.0
2246.5
1525.5
2336.5
3479.5
2212.0
1865.5
3247.5
872.0
2246.5
1525.5
2336.5
3429.5
2212.0
1865.5
3197.5
872.0
2246.5
1525.5
2336.5
3379.5
2212.0
1865.5
3147.5
872.0
2246.5
1525.5
2336.5
3329.5
2212.0
1865.5
3097.5
872.0
2246.5
1525.5
2336.5
3279.5
2212.0
1865.5
3047.5
872.0
2246.5
1525.5
2336.5
3229.5
2212.0
1865.5
2997.5
872.0
2246.5
1525.5
2336.5
3179.5
2212.0
1865.5
2947.5
872.0
2246.5
1525.5
2336.5
3129.5
2212.0
1842.0
2923.5
872.0
2244.0
1525.5
2324.0
3079.5
2176.5
1840.0
2923.5
872.0
2244.0
1525.5
2324.0
3029.5
2126.5
1840.0
2923.5
872.0
2244.0
1525.5
2324.0
2979.5
2076.5
1840.0
2923.5
872.0
2244.0
1525.5
2324.0
2929.5
2026.5
1840.0
2923.5
872.0
2244.0
1525.5
2324.0
2879.5
1976.5
1840.0
2923.5
872.0
2244.0
1525.5
2324.0
2829.5
1962.0
1840.0
2923.5
3944.0
2244.0
1525.5
2324.0
2779.5
1962.0
1840.0
2923.5
3894.0
2244.0
1525.5
2324.0
2779.5
1962.0
1840.0
2923.5
3844.0
2244.0
4617.0
2324.0
2779.5
1962.0
1840.0
2923.5
3794.0
2244.0
4567.0
2324.0
2779.5
1962.0
1840.0
2923.5
3744.0
2244.0
4517.0
2324.0
2779.5
1962.0
1840.0
2923.5
3694.0
2244.0
4467.0
2324.0
2779.5
1962.0
1840.0
2923.5
3644.0
2244.0
4417.0
2324.0
2779.5
1962.0
1840.0
2923.5
3594.0
2244.0
4367.0
2324.0
2779.5
1962.0
1840.0
2923.5
3544.0
2244.0
4317.0
2324.0
2779.5
1962.0
1840.0
2923.5
3494.0
2244.0
4267.0
2324.0
2779.5
1962.0
1840.0
2923.5
3444.0
2244.0
4217.0
2324.0
2779.5
1962.0
1840.0
2923.5
3394.0
2244.0
4167.0
2324.0
2779.5
1962.0
1840.0
2923.5
3344.0
2244.0
4117.0
2324.0
2779.5
1962.0
1840.0
2923.5
3294.0
2244.0
4067.0
2324.0
2779.5
1962.0
1840.0
2923.5
3244.0
2244.0
4017.0
2324.0
2779.5
1962.0
1840.0
2923.5
3194.0
2244.0
3967.0
2324.0
2779.5
1962.0
1840.0
2923.5
3144.0
2244.0
3917.0
2324.0
2779.5
1962.0
1840.0
2923.5
3094.0
2244.0
3867.0
2324.0
2779.5
1962.0
1840.0
2923.5
3044.0
2244.0
3817.0
2324.0
2779.5
1962.0
1840.0
2923.5
2994.0
2244.0
3767.0
2324.0
2779.5
1962.0
1840.0
2923.5
2944.0
2244.0
3717.0
2324.0
2779.5
1962.0
1840.0
2923.5
2894.0
2244.0
3667.0
2324.0
2779.5
1962.0
1840.0
2923.5
2844.0
2244.0
3617.0
2324.0
2779.5
1962.0
1840.0
2923.5
2794.0
2244.0
3567.0
2324.0
2779.5
1962.0
1840.0
2923.5
2744.0
2244.0
3517.0
2324.0
2779.5
1962.0
1840.0
2923.5
2694.0
2244.0
3467.0
2324.0
2779.5
1962.0
1840.0
2923.5
2644.0
2244.0
3417.0
2324.0
2779.5
1962.0
1840.0
2923.5
2594.0
2244.0
3367.0
2324.0
2779.5
1962.0
1840.0
2923.5
2544.0
2244.0
3317.0
2324.0
2779.5
1962.0
1840.0
2923.5
2494.0
2244.0
3267.0
2324.0
2779.5
1962.0
1840.0
2923.5
2444.0
2244.0
3217.0
2324.0
2779.5
1962.0
1840.0
2923.5
2394.0
2244.0
3167.0
2324.0
2779.5
1962.0
1840.0
2923.5
2344.0
2244.0
3117.0
2324.0
2779.5
1962.0
1840.0
2923.5
2294.0
2244.0
3067.0
2324.0
2779.5
1962.0
1840.0
2923.5
2244.0
2244.0
3017.0
2324.0
2779.5
1962.0
1840.0
2923.5
2194.0
2244.0
2967.0
2324.0
2779.5
1962.0
1840.0
2923.5
2144.0
2244.0
2917.0
2324.0
2779.5
1962.0
1840.0
2923.5
2094.0
2244.0
2867.0
2324.0
2779.5
1962.0
1840.0
2923.5
2044.0
2244.0
2817.0
2324.0
2779.5
1962.0
1840.0
2923.5
1994.0
2244.0
2767.0
2324.0
2779.5
1962.0
1840.0
2923.5
1944.0
2244.0
2717.0
2324.0
2779.5
1962.0
1840.0
2923.5
1894.0
2244.0
2667.0
2324.0
2779.5
1958.5
1821.0
2923.5
1844.0
2233.5
2650.0
2304.5
2779.5
1953.0
1821.0
2923.5
1790.0
2212.5
2650.0
2298.5
2724.5
1953.0
1807.5
2923.5
1764.5
2212.5
2650.0
2298.5
2624.5
1953.0
1807.5
2923.5
1764.5
2212.5
2650.0
2298.5
2524.5
1953.0
1807.5
2923.5
1764.5
2212.5
2650.0
2298.5
2424.5
1953.0
1807.5
2923.5
1764.5
2212.5
2650.0
2298.5
2324.5
1953.0
1807.5
2923.5
1764.5
2212.5
2650.0
2298.5
2237.0
1953.0
1807.5
2911.0
1764.5
2212.5
2650.0
2298.5
2187.0
1953.0
1807.5
2861.0
1764.5
2212.5
2650.0
2298.5
2137.0
1953.0
1807.5
2838.0
1764.5
2212.5
2623.0
2298.5
2119.0
1953.0
1807.5
2838.0
1764.5
2212.5
2541.0
2296.5
2119.0
1953.0
1806.5
2838.0
1732.0
2212.5
2476.5
2296.5
2119.0
1953.0
1806.5
2838.0
1682.0
2212.5
2426.5
2296.5
2119.0
1905.0
1806.5
2838.0
1680.0
2212.5
2376.5
2296.5
2119.0
1866.0
1806.5
2827.0
1680.0
2212.5
2326.5
2296.5
2119.0
1866.0
1806.5
2777.0
1680.0
2212.5
2276.5
2296.5
2119.0
1866.0
1806.5
2726.5
1680.0
2212.5
2227.0
2296.5
2119.0
1866.0
1806.5
2626.5
1680.0
2212.5
2227.0
2296.5
2119.0
1866.0
1806.5
2541.0
1680.0
2212.5
2212.5
2294.0
2096.0
1852.0
1804.0
2491.0
1680.0
2207.0
2210.0
2294.0
2096.0
1802.0
1804.0
2441.0
1680.0
2207.0
2210.0
2294.0
2096.0
1752.0
1804.0
2391.0
1680.0
2207.0
2210.0
2294.0
2096.0
1702.0
1804.0
2341.0
1680.0
2207.0
2210.0
2294.0
2096.0
1653.0
1804.0
2291.0
1679.0
2207.0
2210.0
2294.0
2096.0
1653.0
1804.0
2241.0
1640.5
2207.0
2198.5
2280.5
2096.0
1651.0
1802.5
2213.5
1635.0
2207.0
2148.5
2280.5
2096.0
1651.0
1791.5
2213.5
1635.0
2195.5
2071.0
2280.5
2082.0
1651.0
1791.5
2179.5
1635.0
2195.5
2019.0
2280.5
2028.5
1645.0
1791.5
2171.0
1633.0
2195.5
1989.0
2280.5
2028.5
1630.5
1791.5
2171.0
1567.5
2175.5
1989.0
2280.5
2028.5
1630.5
1791.5
2171.0
1517.5
2125.5
1989.0
2280.5
2028.5
1630.5
1791.5
2171.0
1467.5
2075.5
1989.0
2275.5
2025.5
1630.5
1786.0
2171.0
1417.5
2039.0
1989.0
2275.5
2015.5
1624.5
1758.5
2155.0
1391.0
2039.0
1975.0
2271.5
2015.5
1609.0
1737.5
2139.5
1368.5
2017.5
1975.0
2271.5
2015.5
1609.0
1737.5
2089.5
1368.5
1967.5
1975.0
2271.5
1999.0
1609.0
1737.5
2056.0
1368.5
1917.5
1975.0
2271.5
1970.5
1609.0
1737.5
2049.0
1368.5
1874.5
1953.5
2223.5
1970.5
1609.0
1737.5
2008.0
1368.5
1874.5
1942.5
2173.5
1961.0
1609.0
1737.5
2008.0
1361.0
1874.5
1909.5
2117.5
1961.0
1607.0
1730.5
2008.0
1329.5
1871.0
1909.5
2067.5
1961.0
1557.0
1730.5
2008.0
1329.5
1871.0
1909.5
2066.0
1961.0
1507.0
1730.5
2008.0
1281.0
1871.0
1909.5
2066.0
1961.0
1457.0
1730.5
2008.0
1231.0
1871.0
1909.5
2058.0
1961.0
1436.5
1724.5
2005.5
1181.0
1864.5
1903.0
2010.0
1952.5
1432.0
1717.5
1997.0
1167.5
1860.5
1897.0
1960.0
1936.5
1421.0
1717.5
1994.0
1155.5
1857.0
1892.5
1910.0
1886.5
1421.0
1717.5
1994.0
1155.5
1857.0
1892.5
1874.5
1826.5
1421.0
1717.5
1994.0
1155.5
1857.0
1888.0
1874.5
1776.5
1421.0
1717.5
1946.0
1155.5
1857.0
1886.0
1869.5
1757.5
1421.0
1717.5
1896.0
1155.5
1831.0
1886.0
1869.5
1757.5
1421.0
1717.5
1846.0
1155.5
1781.0
1886.0
1869.5
1757.5
1415.0
1717.5
1831.5
1126.0
1731.0
1886.0
1861.0
1757.5
1415.0
1711.0
1831.5
1096.0
1676.0
1886.0
1861.0
1757.5
1415.0
1709.5
1831.5
1096.0
1577.5
1886.0
1861.0
1752.0
1410.0
1706.5
1805.5
1094.0
1527.5
1877.5
1861.0
1752.0
1410.0
1706.5
1755.5
1094.0
1477.5
1877.5
1861.0
1752.0
1410.0
1706.5
1705.5
1094.0
1443.5
1861.5
1861.0
1740.0
1410.0
1706.5
1640.0
1094.0
1443.5
1839.0
1853.0
1740.0
1392.5
1694.5
1615.5
1073.0
1426.5
1839.0
1803.0
1729.5
1385.0
1694.5
1605.0
1066.5
1419.0
1831.5
1749.0
1729.5
1385.0
1694.5
1605.0
1066.5
1373.0
1831.5
1695.0
1722.5
1375.0
1687.0
1598.5
1058.5
1373.0
1824.5
1645.0
1722.5
1325.0
1687.0
1598.5
1058.5
1373.0
1824.5
1644.0
1673.5
1275.0
1687.0
1598.5
1058.5
1373.0
1824.5
1644.0
1623.5
1228.5
1687.0
1598.5
1058.5
1373.0
1821.0
1634.5
1567.5
1220.5
1679.0
1588.5
1058.5
1370.5
1815.0
1632.0
1538.0
1170.5
1673.0
1585.0
1058.5
1370.5
1806.5
1632.0
1538.0
1083.0
1672.5
1585.0
1049.5
1367.5
1806.5
1626.0
1538.0
1033.0
1666.0
1557.0
1049.5
1358.0
1806.5
1626.0
1538.0
983.0
1666.0
1507.0
1049.5
1358.0
1806.5
1626.0
1538.0
933.0
1666.0
1457.0
1049.5
1358.0
1806.5
1626.0
1537.0
907.5
1666.0
1397.0
1043.0
1358.0
1799.5
1612.5
1524.5
905.5
1653.0
1352.0
1040.5
1346.5
1799.5
1612.5
1504.5
896.0
1650.0
1302.5
1031.5
1344.5
1792.5
1612.5
1454.5
896.0
1650.0
1252.5
1031.5
1344.5
1792.5
1612.5
1404.5
896.0
1650.0
1217.0
1031.5
1330.0
1792.5
1612.5
1354.5
896.0
1640.5
1217.0
1031.5
1289.5
1792.5
1612.5
1309.5
896.0
1590.5
1217.0
1026.5
1289.5
1792.5
1612.5
1309.5
896.0
1540.5
1217.0
976.5
1289.5
1792.5
1612.5
1309.5
896.0
1490.5
1217.0
926.5
1289.5
1792.5
1612.5
1309.5
896.0
1440.5
1217.0
876.5
1289.5
1792.5
1612.5
1309.5
884.5
1440.0
1167.5
870.0
1257.5
1792.5
1612.5
1309.5
884.5
1440.0
1117.5
870.0
1207.5
1792.5
1612.5
1309.5
884.5
1440.0
1067.5
870.0
1157.5
1792.5
1612.5
1309.5
884.5
1440.0
1017.5
870.0
1107.5
1792.5
1606.5
1309.5
884.5
1428.0
971.5
870.0
1071.5
1792.5
1556.5
1309.5
883.5
1428.0
922.5
870.0
1071.5
1792.5
1506.5
1309.5
878.5
1388.0
922.5
865.0
1071.5
1792.5
1456.5
1309.5
878.5
1388.0
922.5
865.0
1021.5
1792.5
1440.0
1309.5
878.5
1388.0
922.5
865.0
959.0
1771.5
1440.0
1309.5
878.5
1388.0
922.5
865.0
909.0
1721.5
1435.0
1309.5
878.5
1388.0
922.5
865.0
859.0
1676.5
1431.5
1304.5
878.5
1368.0
914.5
865.0
799.0
1673.0
1425.5
1304.5
878.5
1318.0
914.5
865.0
798.0
1630.0
1425.5
1304.5
878.5
1268.0
914.5
865.0
798.0
1580.0
1421.5
1304.5
878.5
1234.0
902.5
865.0
798.0
1530.0
1421.5
1304.5
878.5
1234.0
852.5
865.0
798.0
1480.0
1379.5
1304.5
874.5
1234.0
844.5
861.0
793.0
1443.0
1329.5
1304.5
874.5
1234.0
844.5
861.0
743.0
1443.0
1279.5
1304.5
874.5
1234.0
844.5
861.0
693.0
1443.0
1271.0
1304.5
874.5
1234.0
844.5
819.5
643.0
1443.0
1271.0
1304.5
874.5
1234.0
844.5
769.5
593.0
1443.0
1267.0
1304.5
874.5
1234.0
844.5
719.5
550.0
1440.0
1267.0
1304.5
874.5
1234.0
844.5
669.5
550.0
1390.0
1267.0
1299.5
874.5
1234.0
838.0
643.5
550.0
1327.5
1267.0
1296.0
874.5
1234.0
838.0
643.5
503.5
1277.5
1267.0
1296.0
874.5
1234.0
838.0
643.5
453.5
1227.5
1267.0
1296.0
842.5
1234.0
838.0
643.5
403.5
1209.5
1267.0
1296.0
792.5
1234.0
838.0
643.5
360.0
1203.0
1267.0
1296.0
742.5
1234.0
838.0
643.5
360.0
1153.0
1267.0
1296.0
692.5
1234.0
838.0
643.5
360.0
1103.0
1261.0
1296.0
663.5
1225.5
838.0
643.5
354.5
1052.0
1261.0
1296.0
663.5
1225.5
838.0
643.5
354.5
952.0
1261.0
1296.0
663.5
1225.5
838.0
643.5
354.5
852.0
1261.0
1289.5
663.5
1225.5
830.0
610.5
354.5
799.5
1261.0
1289.5
663.5
1225.5
830.0
560.5
354.5
749.5
1261.0
1289.5
663.5
1188.0
830.0
510.5
354.5
737.0
1261.0
1289.5
663.5
1138.0
830.0
460.5
354.5
737.0
1261.0
1279.5
663.5
1088.0
812.5
438.0
354.5
737.0
1261.0
1279.5
663.5
1038.0
762.5
438.0
354.5
737.0
1253.5
1279.5
641.5
1011.5
730.5
438.0
348.0
731.5
1253.5
1279.5
591.5
1011.5
680.5
438.0
348.0
731.5
1253.5
1279.5
541.5
1011.5
630.5
438.0
348.0
731.5
1253.5
1279.5
491.5
1011.5
580.5
438.0
348.0
731.5
1253.5
1279.5
441.5
1011.5
530.5
438.0
348.0
731.5
1244.5
1279.5
440.0
944.5
520.5
438.0
335.5
731.5
1244.5
1279.5
440.0
844.5
520.5
438.0
335.5
731.5
1244.5
1279.5
440.0
744.5
520.5
438.0
335.5
731.5
1244.5
1279.5
440.0
644.5
520.5
438.0
335.5
731.5
1244.5
1272.5
440.0
568.5
515.0
438.0
335.5
720.0
1241.0
1267.0
440.0
524.0
507.0
438.0
302.5
714.5
1241.0
1258.5
440.0
478.0
500.0
438.0
296.0
682.5
1241.0
1258.5
440.0
428.0
500.0
438.0
296.0
632.5
1241.0
1258.5
440.0
378.0
500.0
438.0
296.0
582.5
1241.0
1258.5
440.0
328.0
500.0
438.0
296.0
532.5
1241.0
1258.5
440.0
278.0
500.0
438.0
296.0
482.5
1229.5
1235.0
405.0
270.0
500.0
438.0
289.0
467.5
1229.5
1185.0
355.0
270.0
500.0
438.0
289.0
467.5
1229.5
1135.0
305.0
270.0
500.0
438.0
289.0
467.5
1229.5
1085.0
255.0
270.0
500.0
438.0
289.0
467.5
1229.5
1039.5
225.0
270.0
489.5
438.0
284.5
458.0
1229.5
1012.5
225.0
270.0
489.5
438.0
261.5
408.0
1229.5
962.5
225.0
270.0
489.5
438.0
261.5
358.0
1229.5
912.5
225.0
270.0
489.5
438.0
261.5
308.0
1229.5
862.5
225.0
270.0
489.5
438.0
261.5
258.0
1221.5
774.5
225.0
270.0
489.5
438.0
261.5
254.0
1171.5
724.5
225.0
270.0
489.5
438.0
261.5
254.0
1121.5
674.5
225.0
270.0
489.5
438.0
261.5
254.0
1071.5
624.5
225.0
270.0
489.5
438.0
261.5
254.0
1021.5
574.5
225.0
270.0
489.5
438.0
261.5
254.0
976.5
524.5
225.0
265.0
489.5
438.0
261.5
254.0
976.5
493.0
179.5
260.5
489.5
419.5
261.5
254.0
976.5
493.0
129.5
260.5
489.5
369.5
261.5
254.0
976.5
493.0
79.5
260.5
489.5
319.5
261.5
254.0
976.5
493.0
29.5
260.5
489.5
269.5
261.5
254.0
966.0
493.0
-2.0
252.5
489.5
219.5
261.5
254.0
958.0
454.0
-2.0
236.5
489.5
215.0
237.5
245.5
958.0
404.0
-2.0
236.5
489.5
165.0
237.5
245.5
958.0
354.0
-2.0
236.5
489.5
115.0
237.5
245.5
958.0
304.0
-2.0
236.5
489.5
65.0
237.5
245.5
958.0
254.0
-2.0
236.5
489.5
15.0
237.5
245.5
958.0
228.0
-2.0
203.5
465.5
-2.0
237.5
245.5
958.0
228.0
-2.0
153.5
415.5
-2.0
237.5
245.5
958.0
228.0
-2.0
103.5
365.5
-2.0
237.5
245.5
958.0
228.0
-2.0
53.5
315.5
-2.0
237.5
245.5
958.0
228.0
-2.0
3.5
265.5
-2.0
237.5
245.5
913.5
228.0
-2.0
-2.0
215.5
-2.0
237.5
245.5
863.5
228.0
-2.0
-2.0
165.5
-2.0
237.5
245.5
813.5
228.0
-2.0
-2.0
115.5
-2.0
237.5
245.5
763.5
228.0
-2.0
-2.0
65.5
-2.0
237.5
245.5
676.5
228.0
-2.0
-2.0
56.0
-2.0
237.5
242.0
576.5
228.0
-2.0
-2.0
56.0
-2.0
237.5
242.0
476.5
228.0
-2.0
-2.0
56.0
-2.0
237.5
242.0
376.5
228.0
-2.0
-2.0
56.0
-2.0
237.5
242.0
296.5
228.0
-2.0
-2.0
36.0
-2.0
237.5
242.0
246.5
228.0
-2.0
-2.0
-2.0
-2.0
237.5
230.0
196.5
228.0
-2.0
-2.0
-2.0
-2.0
237.5
180.0
146.5
228.0
-2.0
-2.0
-2.0
-2.0
237.5
130.0
96.5
228.0
-2.0
-2.0
-2.0
-2.0
237.5
80.0
46.5
228.0
-2.0
-2.0
-2.0
-2.0
237.5
30.0
-2.0
210.0
-2.0
-2.0
-2.0
-2.0
236.0
-2.0
-2.0
160.0
-2.0
-2.0
-2.0
-2.0
186.0
-2.0
-2.0
110.0
-2.0
-2.0
-2.0
-2.0
136.0
-2.0
-2.0
60.0
-2.0
-2.0
-2.0
-2.0
86.0
-2.0
-2.0
10.0
-2.0
-2.0
-2.0
-2.0
36.0
-2.0
