2.403455972671509
2.4035255312919617
2.403583526611328
2.4036499857902527
2.3456453680992126
2.34571373462677
2.3457738161087036
2.3458300828933716
2.3160579800605774
2.3161189556121826
2.316173255443573
2.3162372708320618
2.2655099630355835
2.2655720114707947
2.265624165534973
2.265679717063904
2.2569727301597595
2.257033944129944
2.2570859789848328
2.2571414709091187
2.1937707662582397
2.193831205368042
2.1938809156417847
2.1939377188682556
2.3346564769744873
2.3347147703170776
2.3347650170326233
2.3348142504692078
2.582593023777008
2.58267480134964
2.5827322602272034
2.582809090614319
2.7108752727508545
2.710937738418579
2.710992991924286
2.711047947406769
2.6908199787139893
2.6908820271492004
2.690935432910919
2.690996468067169
2.8091588020324707
2.8092218041419983
2.8092880845069885
2.8093440532684326
2.8659989833831787
2.86608749628067
2.8661447167396545
2.866198480129242
2.82783180475235
2.8278940320014954
2.827949047088623
2.8280272483825684
2.79351669549942
2.793594479560852
2.7936514019966125
2.793718695640564
2.7320552468299866
2.7321147322654724
2.7321670055389404
2.7322182059288025
2.7069485187530518
2.707004487514496
2.707074224948883
2.7071263194084167
2.896923065185547
2.896982967853546
2.8970452547073364
2.897112786769867
2.8587392568588257
2.858794689178467
2.858865976333618
2.858916223049164
3.0351874828338623
3.035237193107605
3.035281240940094
3.035324811935425
3.1835919618606567
3.1836442947387695
3.183689057826996
3.1837393045425415
3.192694842815399
3.1927520036697388
3.192800998687744
3.192848026752472
3.330124020576477
3.330183684825897
3.330231726169586
3.3302981853485107
3.293917715549469
3.2939754724502563
3.2940234541893005
3.294069230556488
3.247877359390259
3.2479392886161804
3.2480216026306152
3.248075485229492
3.198855221271515
3.1989089846611023
3.1989567279815674
3.199002265930176
3.182585299015045
3.182639002799988
3.182686746120453
3.182752013206482
3.156789004802704
3.1568613052368164
3.156920313835144
3.156971275806427
3.1397162675857544
3.1397745013237
3.1398260593414307
3.139874279499054
3.09432452917099
3.094380557537079
3.094441294670105
3.094492256641388
3.522759258747101
3.522817552089691
3.5228657126426697
3.5229122042655945
3.8226447105407715
3.822698414325714
3.8227474689483643
3.8227932453155518
3.83050799369812
3.8305619955062866
3.8306127190589905
3.830658495426178
3.813591182231903
3.8136497139930725
3.813699185848236
3.813746929168701
3.8095715641975403
3.8096314668655396
3.809684991836548
3.8097347617149353
3.7575199604034424
3.7575772404670715
3.757627248764038
3.757675528526306
3.6790807843208313
3.6791465282440186
3.6792110800743103
3.6792598366737366
3.6324832439422607
3.6325355172157288
3.632582724094391
3.6326282620429993
3.572613000869751
3.572660744190216
3.572707951068878
3.5727540254592896
3.547565519809723
3.5476104617118835
3.547650694847107
3.5476897954940796
3.51425039768219
3.5143144130706787
3.5143604278564453
3.5144041776657104
3.5008816719055176
3.5009419322013855
3.501024544239044
3.501070022583008
3.563147246837616
3.5632129311561584
3.5632609724998474
3.563306212425232
3.540743350982666
3.5408005118370056
3.540850341320038
3.5409030318260193
3.595978319644928
3.596048057079315
3.596100389957428
3.596150815486908
3.527978241443634
3.5280362963676453
3.5280872583389282
3.5281367897987366
3.627682328224182
3.62773734331131
3.627784788608551
3.6278313398361206
3.565410792827606
3.5654627680778503
3.565514862537384
3.5655592679977417
3.691258490085602
3.691310226917267
3.6913530230522156
3.691414475440979
3.60097473859787
3.6010202765464783
3.601060688495636
3.601099967956543
3.6976322531700134
3.6977022290229797
3.697750985622406
3.697820246219635
3.675228476524353
3.6752769947052
3.675319731235504
3.67538321018219
3.755958318710327
3.756025493144989
3.756078004837036
3.7561280131340027
3.756717562675476
3.75677752494812
3.756833493709564
3.7568835616111755
3.770603656768799
3.7706621885299683
3.770720958709717
3.7707707285881042
3.7920130491256714
3.79209703207016
3.792150318622589
3.7922032475471497
3.7711762189865112
3.7712352871894836
3.7712841629981995
3.771338701248169
3.7535813450813293
3.753635287284851
3.753682255744934
3.7537580728530884
3.8591290712356567
3.859181225299835
3.8592270016670227
3.859280288219452
4.001877725124359
4.00192928314209
4.001993179321289
4.002044677734375
3.862406015396118
3.8625195026397705
3.862566292285919
3.8626067638397217
3.953449547290802
3.953507721424103
3.9535555243492126
3.9536105394363403
4.0266464948654175
4.026713252067566
4.026782929897308
4.026836276054382
4.0419018268585205
4.041960537433624
4.04201203584671
4.042068302631378
3.8443596363067627
3.844417095184326
3.8444655537605286
3.8445118069648743
3.8035799860954285
3.8036322593688965
3.803678512573242
3.803725779056549
3.8289615511894226
3.829008996486664
3.8290517330169678
3.8290922045707703
3.834974527359009
3.835023283958435
3.8350642919540405
3.835104465484619
3.6933500170707703
3.693396806716919
3.6934377551078796
3.693483054637909
4.04680472612381
4.046875715255737
4.046922922134399
4.046967029571533
4.034910798072815
4.0349732637405396
4.035027027130127
4.03507924079895
4.084224045276642
4.084282040596008
4.084332764148712
4.084381997585297
3.9571362733840942
3.9571897387504578
3.9572370052337646
3.9572821855545044
3.859082818031311
3.8591495752334595
3.8591973185539246
3.8592538237571716
3.893754482269287
3.8938002586364746
3.8938445448875427
3.8938841223716736
3.557904064655304
3.557961344718933
3.5580115914344788
3.558059334754944
4.056404292583466
4.056463301181793
4.05651581287384
4.056565821170807
4.152809798717499
4.152864754199982
4.152913331985474
4.152960002422333
4.120356738567352
4.1204071044921875
4.120451271533966
4.120494544506073
4.356821060180664
4.356869280338287
4.356909811496735
4.356949090957642
4.318444490432739
4.318489491939545
4.318529725074768
4.318571984767914
4.196160554885864
4.196215093135834
4.196257472038269
4.196297466754913
4.099604487419128
4.099663555622101
4.099707841873169
4.099749982357025
4.038026988506317
4.038100242614746
4.038150250911713
4.03819727897644
3.891923725605011
3.891979455947876
3.8920342326164246
3.8920772075653076
3.774786412715912
3.774835467338562
3.7748811841011047
3.77492094039917
3.701425552368164
3.7014740705490112
3.7015170454978943
3.701558470726013
3.4913834929466248
3.491440236568451
3.4914899468421936
3.4915384650230408
3.909115493297577
3.9091764092445374
3.9092264771461487
3.909274995326996
4.42753130197525
4.427592575550079
4.427645027637482
4.427707076072693
3.7527319192886353
3.752787232398987
3.7528359293937683
3.7528833150863647
4.094278454780579
4.09433251619339
4.094379961490631
4.09443998336792
3.9216827154159546
3.9217379689216614
3.9217864274978638
3.9218332171440125
4.189960062503815
4.190020561218262
4.190076053142548
4.1901275515556335
4.232894957065582
4.23295271396637
4.2330034375190735
4.2330521941185
4.026599943637848
4.026700735092163
4.026764750480652
4.026834964752197
3.8171122074127197
3.8171626925468445
3.81720769405365
3.817252218723297
4.558804512023926
4.558857262134552
4.558900952339172
4.558948516845703
4.444741249084473
4.444795191287994
4.444843292236328
4.444890260696411
3.7568665146827698
3.7569172978401184
3.7569955587387085
3.7570409178733826
4.638755798339844
4.638804018497467
4.63885635137558
4.638899326324463
4.4502997398376465
4.450346052646637
4.450395047664642
4.450436532497406
4.255279541015625
4.2553465366363525
4.255489528179169
4.25553697347641
4.112738311290741
4.112803757190704
4.112858235836029
4.112910509109497
5.276210010051727
5.276267230510712
5.276317894458771
5.276393711566925
5.13280576467514
5.132858991622925
5.132906258106232
5.132952511310577
5.637137234210968
5.637190163135529
5.637237191200256
5.637282192707062
5.541985750198364
5.542035758495331
5.542080521583557
5.542125046253204
4.961361467838287
4.961411535739899
4.961456894874573
4.9615049958229065
5.430762052536011
5.4308083057403564
5.430849254131317
5.430888593196869
4.8187079429626465
4.81875878572464
4.818822503089905
4.818867743015289
5.407958745956421
5.408007204532623
5.408050715923309
5.408093273639679
5.319247186183929
5.3193166851997375
5.319401502609253
5.319457232952118
5.442066967487335
5.44211620092392
5.442163407802582
5.442205250263214
5.890769720077515
5.890821754932404
5.890865802764893
5.890907168388367
5.862693727016449
5.862748205661774
5.862801492214203
5.862848460674286
5.744932115077972
5.7449875473976135
5.745038866996765
5.745089769363403
5.6613922119140625
5.6614572405815125
5.661510467529297
5.6615612506866455
5.821266770362854
5.821327984333038
5.821388781070709
5.821439027786255
5.713419675827026
5.713476538658142
5.713526785373688
5.7135889530181885
6.000338792800903
6.0003920793533325
6.0004390478134155
6.000484585762024
5.750531315803528
5.750580310821533
5.750624060630798
5.750667035579681
5.783842027187347
5.7838937640190125
5.783940315246582
5.783983051776886
5.625558972358704
5.62562769651413
5.625676989555359
5.625718712806702
5.351028501987457
5.351096451282501
5.351147711277008
5.351197242736816
4.776061773300171
4.776111960411072
4.776161253452301
4.776207506656647
5.221659481525421
5.221720457077026
5.221771657466888
5.221820712089539
5.125137507915497
5.125195503234863
5.125246524810791
5.12529444694519
4.852254152297974
4.852315664291382
4.8523664474487305
4.852414667606354
6.0582082867622375
6.058271706104279
6.058324754238129
6.058382987976074
5.8466885685920715
5.84676456451416
5.846838057041168
5.846902549266815
6.426950991153717
6.42702043056488
6.4270734786987305
6.427134215831757
6.409745514392853
6.409823536872864
6.40987753868103
6.4099360704422
5.83863765001297
5.838703036308289
5.838755249977112
5.83880478143692
6.124332547187805
6.1244025230407715
6.124469697475433
6.124536514282227
5.776617467403412
5.7767134308815
5.776765704154968
5.77681440114975
5.807367980480194
5.807432234287262
5.807482540607452
5.807530522346497
5.530678987503052
5.530748963356018
5.5308069586753845
5.530872464179993
6.575321197509766
6.575399816036224
6.57545280456543
6.5755022168159485
7.161711275577545
7.1617767214775085
7.16183078289032
7.161881506443024
7.086183071136475
7.086244821548462
7.0862977504730225
7.086353600025177
7.055512249469757
7.055577278137207
7.055627822875977
7.0556963086128235
7.226937532424927
7.227003753185272
7.227057039737701
7.227106034755707
7.105377018451691
7.105439782142639
7.105498015880585
7.105560004711151
6.8895832896232605
6.889647722244263
6.8897130489349365
6.889769554138184
6.751443326473236
6.7515140771865845
6.751567006111145
6.7516162395477295
7.24760377407074
7.24767130613327
7.247724294662476
7.2477763295173645
8.185528755187988
8.185594201087952
8.185676455497742
8.185735285282135
7.972528457641602
7.972587168216705
7.972637236118317
7.972685933113098
7.7222771644592285
7.72233921289444
7.722391426563263
7.722440421581268
7.8032777309417725
7.803338944911957
7.803389012813568
7.80343770980835
7.664533257484436
7.6646047830581665
7.664673566818237
7.664743602275848
7.714664578437805
7.714719533920288
7.714773118495941
7.714820623397827
8.131406962871552
8.13148546218872
8.131550312042236
8.131600558757782
8.108680725097656
8.108769953250885
8.1088325381279
8.108892261981964
8.282417178153992
8.28248643875122
8.282569468021393
8.282623648643494
8.107583045959473
8.107657074928284
8.107711017131805
8.107763767242432
8.465912222862244
8.465969979763031
8.46601951122284
8.466067731380463
8.336752712726593
8.336821734905243
8.33688223361969
8.336933732032776
8.175245761871338
8.175310015678406
8.175360977649689
8.175409495830536
8.475201785564423
8.475268006324768
8.475319266319275
8.475367963314056
8.197650015354156
8.197704792022705
8.197758257389069
8.197805047035217
8.958834826946259
8.958919048309326
8.958986043930054
8.9590545296669
9.127403438091278
9.127475440502167
9.12752616405487
9.12757521867752
8.963572800159454
8.963633120059967
8.96368396282196
8.96373337507248
8.842083215713501
8.84215098619461
8.842203199863434
8.842252969741821
9.127947926521301
9.128016412258148
9.128067970275879
9.128117680549622
9.037135183811188
9.03721970319748
9.037275493144989
9.037327229976654
9.025487780570984
9.025570511817932
9.025647461414337
9.02572351694107
9.89030808210373
9.890373766422272
9.890424609184265
9.89047259092331
10.563934922218323
10.56399154663086
10.56404048204422
10.564099967479706
10.46430778503418
10.464374721050262
10.46442574262619
10.46448302268982
10.723687052726746
10.723751962184906
10.723832964897156
10.723880469799042
10.5580615401268
10.558125793933868
10.558177292346954
10.558228552341461
10.37296438217163
10.37302440404892
10.373075127601624
10.373123228549957
10.237954258918762
10.238008081912994
10.238054513931274
10.238099813461304
10.026736319065094
10.02679306268692
10.026840567588806
10.026886284351349
9.837534368038177
9.837592959403992
9.837654888629913
9.837703227996826
9.596230506896973
9.596284747123718
9.596333503723145
9.59638124704361
9.466430723667145
9.466484010219574
9.466534733772278
9.46658045053482
9.3941810131073
9.394232749938965
9.394278764724731
9.394323706626892
9.268068313598633
9.268133997917175
9.268184840679169
9.268232762813568
9.148771464824677
9.148837924003601
9.14888846874237
9.14893662929535
9.11487352848053
9.114927232265472
9.114975214004517
9.115020453929901
9.121962010860443
9.12203460931778
9.122082769870758
9.122128248214722
8.960034191608429
8.960092723369598
8.960141777992249
8.96018922328949
9.216067135334015
9.216120779514313
9.21616792678833
9.216213464736938
9.045533239841461
9.045593023300171
9.045642793178558
9.045709311962128
9.103571474552155
9.103627979755402
9.103677988052368
9.103725790977478
9.00408673286438
9.004145503044128
9.004195928573608
9.004245460033417
9.144255757331848
9.144313514232635
9.144367575645447
9.144414782524109
9.063431978225708
9.06348568201065
9.063533008098602
9.063578426837921
8.917833507061005
8.917889952659607
8.917939186096191
8.917989194393158
8.884878039360046
8.884937286376953
8.884988784790039
8.885038256645203
9.137482643127441
9.13753753900528
9.137586295604706
9.137633860111237
8.80920296907425
8.809257209300995
8.809304416179657
8.809350669384003
8.84844046831131
8.84849625825882
8.848545908927917
8.848594188690186
8.749958515167236
8.750012755393982
8.750060319900513
8.750106811523438
8.746044218540192
8.746148228645325
8.746201038360596
8.74624752998352
8.93141496181488
8.931473970413208
8.931527733802795
8.931575775146484
8.717056691646576
8.717131972312927
8.717192709445953
8.717244029045105
8.852442800998688
8.852503716945648
8.85255354642868
8.852603793144226
8.780714511871338
8.780778706073761
8.780828475952148
8.780875980854034
8.824345767498016
8.82440596818924
8.824454486370087
8.824501037597656
8.78679621219635
8.786851525306702
8.786899030208588
8.786944508552551
8.595832526683807
8.595900475978851
8.595948994159698
8.596015810966492
8.71217805147171
8.712231040000916
8.71227753162384
8.712323307991028
8.859810829162598
8.8598672747612
8.859917521476746
8.859965801239014
8.615439713001251
8.615494728088379
8.615543961524963
8.615603923797607
8.709811508655548
8.709865748882294
8.70991325378418
8.709958732128143
8.692078530788422
8.692133009433746
8.692180216312408
8.692228198051453
8.65810352563858
8.658158242702484
8.658207058906555
8.658253252506256
8.572757542133331
8.572810292243958
8.572857320308685
8.57290256023407
8.453387975692749
8.453442990779877
8.453491747379303
8.453538000583649
8.80819821357727
8.808256208896637
8.80830442905426
8.808350205421448
8.448607206344604
8.448710680007935
8.44876766204834
8.448815762996674
8.380842804908752
8.380900740623474
8.380951046943665
8.381003260612488
8.476489245891571
8.476544678211212
8.476593971252441
8.476640939712524
8.444882452487946
8.444942712783813
8.444992482662201
8.44504576921463
8.290101289749146
8.290154457092285
8.290201306343079
8.290245532989502
8.369579792022705
8.369634509086609
8.369683265686035
8.369730472564697
8.307187259197235
8.307242035865784
8.307293057441711
8.307338833808899
8.437235176563263
8.437287449836731
8.437333703041077
8.437389492988586
8.322804033756256
8.322864770889282
8.322911262512207
8.32295447587967
8.264381766319275
8.264438271522522
8.26448655128479
8.264545977115631
8.29199904203415
8.292054295539856
8.292102575302124
8.29214882850647
8.36840295791626
8.36846548318863
8.368512988090515
8.368560254573822
8.437182247638702
8.437236309051514
8.43728506565094
8.437343537807465
8.270871460437775
8.270924746990204
8.27097201347351
8.27101755142212
8.356960415840149
8.357021689414978
8.357073903083801
8.35712444782257
8.204614996910095
8.204668760299683
8.204719245433807
8.204766988754272
8.249104022979736
8.249158680438995
8.249205708503723
8.24925148487091
8.560523271560669
8.560573697090149
8.560617923736572
8.560676455497742
8.13355928659439
8.133618295192719
8.133664786815643
8.133709847927094
8.034911930561066
8.034966707229614
8.0350142121315
8.035060226917267
8.0587397813797
8.058794975280762
8.058844447135925
8.058923244476318
7.897865951061249
7.897918999195099
7.897966265678406
7.898012280464172
8.292511463165283
8.292566180229187
8.292614936828613
8.292661488056183
8.401782989501953
8.401836931705475
8.401884198188782
8.401929497718811
8.29471504688263
8.294767320156097
8.294813513755798
8.294858515262604
8.221642434597015
8.22169542312622
8.221742987632751
8.221792221069336
8.121232211589813
8.121290028095245
8.121341168880463
8.121390700340271
8.132911324501038
8.132967472076416
8.133020222187042
8.133068084716797
8.220645606517792
8.220701575279236
8.220750868320465
8.220797657966614
8.330419838428497
8.330475747585297
8.330540239810944
8.330594539642334
8.004329323768616
8.004385232925415
8.004434525966644
8.00448203086853
8.255810797214508
8.255865037441254
8.255913257598877
8.255959451198578
8.198263704776764
8.198317408561707
8.198364675045013
8.198413610458374
8.148557305335999
8.148610711097717
8.148659944534302
8.148705244064331
