-1.0
-1.0
304.5
413.25
-1.0
-1.0
261.25
386.0
-1.0
-1.0
211.25
351.0
-1.0
-1.0
177.5
301.0
-1.0
-1.0
134.25
266.75
-1.0
-1.0
92.75
216.75
-1.0
279.25
78.75
182.25
-1.0
593.25
75.75
148.25
-1.0
555.0
372.0
116.25
-1.0
505.0
355.75
102.5
-1.0
461.0
647.75
105.75
-1.0
437.5
630.25
114.0
-1.0
395.75
606.5
129.75
-1.0
354.75
576.5
142.75
-1.0
314.25
544.25
148.25
-1.0
264.25
498.5
152.75
-1.0
237.75
467.25
531.0
-1.0
221.75
440.5
530.25
-1.0
583.0
415.25
516.25
-1.0
558.25
407.5
791.75
-1.0
551.0
394.75
754.75
-1.0
820.25
405.25
720.75
-1.0
781.5
414.25
680.0
-1.0
748.75
428.0
642.25
-1.0
717.5
445.25
609.75
-1.0
684.75
465.25
578.75
-1.0
658.5
490.5
555.0
-1.0
626.5
510.25
519.5
-1.0
561.0
509.0
515.75
768.0
511.25
511.25
500.0
1422.5
531.25
520.75
491.0
1339.75
539.0
543.75
506.75
1643.0
643.75
795.75
670.25
1618.0
823.25
892.75
696.25
1638.0
829.0
901.75
874.0
1541.5
829.0
1071.75
878.0
1542.5
840.5
1082.0
878.75
1530.0
1056.75
1086.25
949.5
1570.75
1249.75
1314.0
1291.0
1606.75
1368.5
1335.5
1691.5
1664.0
1779.75
1602.5
1925.0
2062.25
1786.0
2004.0
2227.0
2231.5
1935.25
1989.25
2241.25
2385.0
1913.25
1960.5
2231.0
2426.5
1884.5
1937.0
2321.25
2401.75
2100.25
1917.75
2413.25
2602.0
2079.75
1947.25
2391.25
2582.25
2057.25
1921.0
2365.5
2555.75
2042.5
1899.5
2580.0
2546.25
2219.25
1933.5
2725.75
2525.25
2201.0
1971.5
2748.5
2501.75
2385.5
2367.0
2730.25
2479.25
2365.0
2345.5
2704.75
2563.5
2415.5
2317.75
2726.0
2538.0
2404.25
2295.5
2692.5
2515.5
2370.0
2274.0
2674.75
2490.25
2350.0
2253.0
2651.75
2489.25
2391.25
2230.0
2646.5
2542.75
2706.0
2899.75
2640.75
2527.75
2799.5
2901.25
2631.75
2518.5
2778.0
2906.0
2617.0
2495.0
2801.0
2902.75
2604.5
2584.25
2792.75
2905.5
2597.75
2535.0
2770.25
2892.0
2596.25
2521.0
2773.25
2951.25
2588.0
2499.5
2813.25
2949.75
2589.25
2797.25
2778.75
2943.0
2942.75
2786.25
2769.5
2921.0
2955.75
2807.0
2759.75
2886.0
2997.75
2864.5
2797.25
2899.75
3059.0
2853.25
2783.75
2862.0
3068.0
2828.25
2789.75
2812.0
3043.0
2808.25
2797.75
2774.25
3023.0
2796.75
2804.75
2729.5
3024.75
2764.25
2825.5
2695.5
3042.0
2737.25
2837.75
2660.5
3033.25
2710.0
2832.0
2654.5
2993.75
2674.25
2815.25
2661.25
2964.5
2643.75
2795.0
2659.5
2944.5
2603.5
2779.25
2669.75
2929.5
2556.0
2756.75
2671.0
2906.5
2512.25
2741.75
2681.25
2889.0
2486.25
2740.0
2702.0
2884.5
2468.25
2701.75
2704.0
2866.5
2458.25
2658.25
2710.75
2851.5
2448.25
2623.5
2700.75
2816.5
2463.0
2617.5
2696.75
2781.0
2471.5
2595.25
2675.75
2739.25
2479.5
2584.0
2677.25
2686.75
2483.75
2522.25
2686.75
2655.75
2498.5
2461.75
2695.75
2644.75
2512.0
2426.5
2680.75
2633.75
2522.25
2388.75
2682.75
2618.75
2509.75
2343.5
2691.5
2603.5
2485.75
2295.0
2693.25
2579.0
2466.0
2251.75
2698.0
2559.25
2458.75
2219.75
2693.0
2521.5
2476.25
2211.25
2686.5
2491.0
2481.5
2194.0
2669.75
2446.0
2492.0
2200.75
2628.0
2412.75
2486.75
2212.0
2583.75
2389.5
2468.75
2216.25
2546.75
2370.75
2466.25
2240.25
2512.25
2368.5
2444.75
2230.0
2461.5
2370.0
2427.25
2196.5
2452.0
2357.5
2429.75
2173.25
2430.5
2316.0
2439.0
2157.25
2417.25
2276.75
2447.0
2156.25
2385.5
2232.0
2452.25
2163.0
2352.0
2184.0
2456.25
2175.0
2308.75
2147.25
2442.0
2186.25
2273.75
2132.75
2433.0
2198.75
2236.75
2123.25
2416.75
2205.25
2186.0
2119.0
2396.25
2197.25
2147.25
2107.0
2357.25
2210.75
2157.75
2102.25
2289.25
2219.0
2162.5
2083.75
2224.25
2234.0
2179.25
2070.5
2163.0
2242.75
2186.25
2056.0
2102.0
2255.0
2197.0
2046.25
2048.75
2251.25
2206.0
2021.5
2004.5
2255.5
2207.25
1988.25
1966.75
2266.25
2215.0
1941.75
1946.25
2272.25
2220.5
1869.75
1946.25
2276.0
2244.0
1839.75
1927.75
2255.75
2246.0
1796.75
1889.75
2224.75
2260.0
1802.0
1853.5
2185.25
2267.0
1801.75
1837.0
2146.5
2276.25
1787.25
1843.5
2100.25
2276.5
1791.25
1857.0
2049.75
2269.5
1804.0
1872.5
2026.0
2275.5
1841.75
1880.0
2017.75
2289.25
1874.0
1887.25
1999.0
2305.0
1905.25
1883.5
1974.0
2331.25
1912.0
1881.0
1960.5
2348.5
1911.0
1876.75
1963.75
2376.25
1895.0
1881.0
1960.0
2399.5
1865.5
1901.25
1984.0
2419.5
1798.5
1906.25
1992.75
2451.75
1774.75
1917.5
2005.75
2482.0
1763.75
1914.0
2006.0
2511.5
1738.25
1908.25
1977.75
2536.25
1732.0
1911.0
1957.75
2565.75
1736.5
1914.0
1938.5
2596.75
1736.25
1911.25
1918.5
2625.25
1728.5
1962.5
1901.75
2630.25
1749.5
2004.75
1932.75
2603.75
1824.5
2031.25
1956.5
2531.0
1851.25
2110.75
2054.75
2491.5
1903.5
2169.5
2094.0
2507.75
1974.25
2197.25
2171.25
2465.0
1978.25
2219.75
2182.5
2416.75
1995.25
2246.75
2192.25
2357.0
2028.5
2284.75
2216.75
2302.0
2058.0
2346.0
2289.75
2280.25
2132.5
2338.25
2301.5
2235.0
2148.0
2341.75
2332.75
2198.25
2155.75
2345.5
2341.5
2133.25
2181.25
2345.5
2340.0
2053.75
2178.25
2328.75
2347.25
1981.75
2184.25
2303.75
2347.25
1906.75
2184.25
2278.75
2329.25
1862.25
2171.75
2250.75
2304.25
1837.25
2149.75
2200.75
2279.25
1812.25
2149.75
2148.0
2250.75
1796.75
2146.5
2110.25
2211.0
1782.0
2138.75
2084.5
2157.5
1763.0
2137.0
2081.5
2107.5
1736.5
2116.5
2049.0
2060.25
1729.25
2103.5
2015.75
2010.25
1729.25
2086.75
1990.75
1960.5
1729.0
2061.75
1963.25
1917.0
1727.75
2034.0
1938.25
1867.0
1727.75
2009.0
1913.25
1817.0
1727.75
1984.0
1885.25
1784.0
1716.5
1956.25
1856.5
1758.0
1700.5
1927.0
1820.0
1736.25
1692.75
1893.0
1771.5
1724.75
1686.0
1859.75
1742.0
1712.25
1657.5
1830.25
1713.5
1691.0
1646.0
1791.5
1700.25
1672.0
1630.75
1739.0
1676.25
1661.5
1613.75
1690.5
1660.75
1644.5
1598.25
1638.5
1645.75
1626.0
1571.5
1598.75
1608.5
1615.25
1545.5
1572.75
1562.0
1592.5
1532.0
1555.5
1541.75
1550.5
1511.75
1538.0
1517.25
1523.5
1489.25
1512.0
1490.25
1497.25
1462.75
1491.75
1468.25
1467.75
1437.5
1468.5
1442.75
1442.5
1413.0
1443.75
1418.0
1417.5
1386.75
1419.75
1394.75
1392.0
1361.0
1394.25
1369.25
1367.25
1331.75
1373.75
1343.75
1342.5
1311.0
1344.75
1319.25
1313.5
1287.75
1321.5
1296.75
1291.0
1258.0
1296.25
1271.25
1263.5
1235.5
1271.75
1245.25
1240.25
1210.75
1245.75
1221.25
1215.75
1183.25
1221.75
1198.75
1187.0
1158.0
1198.25
1175.25
1160.75
1132.75
1173.25
1150.0
1136.75
1105.75
1149.5
1123.0
1109.5
1082.25
1127.25
1103.0
1079.75
1058.0
1101.25
1077.5
1055.75
1034.5
1074.25
1055.25
1028.0
1003.5
1055.25
1025.5
1003.75
981.5
1031.25
1005.25
976.25
957.5
1003.0
983.5
946.75
929.25
982.5
959.25
920.75
901.25
960.75
934.5
896.75
877.0
933.75
906.25
876.0
847.75
912.0
885.0
846.5
821.5
889.0
860.25
822.5
800.25
859.0
835.0
796.75
772.5
837.75
813.25
767.75
748.5
812.5
784.25
743.0
725.75
789.0
763.75
716.25
702.0
760.0
741.25
687.0
673.5
740.25
715.5
665.25
646.0
715.25
691.25
635.5
620.5
694.75
666.75
613.0
594.75
667.5
640.25
587.0
571.25
643.5
619.25
564.75
540.75
617.25
594.25
537.25
512.75
597.75
574.5
511.25
482.0
574.25
549.5
484.5
462.25
545.75
523.0
467.5
447.75
503.75
464.75
453.5
436.25
487.5
419.25
444.0
397.0
481.75
376.25
421.25
382.5
462.0
373.25
400.5
359.75
408.5
370.75
381.75
329.75
359.75
358.25
352.25
307.5
324.0
317.5
330.25
300.5
293.75
276.0
304.25
288.25
273.5
250.5
275.75
264.5
251.25
230.0
250.25
230.5
231.25
205.75
223.0
205.25
208.0
173.25
199.5
182.75
186.5
137.5
165.25
166.5
172.75
131.75
118.75
139.75
151.75
119.0
92.25
113.0
117.75
86.75
70.25
93.0
92.0
43.75
54.25
72.5
71.5
28.75
21.0
52.75
39.5
3.25
12.0
23.0
3.75
