3.243784010410309
3.2439125180244446
3.2439839839935303
3.2440465092658997
3.3830015063285828
3.383071482181549
3.386469304561615
3.3866652250289917
3.5451022386550903
3.5451987385749817
3.5453245043754578
3.545549750328064
3.7298479676246643
3.7351585030555725
3.7352307438850403
3.7360793352127075
3.875078797340393
3.8754190802574158
3.875493049621582
3.875618040561676
4.086592257022858
4.087208986282349
4.0873125195503235
4.088578462600708
4.079945504665375
4.080061495304108
4.080126702785492
4.0802154541015625
4.357090055942535
4.357222020626068
4.3573498129844666
4.357429265975952
4.40307080745697
4.40314507484436
4.403203010559082
4.403569281101227
4.554084479808807
4.554549217224121
4.554620206356049
4.554794728755951
4.6397809982299805
4.639840245246887
4.63992315530777
4.639981269836426
4.59440803527832
4.5944777727127075
4.594535529613495
4.594608545303345
4.682202458381653
4.682262480258942
4.682316958904266
4.682375490665436
4.634196519851685
4.634260594844818
4.634316802024841
4.634370803833008
4.669651448726654
4.669712543487549
4.669767737388611
4.669859051704407
4.726264476776123
4.726322770118713
4.726376056671143
4.726428687572479
4.656922817230225
4.656981289386749
4.657076776027679
4.6571380496025085
4.645476698875427
4.645539045333862
4.645593225955963
4.645681262016296
4.5203747153282166
4.5204320549964905
4.520484805107117
4.520548045635223
4.662145256996155
4.662213742733002
4.662266254425049
4.6623170375823975
4.513151466846466
4.513209640979767
4.513262510299683
4.513373494148254
4.600506246089935
4.600563108921051
4.6006163358688354
4.60066831111908
4.637405276298523
4.637462019920349
4.637529015541077
4.637584209442139
4.743324279785156
4.743382036685944
4.743434548377991
4.743486762046814
4.705376982688904
4.705433249473572
4.705490469932556
4.705541968345642
4.637044012546539
4.637102782726288
4.637156009674072
4.637208044528961
4.573277294635773
4.5733360052108765
4.573389291763306
4.573442041873932
4.593851327896118
4.593911230564117
4.593963027000427
4.594026565551758
4.720738708972931
4.720798969268799
4.720853507518768
4.720906496047974
4.740942001342773
4.740998029708862
4.7410500049591064
4.741100788116455
4.8683624267578125
4.868415951728821
4.868468940258026
4.868520677089691
4.668761253356934
4.668823540210724
4.668877720832825
4.668928802013397
4.65459543466568
4.654657185077667
4.654710292816162
4.654761254787445
4.7039435505867
4.703998267650604
4.70404976606369
4.704100251197815
4.773648262023926
4.773709774017334
4.7737643122673035
4.773818075656891
4.747234761714935
4.747296214103699
4.747353732585907
4.747403681278229
4.745798289775848
4.745855867862701
4.745908260345459
4.745960354804993
4.775026261806488
4.775081515312195
4.775132060050964
4.775180518627167
4.879023253917694
4.879086256027222
4.879141211509705
4.879196226596832
4.826252460479736
4.826309502124786
4.826361238956451
4.826412498950958
4.792516469955444
4.792594015598297
4.792649745941162
4.792719185352325
4.917771756649017
4.917945027351379
4.918006002902985
4.918061971664429
4.977156758308411
4.977214694023132
4.977267265319824
4.977318227291107
5.07201224565506
5.0720720291137695
5.072126686573029
5.072180509567261
5.016709983348846
5.016767680644989
5.016820907592773
5.016872704029083
4.978325724601746
4.978389501571655
4.978445947170258
4.978498935699463
4.968157052993774
4.968217313289642
4.968272268772125
4.968325257301331
4.993870258331299
4.993928849697113
4.993983030319214
4.994035840034485
5.051372945308685
5.05143266916275
5.051509976387024
5.051567494869232
5.165194571018219
5.165265619754791
5.1653218269348145
5.165403604507446
5.24869978427887
5.248756766319275
5.248808741569519
5.24886029958725
5.4110918045043945
5.4111523032188416
5.411208212375641
5.411263525485992
5.496390461921692
5.496451258659363
5.496507227420807
5.496560752391815
5.722982227802277
5.723045527935028
5.723101496696472
5.723154723644257
5.7240487933158875
5.724175035953522
5.724236726760864
5.724291503429413
6.137499034404755
6.137564480304718
6.137637734413147
6.137696266174316
6.10801100730896
6.108083486557007
6.108146250247955
6.1082043051719666
6.1617430448532104
6.161802351474762
6.161857068538666
6.1619075536727905
6.119814217090607
6.119872272014618
6.1199252009391785
6.137689769268036
6.199681758880615
6.1998109221458435
6.199870944023132
6.199924111366272
6.108909249305725
6.108973026275635
6.109053254127502
6.109120011329651
6.1481505036354065
6.148212730884552
6.148273766040802
6.148324012756348
6.424144983291626
6.424205482006073
6.424261510372162
6.424318015575409
6.53748631477356
6.537547588348389
6.537601351737976
6.537663042545319
6.604235470294952
6.604307234287262
6.6043617725372314
6.604413747787476
6.521710455417633
6.521771252155304
6.521824955940247
6.521876513957977
6.499370455741882
6.499430537223816
6.499484300613403
6.499535262584686
6.412460267543793
6.412519097328186
6.412571549415588
6.412620544433594
6.472369849681854
6.472427845001221
6.472480833530426
6.472530543804169
6.396662473678589
6.396718502044678
6.396770000457764
6.396818518638611
6.410593807697296
6.410651743412018
6.410714268684387
6.4107747077941895
6.352749764919281
6.35280829668045
6.352860271930695
6.352910041809082
6.300819277763367
6.300877571105957
6.30093252658844
6.300984561443329
6.263459742069244
6.2635210156440735
6.263574481010437
6.263625264167786
6.359480202198029
6.3595409989356995
6.359594285488129
6.359645247459412
6.530885696411133
6.530945420265198
6.531000196933746
6.531051456928253
6.476460218429565
6.476520895957947
6.476575434207916
6.476627469062805
6.459433495998383
6.459495961666107
6.459566175937653
6.459621429443359
6.363862693309784
6.363923668861389
6.36397922039032
6.364031970500946
6.351518929004669
6.351580500602722
6.3516411781311035
6.351698219776154
6.685499489307404
6.685560524463654
6.685615539550781
6.685678720474243
6.526778161525726
6.526839435100555
6.526892244815826
6.52695769071579
6.613281786441803
6.613339602947235
6.6133913397789
6.613461911678314
6.459533274173737
6.4595929980278015
6.459647953510284
6.459699273109436
6.480801463127136
6.480863273143768
6.480922698974609
6.480978488922119
6.620241284370422
6.620300054550171
6.620353519916534
6.620404601097107
6.64141720533371
6.64147675037384
6.641530215740204
6.641580760478973
6.689946353435516
6.6900113224983215
6.690065562725067
6.690117597579956
6.655014514923096
6.655075490474701
6.655140578746796
6.655208766460419
6.639533460140228
6.639593243598938
6.63969349861145
6.6397512555122375
7.144772171974182
7.144836962223053
7.144896745681763
7.144961476325989
6.852977275848389
6.853046298027039
6.8531137108802795
6.853166699409485
6.7524189949035645
6.7524890303611755
6.75254499912262
6.752596020698547
6.739077925682068
6.739138722419739
6.739196240901947
6.739250183105469
6.880495667457581
6.880571246147156
6.880656480789185
6.880727767944336
7.117462337017059
7.1175344586372375
7.117606699466705
7.117662727832794
7.070417404174805
7.070477902889252
7.070532739162445
7.07058447599411
7.089186012744904
7.0892598032951355
7.089317321777344
7.089370548725128
7.396719753742218
7.396780014038086
7.396832048892975
7.396883487701416
7.479748547077179
7.479806542396545
7.479858577251434
7.479909121990204
7.41431051492691
7.41437304019928
7.414425492286682
7.414476752281189
7.671420753002167
7.671481490135193
7.671534419059753
7.671585917472839
7.6764838099479675
7.676548063755035
7.676602602005005
7.676655292510986
7.591202974319458
7.591264247894287
7.591317653656006
7.591369926929474
7.557072460651398
7.557132720947266
7.557187497615814
7.557241201400757
7.616890788078308
7.6169480085372925
7.616999804973602
7.617049813270569
7.546271443367004
7.546332955360413
7.546387553215027
7.546439528465271
7.733864486217499
7.733921051025391
7.73398095369339
7.73403799533844
7.726080238819122
7.726136922836304
7.726187169551849
7.726235926151276
7.903719246387482
7.903785228729248
7.903852045536041
7.903902053833008
8.00679498910904
8.00685703754425
8.006906986236572
8.00695949792862
7.991787254810333
7.9918572306633
7.991929769515991
7.991981744766235
8.194906949996948
8.19496774673462
8.195018947124481
8.195067524909973
8.128054976463318
8.128114223480225
8.12816697359085
8.128216981887817
8.126509964466095
8.126579642295837
8.126639723777771
8.126691699028015
8.014883041381836
8.01494550704956
8.014998733997345
8.01506221294403
8.066801011562347
8.06686121225357
8.06691437959671
8.066964983940125
8.098291754722595
8.098354756832123
8.098406255245209
8.09846979379654
8.289397954940796
8.289469718933105
8.28952443599701
8.289575517177582
8.162958979606628
8.163019716739655
8.16307246685028
8.163122951984406
8.21226280927658
8.21231997013092
8.21237176656723
8.212421000003815
8.244856774806976
8.244920492172241
8.244993269443512
8.245047211647034
8.1961510181427
8.196209013462067
8.196264505386353
8.196313560009003
8.27733850479126
8.27741026878357
8.277464509010315
8.27751499414444
8.168774783611298
8.168838262557983
8.168891489505768
8.16894280910492
8.20302700996399
8.203112959861755
8.203166961669922
8.203217685222626
8.438470482826233
8.4385307431221
8.43858402967453
8.438634276390076
8.359293162822723
8.359353184700012
8.359406471252441
8.359456717967987
8.582011461257935
8.582071244716644
8.582123756408691
8.58217453956604
8.376194298267365
8.376264095306396
8.376316249370575
8.376375079154968
8.390689253807068
8.390747964382172
8.390802919864655
8.390861511230469
8.308019042015076
8.308078706264496
8.308139503002167
8.308196485042572
8.530241250991821
8.53030115365982
8.53035318851471
8.530402421951294
8.41191452741623
8.411975264549255
8.412032842636108
8.412082731723785
8.432384014129639
8.432442545890808
8.432494282722473
8.432542264461517
8.42791074514389
8.427968680858612
8.42802518606186
8.428074181079865
8.529007732868195
8.529065728187561
8.529117166996002
8.52916669845581
8.653936743736267
8.653994739055634
8.65404623746872
8.654095530509949
8.498666286468506
8.498725056648254
8.49877780675888
8.498827457427979
8.603281319141388
8.603342950344086
8.603406190872192
8.603456795215607
8.54984050989151
8.549925029277802
8.549977004528046
8.55002498626709
8.51213276386261
8.512193500995636
8.512244701385498
8.512293219566345
8.533433020114899
8.533491671085358
8.533543527126312
8.533592522144318
8.604455888271332
8.604514241218567
8.60457468032837
8.60463947057724
8.668989539146423
8.669050812721252
8.669104218482971
8.669154942035675
8.864734470844269
8.86479276418686
8.864843487739563
8.864891529083252
8.807482779026031
8.807541251182556
8.807593286037445
8.807643413543701
8.924229800701141
8.924315571784973
8.924381852149963
8.92444533109665
8.706286311149597
8.706358909606934
8.706413924694061
8.706463754177094
8.703192234039307
8.703250050544739
8.70330148935318
8.703351199626923
8.680139720439911
8.680204689502716
8.680262982845306
8.680314004421234
8.883611977100372
8.883671224117279
8.883723676204681
8.883773744106293
8.82263296842575
8.822697818279266
8.822749733924866
8.822807490825653
9.24798321723938
9.248039722442627
9.248090505599976
9.24813824892044
9.325279951095581
9.325339496135712
9.325392186641693
9.32544219493866
9.280972182750702
9.281062424182892
9.28111320734024
9.28117847442627
9.286001741886139
9.286058247089386
9.286112666130066
9.28616088628769
9.239315509796143
9.239372313022614
9.23942232131958
9.239470303058624
9.375642776489258
9.375703155994415
9.37575501203537
9.375803470611572
9.4857217669487
9.485783815383911
9.48583608865738
9.485884964466095
9.462050080299377
9.462108492851257
9.46216106414795
9.462210476398468
9.551630735397339
9.551691472530365
9.551773726940155
9.551827490329742
9.549309253692627
9.549368023872375
9.549424529075623
9.549473822116852
9.484216511249542
9.48427426815033
9.484325528144836
9.484374284744263
9.532555997371674
9.532625794410706
9.532677233219147
9.532725751399994
9.480141043663025
9.48019826412201
9.480249464511871
9.480297207832336
9.712694466114044
9.712756037712097
9.712813258171082
9.712862014770508
9.72415155172348
9.724211037158966
9.724271059036255
9.72432029247284
9.711727559566498
9.711787581443787
9.711839497089386
9.711888492107391
9.649807453155518
9.649867296218872
9.649917542934418
9.649968981742859
9.767035245895386
9.767091274261475
9.767139732837677
9.767186462879181
9.772238731384277
9.772291719913483
9.772339522838593
9.772386729717255
9.676657497882843
9.676713526248932
9.676762759685516
9.676810204982758
10.274801015853882
10.274857759475708
10.274908602237701
10.27495676279068
10.208066165447235
10.208133399486542
10.208183228969574
10.208229422569275
10.176127970218658
10.176183938980103
10.176234245300293
10.176281988620758
10.205515325069427
10.205581545829773
10.205633819103241
10.205682754516602
10.252975225448608
10.253032743930817
10.253088474273682
10.25313800573349
10.203393757343292
10.203451216220856
10.203502774238586
10.20355099439621
10.293755948543549
10.293811976909637
10.293861746788025
10.293908953666687
10.411502003669739
10.41156655550003
10.41162621974945
10.411698698997498
10.345511198043823
10.34556770324707
10.345618188381195
10.345665752887726
10.281812846660614
10.281870067119598
10.281921088695526
10.28196907043457
10.32647705078125
10.326533555984497
10.326584041118622
10.326632499694824
10.384279727935791
10.384337246418
10.384388983249664
10.384438395500183
10.300391137599945
10.30046147108078
10.300513923168182
10.30056369304657
10.52852326631546
10.528581738471985
10.528641998767853
10.5286905169487
10.614830017089844
10.614889323711395
10.614941000938416
10.61499148607254
10.520102083683014
10.52016830444336
10.520221531391144
10.520270347595215
10.616635501384735
10.616694033145905
10.616745233535767
10.616795778274536
10.470437228679657
10.470499277114868
10.470550298690796
10.47060751914978
10.710077047348022
10.710153758525848
10.710208237171173
10.710263729095459
10.750552773475647
10.75062096118927
10.75067275762558
10.75072193145752
10.777925729751587
10.777981460094452
10.778030514717102
10.778076946735382
10.603050947189331
10.603110015392303
10.603160440921783
10.60320895910263
10.634355247020721
10.634412288665771
10.634461462497711
10.634508550167084
10.679715275764465
10.679774522781372
10.679824769496918
10.679872035980225
10.694697260856628
10.694762527942657
10.694812774658203
10.694870233535767
10.828649997711182
10.828704535961151
10.828757226467133
10.82880425453186
10.707595527172089
10.707648575305939
10.707696616649628
10.70774233341217
10.680508971214294
10.68056344985962
10.680612742900848
10.680659770965576
10.59249746799469
10.59255301952362
10.59260243177414
10.592648983001709
10.69968056678772
10.699738264083862
10.699789345264435
10.699838042259216
10.707706570625305
10.707763314247131
10.707813560962677
10.7078617811203
10.81955623626709
10.819611728191376
10.819660484790802
10.819707453250885
10.668290793895721
10.668346285820007
10.66839587688446
10.66844254732132
10.831809222698212
10.831870675086975
10.831921517848969
10.83197146654129
10.87335479259491
10.873410522937775
10.873460531234741
10.873508274555206
10.917143046855927
10.91719776391983
10.91724681854248
10.91729325056076
10.983157217502594
10.98321121931076
10.983258724212646
10.983305037021637
11.072992265224457
11.073047578334808
11.073096752166748
11.073144018650055
11.201961040496826
11.202028572559357
11.202088057994843
11.202138304710388
11.055237710475922
11.055293679237366
11.055343985557556
11.055406928062439
11.008335947990417
11.008397996425629
11.008455991744995
11.008526504039764
11.276657223701477
11.276714265346527
11.276764690876007
11.276813983917236
11.025323808193207
11.02537977695465
11.025429725646973
11.025477230548859
11.159091293811798
11.159153282642365
11.159205794334412
11.159255564212799
11.26476925611496
11.26483303308487
11.264889776706696
11.264950513839722
11.366046249866486
11.366103768348694
11.366155505180359
11.366204261779785
11.358430981636047
11.358486771583557
11.358541488647461
11.35858952999115
11.33970707654953
11.33976286649704
11.339814007282257
11.339861869812012
11.455707728862762
11.455764770507812
11.45581591129303
11.455864429473877
11.39780193567276
11.397859990596771
11.397911489009857
11.397961497306824
11.442153513431549
11.442209243774414
11.44226348400116
11.442311108112335
11.342853724956512
11.342910051345825
11.342960774898529
11.343009531497955
11.406975209712982
11.407032191753387
11.40708315372467
11.407131493091583
11.486370980739594
11.48643296957016
11.486498951911926
11.486551940441132
11.436204731464386
11.436300039291382
11.436351716518402
11.436400413513184
11.709690868854523
11.709767043590546
11.709819853305817
11.709868788719177
11.497710287570953
11.497775197029114
11.4978266954422
11.497876167297363
11.476253032684326
11.476324737071991
11.476399183273315
11.47646027803421
11.58294677734375
11.583003759384155
11.583066284656525
11.583140790462494
11.608351051807404
11.608409523963928
11.608461558818817
11.60851126909256
11.594677805900574
11.5947385430336
11.594789266586304
11.594837844371796
11.562479138374329
11.56255167722702
11.562603950500488
11.562653481960297
11.768665254116058
11.768721282482147
11.768771588802338
11.768819510936737
12.008458733558655
12.00851571559906
12.00856602191925
12.008613765239716
11.933807253837585
11.933861136436462
11.933909237384796
11.933955430984497
11.9027059674263
11.902763426303864
11.902813971042633
11.902863025665283
11.853425204753876
11.853481650352478
11.853533148765564
11.85358339548111
11.794295966625214
11.794355511665344
11.794413805007935
11.794463992118835
11.916375041007996
11.916436791419983
11.916489243507385
11.916538774967194
12.11024534702301
12.110304772853851
12.110357344150543
12.110407292842865
12.064171493053436
12.064229309558868
12.064281284809113
12.064330339431763
12.09015816450119
12.0902139544487
12.090263962745667
12.090311706066132
12.049717247486115
12.049776673316956
12.049828469753265
12.049878239631653
11.999502718448639
11.999570965766907
11.999623477458954
11.99967896938324
11.932629346847534
11.932684302330017
11.93273276090622
11.932779729366302
