-1.0
1469.75
2896.5
1469.75
-1.0
1444.75
2846.5
1444.75
-1.0
1419.75
2956.25
1419.75
-1.0
1394.75
2906.25
1394.75
-1.0
1369.75
2856.25
1369.75
-1.0
1344.75
2806.25
1344.75
-1.0
1319.75
2756.25
1319.75
-1.0
1294.75
2706.25
1294.75
-1.0
1269.75
2656.25
1269.75
-1.0
1244.75
2606.25
1244.75
-1.0
1219.75
2556.25
1219.75
-1.0
1194.75
2506.25
1194.75
-1.0
1169.75
2456.25
1169.75
-1.0
1144.75
2406.25
1144.75
-1.0
1119.75
2356.25
1119.75
-1.0
1094.75
2306.25
1094.75
-1.0
1069.75
2256.25
1069.75
-1.0
1044.75
2206.25
1044.75
-1.0
1019.75
2156.25
1019.75
-1.0
994.75
2106.25
994.75
-1.0
969.75
2056.25
969.75
-1.0
944.75
2006.25
944.75
-1.0
919.75
1956.25
919.75
-1.0
894.75
1906.25
894.75
-1.0
869.75
1856.25
869.75
-1.0
844.75
1806.25
844.75
-1.0
819.75
1756.25
819.75
-1.0
794.75
1706.25
794.75
-1.0
769.75
1656.25
769.75
-1.0
744.75
1606.25
744.75
-1.0
719.75
1556.25
719.75
-1.0
694.75
1506.25
694.75
-1.0
669.75
1456.25
669.75
-1.0
644.75
1406.25
644.75
-1.0
619.75
1356.25
619.75
-1.0
594.75
1306.25
594.75
-1.0
569.75
1256.25
569.75
-1.0
544.75
1206.25
544.75
-1.0
519.75
1156.25
519.75
-1.0
494.75
1106.25
494.75
-1.0
469.75
1056.25
469.75
-1.0
444.75
1006.25
444.75
-1.0
419.75
956.25
419.75
-1.0
394.75
906.25
394.75
-1.0
369.75
856.25
369.75
-1.0
344.75
806.25
344.75
-1.0
319.75
756.25
319.75
-1.0
294.75
706.25
294.75
-1.0
269.75
656.25
269.75
-1.0
244.75
606.25
244.75
-1.0
219.75
556.25
219.75
-1.0
194.75
2058.25
213.0
-1.0
169.75
1983.25
213.0
-1.0
154.5
1908.25
1774.5
-1.0
154.5
1833.25
1749.5
-1.0
154.5
1763.75
3272.5
-1.0
154.5
1713.75
3222.5
-1.0
154.5
1663.75
3172.5
-1.0
154.5
1613.75
3122.5
-1.0
154.5
1563.75
3072.5
-1.0
154.5
1513.75
3022.5
-1.0
154.5
1463.75
2972.5
-1.0
1686.5
1435.25
2922.5
-1.0
1661.5
1410.25
2872.5
-1.0
1636.5
1385.25
2822.5
-1.0
1611.5
1360.25
2772.5
-1.0
1586.5
1335.25
2722.5
-1.0
1561.5
1310.25
2672.5
-1.0
1536.5
1285.25
2622.5
-1.0
1511.5
1260.25
2572.5
-1.0
1486.5
1235.25
2522.5
-1.0
1461.5
1210.25
2472.5
-1.0
1436.5
1185.25
2422.5
-1.0
1411.5
1160.25
2372.5
-1.0
1386.5
1135.25
2322.5
-1.0
1361.5
1110.25
2272.5
-1.0
1336.5
1085.25
2222.5
-1.0
1311.5
1060.25
2172.5
-1.0
1286.5
1035.25
2122.5
-1.0
1261.5
1010.25
2072.5
-1.0
1236.5
985.25
2022.5
-1.0
1211.5
960.25
1972.5
-1.0
1186.5
935.25
1922.5
-1.0
1161.5
910.25
1872.5
-1.0
1136.5
885.25
1822.5
-1.0
1111.5
860.25
1772.5
-1.0
1086.5
835.25
1722.5
-1.0
1061.5
810.25
1672.5
-1.0
1036.5
785.25
1622.5
-1.0
1011.5
760.25
1572.5
-1.0
986.5
735.25
1522.5
-1.0
961.5
710.25
1472.5
-1.0
936.5
685.25
1422.5
-1.0
911.5
660.25
1372.5
-1.0
886.5
635.25
1322.5
-1.0
2409.25
633.75
1272.5
-1.0
2359.25
633.75
1222.5
-1.0
2309.25
633.75
1172.5
-1.0
2259.25
2188.0
1139.5
-1.0
2209.25
2163.0
1114.5
-1.0
2159.25
2138.0
1089.5
-1.0
2109.25
2095.25
1082.25
-1.0
2059.25
2045.25
1082.25
-1.0
2009.25
1995.25
1082.25
-1.0
1959.25
1945.25
1082.25
-1.0
1909.25
1895.25
1082.25
-1.0
1859.25
1845.25
1082.25
-1.0
3355.0
1803.25
1082.25
-1.0
3280.0
1778.25
1082.25
-1.0
3208.75
1753.25
2632.25
-1.0
3158.75
1728.25
2607.25
-1.0
3108.75
1703.25
2582.25
-1.0
3058.75
1678.25
2557.25
-1.0
3008.75
1653.25
2532.25
-1.0
2958.75
1628.25
2507.25
-1.0
2908.75
1603.25
2482.25
-1.0
2858.75
1578.25
2457.25
-1.0
2808.75
1553.25
2432.25
-1.0
2758.75
1528.25
2407.25
-1.0
2708.75
1503.25
2382.25
-1.0
2658.75
1478.25
2357.25
-1.0
2608.75
1453.25
2332.25
-1.0
2558.75
1428.25
2307.25
-1.0
2508.75
1403.25
2282.25
-1.0
2458.75
1378.25
2257.25
-1.0
2408.75
1353.25
2232.25
-1.0
2358.75
1328.25
2207.25
-1.0
2308.75
1303.25
2182.25
-1.0
2258.75
1278.25
2157.25
-1.0
2208.75
1253.25
2132.25
-1.0
2158.75
1228.25
2107.25
-1.0
2108.75
1203.25
2082.25
-1.0
2058.75
1178.25
2057.25
-1.0
2008.75
1153.25
2032.25
-1.0
1958.75
1128.25
2007.25
-1.0
1908.75
1103.25
1982.25
-1.0
1858.75
1078.25
1957.25
-1.0
1808.75
1053.25
1932.25
-1.0
1758.75
1028.25
1907.25
-1.0
1708.75
1003.25
1882.25
-1.0
1658.75
978.25
1857.25
-1.0
1608.75
953.25
1832.25
-1.0
1558.75
928.25
1807.25
-1.0
1508.75
903.25
1782.25
-1.0
1458.75
878.25
1757.25
-1.0
1408.75
853.25
1732.25
-1.0
1358.75
828.25
1707.25
-1.0
1308.75
803.25
1682.25
-1.0
1258.75
778.25
1657.25
-1.0
1208.75
753.25
1632.25
-1.0
1158.75
728.25
1607.25
-1.0
1118.75
703.25
1572.25
-1.0
1093.75
678.25
1522.25
1569.0
1068.75
653.25
1473.5
1544.0
1043.75
628.25
1448.5
1519.0
1018.75
603.25
1423.5
1494.0
993.75
578.25
1398.5
1469.0
968.75
553.25
1373.5
1444.0
943.75
528.25
1348.5
1419.0
906.0
503.25
1336.25
1394.0
856.0
478.25
1336.25
1369.0
785.5
473.75
1336.25
1344.0
710.5
473.75
1336.25
1319.0
635.5
473.75
1336.25
1294.0
560.5
473.75
1336.25
1269.0
485.5
473.75
1336.25
1244.0
421.25
473.75
1325.5
1219.0
386.0
473.75
1285.75
1194.0
361.0
473.75
1235.75
1169.0
336.0
473.75
1185.75
1144.0
311.0
473.75
1135.75
1119.0
286.0
473.75
1085.75
1094.0
261.0
473.75
1035.75
4170.0
237.75
473.75
1006.5
4095.0
237.75
473.75
981.5
4020.0
237.75
473.75
956.5
3945.0
237.75
473.75
931.5
3870.0
237.75
473.75
906.5
3795.0
237.75
473.75
881.5
3720.0
237.75
473.75
856.5
3645.0
237.75
473.75
831.5
3570.0
237.75
473.75
806.5
3495.0
237.75
473.75
781.5
3420.0
237.75
473.75
756.5
3345.0
237.75
473.75
731.5
3270.0
237.75
473.75
706.5
4735.25
237.75
473.75
695.25
4635.25
237.75
473.75
695.25
4535.25
237.75
473.75
695.25
4435.25
237.75
473.75
695.25
4335.25
237.75
473.75
695.25
4235.25
237.75
473.75
695.25
4135.25
237.75
473.75
695.25
4035.25
237.75
473.75
695.25
3935.25
237.75
473.75
695.25
3835.25
237.75
473.75
695.25
3735.25
237.75
473.75
695.25
3635.25
237.75
473.75
695.25
3535.25
237.75
473.75
695.25
3435.25
237.75
473.75
695.25
3335.25
237.75
473.75
695.25
3235.25
237.75
473.75
695.25
3135.25
237.75
473.75
695.25
3035.25
237.75
473.75
695.25
2935.25
237.75
473.75
695.25
2835.25
237.75
473.75
695.25
2735.25
237.75
473.75
695.25
2635.25
237.75
473.75
695.25
2535.25
237.75
473.75
695.25
2435.25
237.75
473.75
695.25
2335.25
237.75
473.75
695.25
2235.25
237.75
473.75
695.25
2135.25
237.75
473.75
695.25
2035.25
237.75
473.75
695.25
1935.25
237.75
473.75
695.25
1852.25
220.75
473.75
695.25
1782.0
195.75
469.0
695.25
1732.0
170.75
444.0
695.25
1671.75
156.0
419.0
695.25
1596.75
156.0
394.0
695.25
1521.75
156.0
369.0
695.25
1446.75
156.0
344.0
695.25
1371.75
156.0
319.0
695.25
1296.75
156.0
294.0
695.25
1221.75
156.0
269.0
695.25
1146.75
156.0
244.0
695.25
1076.5
156.0
219.0
690.5
1026.5
156.0
194.0
665.5
976.5
156.0
169.0
640.5
926.5
154.0
148.0
613.5
876.5
154.0
148.0
563.5
817.25
154.0
148.0
522.75
764.5
154.0
148.0
475.5
714.5
154.0
148.0
425.5
664.5
154.0
148.0
375.5
614.5
154.0
148.0
325.5
568.75
154.0
126.5
292.75
543.75
154.0
101.5
242.75
518.75
154.0
76.5
192.75
493.75
154.0
51.5
142.75
468.75
154.0
26.5
92.75
432.0
154.0
1.5
54.5
382.0
132.5
-2.0
29.5
332.0
107.5
-2.0
4.5
263.5
82.5
-2.0
-2.0
188.5
57.5
-2.0
-2.0
113.5
32.5
-2.0
-2.0
38.5
7.5
-2.0
-2.0
