3.300928473472595
3.4458577036857605
3.6617807149887085
3.8164822459220886
3.986974835395813
4.157099068164825
4.330426394939423
4.5142587423324585
4.713415443897247
4.742810010910034
4.898839950561523
4.993415296077728
5.173664033412933
5.31566321849823
5.316550552845001
5.305299997329712
5.293408036231995
5.355347514152527
5.356391072273254
5.502070248126984
5.588626980781555
5.582138240337372
5.620103657245636
5.6119784116744995
5.6083457469940186
5.616342306137085
5.594941794872284
5.578896522521973
5.5833860039711
5.634616792201996
5.699308514595032
5.716717720031738
5.6859129667282104
5.8201664686203
5.814711034297943
5.77081173658371
5.890592515468597
6.014626979827881
6.0006033182144165
6.074494481086731
6.059717535972595
6.0695765018463135
6.134199023246765
6.067995011806488
6.10318523645401
6.139255702495575
6.051871240139008
6.0242292284965515
5.991077244281769
6.006417453289032
6.196195542812347
6.219398736953735
6.3173969984054565
6.516710042953491
6.4990397691726685
6.571771144866943
6.55420446395874
6.514546990394592
6.45958799123764
6.680912733078003
6.678450286388397
6.577549755573273
6.604418456554413
6.584746718406677
6.737668752670288
6.607893705368042
6.680404961109161
6.654183566570282
6.571916401386261
6.56252646446228
6.721109986305237
6.7979395389556885
6.815654695034027
6.8084511160850525
6.806964337825775
6.845274448394775
6.8305323123931885
7.014436185359955
6.865179717540741
6.901195526123047
6.902334272861481
7.032567858695984
7.35647451877594
7.32739782333374
7.28511768579483
7.2613354325294495
7.3052815198898315
7.4048919677734375
7.25687974691391
7.120016396045685
7.059941470623016
7.044521749019623
7.03679347038269
7.073865711688995
7.30757474899292
7.385314702987671
7.631075024604797
7.883009970188141
7.69347870349884
7.7367222905159
7.742781758308411
7.727161467075348
7.732025504112244
7.716329276561737
7.702611207962036
7.686597764492035
7.688740968704224
7.689315497875214
7.692424714565277
7.859951078891754
7.957030415534973
7.838968455791473
8.01664823293686
8.01326721906662
8.189226508140564
8.179745197296143
8.07427430152893
8.175723791122437
8.065398037433624
8.288498282432556
8.108943045139313
8.123951494693756
8.198472499847412
8.192763328552246
8.275658309459686
8.36359441280365
8.356451749801636
8.01626056432724
8.346760272979736
8.410743474960327
8.282642304897308
8.29212999343872
8.466848254203796
8.369522273540497
8.391813218593597
8.50801134109497
8.506504774093628
8.86232340335846
8.853403985500336
9.06924420595169
9.249162554740906
9.238997995853424
9.255197942256927
8.97372305393219
8.983948230743408
8.90177845954895
8.946886539459229
8.823315024375916
8.998379945755005
8.996417045593262
9.14084643125534
9.486348569393158
9.392271041870117
9.261308014392853
9.268572807312012
9.209182381629944
9.22307699918747
9.330823481082916
9.612906455993652
9.634933710098267
9.631702482700348
9.641693472862244
9.650065302848816
9.977255284786224
9.46963632106781
9.720377206802368
9.879635274410248
10.009695708751678
10.114527523517609
10.213371813297272
10.058233439922333
10.043280303478241
10.287614345550537
10.400263845920563
10.308902502059937
10.629088938236237
10.251583755016327
10.3474982380867
10.418415248394012
10.332687735557556
10.530803322792053
10.441339492797852
10.543549716472626
10.348642230033875
10.330086767673492
10.841610431671143
10.708695232868195
10.44284987449646
10.640599071979523
10.645959496498108
10.844852924346924
10.844263911247253
10.811950504779816
10.987296342849731
10.991987466812134
10.852780938148499
11.169605255126953
11.003739476203918
11.00930255651474
11.191513240337372
11.25248396396637
11.292664051055908
11.17888456583023
11.381471276283264
11.442942082881927
11.516167759895325
11.529074728488922
11.548719465732574
11.553000748157501
11.495667576789856
11.576146423816681
11.55378121137619
11.532799005508423
11.567325115203857
11.658817529678345
11.72100567817688
11.833919703960419
11.858359932899475
11.948719799518585
11.879729449748993
12.069085776805878
12.082548975944519
12.114814281463623
12.120268762111664
12.12239396572113
12.128589391708374
12.155918002128601
12.138485491275787
12.378381729125977
12.74965226650238
12.784846007823944
12.814367830753326
12.842266976833344
12.816308736801147
12.93176645040512
12.933795928955078
12.914564192295074
13.013864934444427
13.017565071582794
13.046897172927856
13.086963713169098
13.063401937484741
13.069505751132965
13.165468275547028
13.173505783081055
13.17029196023941
13.205621063709259
13.211735725402832
13.204005241394043
