1854.5
1863.0
2139.25
2113.125
2106.75
2203.75
2408.875
2232.375
2510.625
2300.625
2744.375
2538.375
2694.375
2596.875
2697.5
2591.625
2647.5
2648.75
2597.5
2598.75
2547.5
2548.75
2497.5
2498.75
2447.5
2448.75
2397.5
2398.75
2347.5
2348.75
2297.5
2298.75
2247.5
2248.75
2197.5
2198.75
2147.5
2148.75
2097.5
2098.75
2047.5
2048.75
1997.5
1998.75
1947.5
1948.75
1897.5
1898.75
1847.5
1848.75
1797.5
1798.75
1747.5
1748.75
1697.5
1698.75
1647.5
1648.75
1597.5
1598.75
1547.5
1548.75
1497.5
1498.75
1447.5
1448.75
1397.5
1398.75
1347.5
1348.75
1297.5
1298.75
1247.5
1248.75
1197.5
1198.75
1147.5
1148.75
1862.625
1110.625
2580.5
1078.375
2505.5
1053.375
2430.5
1028.375
2355.5
1003.375
2280.5
978.375
2205.5
953.375
2141.625
1694.125
2079.125
1656.625
2016.625
1619.125
1954.125
1581.625
1891.625
1544.125
1829.125
1506.625
1766.625
1469.125
1704.125
1431.625
1641.625
1394.125
1579.125
1356.625
1516.625
1319.125
2230.625
2059.0
2168.125
2021.5
2105.625
1984.0
2043.125
1946.5
2769.0
3477.0
2719.0
3427.0
2669.0
3377.0
2619.0
3327.0
2569.0
3277.0
2519.0
3227.0
2469.0
3177.0
2419.0
3127.0
2369.0
3077.0
2319.0
3027.0
2269.0
2977.0
2219.0
2927.0
2169.0
2877.0
2119.0
2827.0
2069.0
2777.0
2019.0
2727.0
1969.0
2677.0
1919.0
2627.0
1869.0
2577.0
1819.0
2527.0
1769.0
2477.0
1719.0
2427.0
1669.0
2377.0
1619.0
2327.0
1569.0
2277.0
1512.125
2233.875
1458.875
2187.125
1421.375
2124.625
1383.875
2062.125
1346.375
1999.625
1308.875
1937.125
1271.375
1874.625
1233.875
1812.125
1196.375
1749.625
1158.875
1687.125
1123.5
1622.5
1081.25
1564.75
1043.75
1502.25
1006.25
1439.75
968.75
1377.25
942.375
1303.625
908.125
1237.875
871.625
1174.375
834.125
1111.875
795.25
1050.75
748.75
997.25
711.25
934.75
669.875
876.125
620.0
826.0
575.375
770.625
547.25
698.75
522.25
623.75
497.25
548.75
466.875
479.125
423.75
422.25
373.75
372.25
323.75
322.25
273.75
272.25
223.75
222.25
173.75
172.25
123.75
122.25
73.75
72.25
23.75
22.25
