3.3244641423225403
3.3245615661144257
3.4055585861206055
3.4060212075710297
3.4928932785987854
3.4930216670036316
3.859307497739792
3.859662264585495
4.022645533084869
4.022745847702026
4.249431520700455
4.262214481830597
4.423314422369003
4.4235018491744995
4.629060477018356
4.629137486219406
4.768418163061142
4.768643647432327
4.90318301320076
4.903451442718506
4.973277658224106
4.97341576218605
5.004970371723175
5.0050782561302185
4.960669606924057
4.960804283618927
4.883802384138107
4.883907794952393
5.11574524641037
5.115849435329437
5.283625781536102
5.28371986746788
5.21579310297966
5.215873867273331
5.347598612308502
5.347681015729904
5.303213477134705
5.303361147642136
5.327042818069458
5.327157735824585
5.295453906059265
5.295540273189545
5.37993648648262
5.380044251680374
5.344616502523422
5.344714522361755
5.521937996149063
5.522026717662811
5.493162602186203
5.493297308683395
5.462033927440643
5.46211576461792
5.527022272348404
5.528790473937988
5.688400030136108
5.688484400510788
5.604288309812546
5.604436576366425
5.525948256254196
5.526076465845108
5.544720679521561
5.544813811779022
5.567286968231201
5.567358642816544
5.722818046808243
5.722915440797806
5.729656934738159
5.7297408282756805
5.967725038528442
5.967799186706543
6.024128049612045
6.024243623018265
6.0225608348846436
6.022653490304947
5.96454843878746
5.964676797389984
5.948210000991821
5.948296129703522
6.228154212236404
6.228306084871292
6.297702372074127
6.2977772653102875
6.29404354095459
6.294279992580414
6.379822999238968
6.379888743162155
6.413801461458206
6.413873881101608
6.512220501899719
6.512292683124542
6.547439336776733
6.547512114048004
6.640791326761246
6.640928715467453
6.687995672225952
6.688086658716202
6.780198693275452
6.780298173427582
6.809250861406326
6.809342324733734
6.82006573677063
6.820151507854462
6.933716863393784
6.933809399604797
6.847786039113998
6.847876727581024
6.812458127737045
6.812559396028519
7.2016125321388245
7.201735109090805
7.13482129573822
7.134976774454117
7.065984010696411
7.0660479962825775
7.2990237176418304
7.299098938703537
7.405675768852234
7.405747205018997
7.375495612621307
7.375575393438339
7.397852212190628
7.397944360971451
7.877009838819504
7.87709054350853
7.841970056295395
7.842059552669525
7.851853013038635
7.851933866739273
7.914230495691299
7.914300382137299
8.00216692686081
8.002233058214188
7.969438344240189
7.969503581523895
8.079894721508026
8.07995954155922
8.023728162050247
8.023797690868378
8.052628368139267
8.052690416574478
8.18194779753685
8.182017862796783
8.206852436065674
8.206941932439804
8.178135603666306
8.178209513425827
8.205489873886108
8.205550640821457
8.21633630990982
8.216409713029861
8.446983307600021
8.447056144475937
8.451984494924545
8.452064335346222
8.39919337630272
8.39926341176033
8.475170761346817
8.47524031996727
8.662537157535553
8.66260501742363
8.69224688410759
8.692307651042938
8.641739845275879
8.64180475473404
8.693670928478241
8.69373682141304
8.922601699829102
8.922669559717178
8.77973598241806
8.779803603887558
8.787154257297516
8.787224143743515
8.757516086101532
8.757596999406815
8.772388517856598
8.772455900907516
8.784404754638672
8.784468442201614
8.890101671218872
8.89016878604889
8.937535107135773
8.937601119279861
9.224223852157593
9.224285274744034
9.242191523313522
9.242254137992859
9.169478744268417
9.169543504714966
9.04800260066986
9.048069387674332
9.08365947008133
9.08372437953949
9.16998016834259
9.17005142569542
9.30146637558937
9.301531970500946
9.337148129940033
9.337213844060898
9.377070903778076
9.377157986164093
9.375396400690079
9.375469028949738
9.414382964372635
9.414452075958252
9.654555946588516
9.65461641550064
9.750118613243103
9.750190109014511
9.715605050325394
9.715668261051178
9.834877133369446
9.834967643022537
9.8299460709095
9.830019503831863
9.839676648378372
9.839748233556747
9.95254796743393
9.952621430158615
9.981535494327545
9.981601893901825
9.929796695709229
9.92985513806343
10.145093113183975
10.145178854465485
10.144889086484909
10.144953697919846
10.136004477739334
10.136065632104874
10.156691998243332
10.15675202012062
10.272515654563904
10.272576093673706
10.316299825906754
10.316363632678986
10.287779301404953
10.287854313850403
10.34894049167633
10.34901025891304
10.33473801612854
10.334799110889435
10.57853290438652
10.57860803604126
10.513463884592056
10.513524621725082
10.502293825149536
10.502364933490753
10.390320718288422
10.390393495559692
