18184.25
18084.25
17984.25
17884.25
17784.25
17684.25
17584.25
17484.25
17384.25
17284.25
17184.25
17084.25
16984.25
16884.25
16784.25
16684.25
16584.25
16484.25
16384.25
16284.25
16184.25
16084.25
15984.25
15884.25
15784.25
18924.5
18824.5
19952.75
19852.75
19752.75
19652.75
19552.75
19452.75
19352.75
19252.75
19152.75
19052.75
18952.75
18852.75
18752.75
18652.75
18714.0
18614.0
19098.25
18998.25
18898.25
18798.25
18698.25
18598.25
18498.25
18398.25
18298.25
18198.25
18098.25
17998.25
17898.25
17798.25
17698.25
17598.25
17498.25
17398.25
17298.25
17198.25
17098.25
17740.75
17640.75
17540.75
18148.0
18048.0
17948.0
17848.0
17748.0
17648.0
17548.0
17448.0
17348.0
17248.0
17148.0
17048.0
16948.0
16848.0
16748.0
16648.0
16548.0
16448.0
16348.0
16248.0
16148.0
16048.0
15948.0
15848.0
15748.0
15648.0
15548.0
15448.0
15348.0
15248.0
15148.0
15048.0
14948.0
14848.0
14748.0
14648.0
14548.0
14448.0
14348.0
14248.0
14148.0
14048.0
13948.0
13848.0
13748.0
13648.0
13548.0
13448.0
13348.0
13248.0
13148.0
13048.0
12948.0
12848.0
12748.0
12648.0
12548.0
12448.0
12348.0
12248.0
12148.0
12048.0
11948.0
11848.0
11748.0
11648.0
11548.0
11448.0
11348.0
11248.0
11148.0
11048.0
10948.0
10848.0
10748.0
10648.0
10548.0
10448.0
10348.0
10248.0
10148.0
10048.0
9948.0
9848.0
9748.0
9648.0
9548.0
9448.0
9348.0
9248.0
9148.0
9048.0
8948.0
8848.0
8748.0
8648.0
8548.0
8448.0
8348.0
8248.0
8148.0
8048.0
7948.0
7848.0
7748.0
7648.0
7548.0
7448.0
7348.0
7248.0
7148.0
7048.0
6948.0
6848.0
6748.0
6648.0
6548.0
6448.0
6348.0
6248.0
6148.0
6048.0
5948.0
5848.0
5748.0
5648.0
5548.0
5448.0
5348.0
5248.0
5148.0
5048.0
4948.0
4848.0
4748.0
4648.0
4548.0
4448.0
4348.0
4248.0
4148.0
4048.0
3948.0
3848.0
3748.0
3648.0
3548.0
3448.0
3348.0
3248.0
3148.0
3048.0
2948.0
2848.0
2748.0
2648.0
2548.0
2448.0
2348.0
2248.0
2148.0
2048.0
1948.0
1848.0
1748.0
1648.0
1548.0
1448.0
1348.0
1248.0
1148.0
1048.0
948.0
848.0
748.0
648.0
548.0
448.0
348.0
248.0
148.0
48.0
