4.957877576351166
4.957276284694672
4.952771425247192
4.980027735233307
5.1056830286979675
5.085214734077454
5.103482782840729
5.144976019859314
5.176245748996735
5.148952007293701
5.140633046627045
5.140339732170105
5.136723756790161
5.273660480976105
5.273770689964294
5.340427935123444
5.327198803424835
5.311169505119324
5.306177496910095
5.293367266654968
5.4200239777565
5.422793805599213
5.406826972961426
5.423963963985443
5.414616227149963
5.488983511924744
5.475907504558563
5.5025187730789185
5.59825998544693
5.725930750370026
5.725169479846954
5.736248254776001
5.801336467266083
5.918606221675873
5.912492036819458
5.922430992126465
5.930125057697296
5.9167065024375916
5.92312490940094
5.896261215209961
5.845122754573822
5.861171245574951
5.8640865087509155
5.987730503082275
6.045484483242035
6.0491132736206055
6.024753987789154
6.038893043994904
6.169317781925201
6.301285266876221
6.33182680606842
6.257044732570648
6.3827714920043945
6.452579319477081
6.4410340785980225
6.403899013996124
6.399017751216888
6.305868983268738
6.405030310153961
6.514996230602264
6.510290086269379
6.673018574714661
6.672485709190369
6.664515733718872
6.679537832736969
6.684208989143372
6.865861415863037
6.862925708293915
6.898183465003967
6.906518995761871
6.903273522853851
6.983177661895752
6.872723937034607
6.915840268135071
6.803193032741547
6.965633273124695
7.1003764271736145
7.082992255687714
7.105159878730774
7.127899527549744
7.20395827293396
7.346331477165222
7.227374076843262
7.185515284538269
7.1073362827301025
7.240298509597778
7.234069764614105
7.233146488666534
7.3525755405426025
7.297767460346222
7.3622137904167175
7.507548213005066
7.3866777420043945
7.437220752239227
7.566398024559021
7.5810752511024475
7.589310050010681
7.544471204280853
7.550702691078186
7.638122260570526
7.6620659828186035
7.6819024085998535
7.772038996219635
7.787774741649628
7.821566700935364
7.800456523895264
7.744237303733826
7.861957252025604
7.9069936871528625
7.950505495071411
7.929654181003571
8.118231475353241
8.17890328168869
8.061020314693451
8.00703376531601
8.059328734874725
7.99382221698761
8.125867247581482
8.033393442630768
8.110449492931366
8.365367710590363
8.408496260643005
8.322500944137573
8.424090921878815
8.434401512145996
8.342705070972443
8.467732787132263
8.569148540496826
8.508634388446808
8.689046323299408
8.705293834209442
8.954236209392548
8.919593513011932
8.840313732624054
8.883999526500702
8.89315801858902
8.903138995170593
8.954153954982758
9.02757877111435
8.95013803243637
8.976840436458588
9.16757595539093
9.16873973608017
9.191167771816254
9.204478740692139
9.257071018218994
9.162147223949432
9.277798473834991
9.317023277282715
9.284765779972076
9.290727019309998
9.382537186145782
9.326287388801575
9.38842123746872
9.38925576210022
9.418883919715881
9.514435291290283
9.48679631948471
9.522693037986755
9.605344414710999
9.743606746196747
9.745928704738617
9.781201899051666
9.77141261100769
9.80823302268982
9.907748401165009
9.987413704395294
9.91688621044159
10.083631992340088
10.102243959903717
10.136366486549377
10.474644243717194
10.454397082328796
10.476135790348053
10.545009315013885
10.542580485343933
10.58634215593338
10.591981768608093
10.63009124994278
10.629323244094849
10.648248970508575
10.698388695716858
10.710663974285126
10.735217452049255
10.79010021686554
10.815853953361511
10.86272519826889
10.897618234157562
10.895517230033875
10.915907204151154
10.905673742294312
10.915175914764404
11.158490180969238
11.151757061481476
11.155904710292816
11.194068968296051
11.239133536815643
11.300754964351654
11.297771692276001
11.436160266399384
11.475298047065735
11.513343274593353
11.594175517559052
11.597901225090027
11.592485785484314
11.579009771347046
11.583967506885529
11.601336002349854
11.619277715682983
11.62048327922821
11.631302654743195
11.664755403995514
11.712976396083832
11.742159962654114
11.734617710113525
11.76028972864151
11.775088787078857
11.84652692079544
11.857168793678284
12.119547069072723
12.114885210990906
12.282616257667542
12.254049062728882
12.343073010444641
12.34212601184845
12.328592717647552
12.32431846857071
12.321193277835846
12.319369971752167
12.316896915435791
12.344377398490906
12.370077967643738
12.376649498939514
12.366114675998688
12.371283948421478
12.402394115924835
12.41125899553299
12.404377520084381
12.418078184127808
12.412787020206451
12.478392958641052
12.479255735874176
12.534739255905151
12.536496460437775
12.52998799085617
12.535978257656097
12.531205534934998
12.530701994895935
12.514326810836792
