2.3584399223327637
2.389317512512207
2.46243155002594
2.5869065523147583
2.9104409217834473
3.194143056869507
3.428254008293152
3.657971978187561
3.8846845626831055
4.110730051994324
4.330957412719727
4.486660957336426
4.61003053188324
4.764617919921875
4.75676155090332
4.791981935501099
4.769828915596008
4.820065379142761
4.813076615333557
4.959767580032349
4.963222503662109
4.955529451370239
4.9620009660720825
4.984706521034241
4.9893025159835815
5.03302001953125
5.021244406700134
5.000000953674316
4.9943859577178955
5.134015440940857
5.12525999546051
5.119843006134033
5.139435052871704
5.162278890609741
5.175206542015076
5.171812891960144
5.178214907646179
5.194916009902954
5.181210517883301
5.175697445869446
5.165915012359619
5.167771577835083
5.1794960498809814
5.221723437309265
5.209863543510437
5.247172832489014
5.30175244808197
5.275328993797302
5.406137466430664
5.385735392570496
5.382525444030762
5.382411479949951
5.3817750215530396
5.37364399433136
5.365062594413757
5.34764552116394
5.349746465682983
5.348650574684143
5.343407034873962
5.34708046913147
5.446451425552368
5.43312406539917
5.433925628662109
5.437480449676514
5.490280985832214
5.478704571723938
5.475736021995544
5.480986952781677
5.4818354845047
5.461862087249756
5.488666534423828
5.602989077568054
5.626389861106873
5.589227914810181
5.619514465332031
5.596212387084961
5.588594913482666
5.598180055618286
5.6573486328125
5.637184977531433
5.67059850692749
5.712964177131653
5.665430068969727
5.674650430679321
5.995959997177124
5.996890068054199
5.996027112007141
5.98725700378418
5.981453061103821
5.980404615402222
5.979743957519531
5.973193645477295
5.964068531990051
6.076812982559204
6.077843427658081
6.065294504165649
6.053090453147888
6.039621472358704
6.048546552658081
6.071318507194519
6.076584458351135
6.075114011764526
6.074970483779907
6.070769548416138
6.1674644947052
6.307750582695007
6.325114011764526
6.341676950454712
6.3404940366744995
6.435016512870789
6.346738815307617
6.420935869216919
6.418518900871277
6.505266547203064
6.5051645040512085
6.417753458023071
6.518948078155518
6.43062698841095
6.5082255601882935
6.519239902496338
6.491639137268066
6.403408527374268
6.550218939781189
6.529549479484558
6.533562898635864
6.533172845840454
6.539262056350708
6.548159599304199
6.548616051673889
6.630925416946411
6.952788949012756
6.952122092247009
6.952444911003113
6.952258944511414
6.939471006393433
6.940732836723328
6.955143451690674
6.958706498146057
6.960299491882324
6.950670003890991
6.953234553337097
6.791345953941345
6.811602473258972
7.164185047149658
7.170820474624634
7.195616960525513
7.184540390968323
7.248211145401001
7.280993938446045
7.28313946723938
7.308846354484558
7.313170075416565
7.315850496292114
7.334390997886658
7.3732664585113525
7.3807854652404785
7.387150883674622
7.391457438468933
7.284569025039673
7.207764506340027
7.389763593673706
7.47291886806488
7.351025938987732
7.480958938598633
7.48822808265686
7.486532092094421
7.438625931739807
7.441771507263184
7.630998492240906
7.669058561325073
7.661632537841797
7.65360701084137
7.639767050743103
8.025118470191956
7.90822696685791
7.9060035943984985
7.8942320346832275
8.015709519386292
8.009401559829712
8.005909442901611
8.002050995826721
7.9982099533081055
8.039437055587769
7.9720741510391235
7.964794039726257
7.957784533500671
7.87818443775177
7.816379547119141
8.027568459510803
8.407280325889587
8.391957998275757
8.391318917274475
8.383249998092651
8.37771201133728
8.376882314682007
8.369844555854797
8.207049012184143
8.204671621322632
8.203153491020203
8.193539500236511
8.064942002296448
8.066459059715271
8.058106064796448
7.932512521743774
7.929739475250244
7.937836527824402
8.237089157104492
8.243678450584412
8.356920957565308
8.375039100646973
8.251940965652466
8.263642072677612
8.183542013168335
8.1881765127182
8.203056454658508
8.224294543266296
8.355466485023499
8.370104432106018
8.285640001296997
8.34797751903534
8.35114848613739
8.619190454483032
8.801419496536255
9.089298605918884
9.091365456581116
9.237757921218872
9.35462498664856
9.350167989730835
9.3447345495224
9.352035522460938
9.594457507133484
9.591100573539734
9.579663515090942
9.4941885471344
9.516008496284485
9.281594038009644
9.286847472190857
9.319622874259949
9.366582989692688
9.380342960357666
9.317866444587708
9.336735367774963
9.329284071922302
9.344269514083862
9.365979075431824
9.374499917030334
9.82238495349884
9.469370007514954
9.993531107902527
9.983290910720825
9.99799907207489
9.998892545700073
9.999634385108948
9.99875295162201
9.990211606025696
9.98006558418274
9.977539539337158
9.97585391998291
9.993579506874084
9.70252549648285
9.71832263469696
9.724509000778198
9.72813093662262
9.728209018707275
9.726972460746765
9.730263948440552
9.733307600021362
9.733275532722473
9.723461031913757
9.8896484375
10.091360449790955
10.087426543235779
10.084294438362122
10.082540035247803
10.08189857006073
10.211796402931213
10.215291023254395
10.216410994529724
10.218451499938965
10.220755457878113
10.206691980361938
10.210402011871338
10.210357427597046
10.20695447921753
10.210261583328247
10.22614049911499
10.224888563156128
10.24302339553833
10.241668939590454
10.244878888130188
10.250721454620361
10.224272966384888
10.22471797466278
10.228203535079956
10.220046639442444
10.222890973091125
10.245639562606812
10.237175941467285
10.98464298248291
10.988299489021301
10.669650435447693
10.512678980827332
10.518733024597168
10.519793510437012
10.517310380935669
10.973345398902893
10.988970637321472
10.920414447784424
10.5951669216156
10.577192068099976
10.58103597164154
10.58742356300354
11.058530926704407
10.678164005279541
10.81913697719574
10.818648099899292
10.820462465286255
10.839732885360718
10.867841958999634
10.919711947441101
10.929345488548279
10.942399382591248
10.95575201511383
10.953038454055786
11.175334453582764
11.534569025039673
11.547112464904785
11.0304114818573
11.485034346580505
11.07657539844513
11.271515130996704
11.273459553718567
11.277578830718994
11.26951003074646
11.694115996360779
11.6947420835495
11.390568494796753
11.395529508590698
11.40197205543518
11.413822531700134
11.29508662223816
11.28985345363617
11.488472938537598
11.520148992538452
11.549296379089355
11.563006520271301
11.566272497177124
11.576652526855469
11.667896509170532
11.670623540878296
11.687360525131226
11.699904918670654
12.026384592056274
11.938568472862244
11.56441056728363
11.54952621459961
11.950684666633606
11.956050992012024
11.953297138214111
11.953842043876648
11.952041506767273
11.943240404129028
11.936763525009155
12.068337082862854
12.067785859107971
12.059718608856201
12.12985348701477
12.17698359489441
12.187346935272217
12.18883204460144
12.197094559669495
12.360612392425537
12.364903926849365
12.42718255519867
12.469564437866211
12.483676433563232
12.502506971359253
12.512227535247803
12.513042449951172
12.558361053466797
12.599031925201416
12.61029601097107
12.620187640190125
12.62002146244049
12.62387204170227
12.822972059249878
12.826083064079285
12.86178994178772
12.90512502193451
12.912298560142517
12.9501473903656
12.991976022720337
13.331720471382141
13.352545976638794
13.186007022857666
13.191077947616577
13.516564965248108
13.51854407787323
13.512068033218384
13.134223937988281
13.125653147697449
13.125367879867554
13.259030938148499
13.262397408485413
13.57266390323639
13.571353435516357
13.569010019302368
13.277419924736023
13.279883861541748
13.282967448234558
13.284923076629639
13.288982510566711
13.294695019721985
13.301981568336487
13.31185507774353
13.320144057273865
13.327917575836182
13.32599401473999
13.340819358825684
13.755249977111816
13.740407466888428
13.736911535263062
13.7599858045578
13.872551441192627
13.878857374191284
13.88572895526886
13.890510439872742
13.907909035682678
13.918305516242981
13.942630052566528
13.954556465148926
13.95663297176361
13.946189999580383
13.927360534667969
13.93259048461914
13.918561577796936
14.320619583129883
14.329973459243774
14.347362041473389
14.367379069328308
14.374707102775574
14.397406935691833
14.41128396987915
14.418778538703918
14.423911571502686
14.650231957435608
14.668447613716125
14.682978987693787
14.736570000648499
14.756726622581482
14.792492032051086
14.798341035842896
14.805760979652405
14.827202558517456
14.8263179063797
14.828380942344666
14.829454064369202
14.834328532218933
14.837214946746826
14.837264895439148
14.848302602767944
14.84898054599762
14.854700922966003
14.880162477493286
14.886990070343018
14.896528482437134
14.909427523612976
14.91035795211792
14.912239074707031
14.917630434036255
14.944320440292358
14.949030995368958
14.947640061378479
14.940632462501526
14.956369876861572
14.951163172721863
15.148991107940674
15.169329404830933
15.183675527572632
15.190295934677124
15.191921472549438
15.1859290599823
15.192352533340454
15.19443142414093
15.390294432640076
15.392961978912354
15.394126534461975
15.399047493934631
15.39046597480774
15.49900209903717
15.510398387908936
15.509308576583862
15.51653242111206
15.520321607589722
15.558601379394531
15.562193512916565
15.562302947044373
15.553305387496948
15.544658660888672
