7019.833333333333
7415.0
7062.333333333333
7472.166666666667
6927.666666666667
7322.833333333333
6777.666666666667
7172.833333333333
6627.666666666667
7022.833333333333
6477.666666666667
6872.833333333333
6327.666666666667
6722.833333333333
6177.666666666667
6572.833333333333
6027.666666666667
6422.833333333333
5877.666666666667
6272.833333333333
5727.666666666667
6122.833333333333
5577.666666666667
5972.833333333333
5427.666666666667
5822.833333333333
5277.666666666667
5672.833333333333
5127.666666666667
5522.833333333333
4977.666666666667
5372.833333333333
4827.666666666667
5222.833333333333
4677.666666666667
5072.833333333333
4527.666666666667
4922.833333333333
4377.666666666667
4772.833333333333
4227.666666666667
4622.833333333333
4077.6666666666665
4472.833333333333
3927.6666666666665
4322.833333333333
3777.6666666666665
4172.833333333333
3627.6666666666665
4022.8333333333335
3477.6666666666665
3872.8333333333335
3327.6666666666665
3722.8333333333335
3177.6666666666665
3572.8333333333335
3027.6666666666665
3422.8333333333335
2877.6666666666665
3272.8333333333335
2727.6666666666665
3122.8333333333335
2581.3333333333335
2969.1666666666665
2448.0
2802.5
2314.6666666666665
2635.8333333333335
2181.3333333333335
2469.1666666666665
2048.0
2302.5
1914.6666666666667
2135.8333333333335
1781.3333333333333
1969.1666666666667
1648.0
1802.5
1514.6666666666667
1635.8333333333333
1381.3333333333333
1469.1666666666667
1248.0
1302.5
1103.8333333333333
1146.6666666666667
953.8333333333334
996.6666666666666
818.3333333333334
832.1666666666666
685.0
665.5
535.8333333333334
514.6666666666666
391.6666666666667
358.8333333333333
249.83333333333334
200.66666666666666
109.66666666666667
40.833333333333336
