6.590884804725647
6.653944651285808
6.6807083288828535
6.765232960383098
6.80776317914327
6.844919006029765
6.93414322535197
6.957099994023641
7.009559313456218
7.09247903029124
7.167990565299988
7.142015655835469
7.294289191563924
7.310774803161621
7.314970175425212
7.380704204241435
7.430975914001465
7.444127003351848
7.597564498583476
7.695938150087993
7.73988405863444
7.7795015176137285
7.7498436371485395
7.782279094060262
7.83833642800649
7.83391014734904
7.8692097663879395
7.898665110270183
7.8866892258326216
7.936891833941142
7.949612816174825
7.999103824297587
8.04527254899343
8.081584850947062
8.092474619547525
8.217700878779093
8.255348483721415
8.276862502098083
8.309690872828165
8.32573370138804
8.33402947584788
8.375115633010864
8.378730177879333
8.376805226008097
8.430049896240234
8.464910666147867
8.446881771087646
8.479504545529684
8.480790853500366
8.50058380762736
8.5106151898702
8.491716186205545
8.484179337819418
8.490538914998373
8.488364020983378
8.493115464846293
8.47341533501943
8.46778670946757
8.46690066655477
8.471868832906088
8.45692527294159
8.455171585083008
8.493547121683756
8.49894646803538
8.517121036847433
8.488076527913412
8.49275286992391
8.501696983973185
8.525752107302347
8.535037279129028
8.514482855796814
8.513473192850748
8.499930580457052
8.473856488863627
8.471590558687845
8.489442467689514
8.47018015384674
8.478912631670633
8.51330316066742
8.51295785109202
8.525691588719686
8.541974306106567
8.547497630119324
8.571976145108541
8.581672191619873
8.604884465535482
8.615088820457458
8.623321056365967
8.635193626085917
8.641846855481466
8.650662660598755
8.665474772453308
8.677091240882874
8.689410010973612
8.675992290178934
8.69149394830068
8.685931007067362
8.688785314559937
8.647765040397644
8.625866611798605
