-1.0
-1.0
117.0
-1.0
336.5
367.5
-1.0
-1.0
-1.0
-1.0
117.0
-1.0
286.5
317.5
-1.0
-1.0
-1.0
-1.0
136.5
-1.0
236.5
294.0
-1.0
-1.0
-1.0
-1.0
136.5
-1.0
210.5
244.0
-1.0
-1.0
-1.0
-1.0
136.5
-1.0
160.5
194.0
-1.0
-1.0
-1.0
-1.0
173.5
-1.0
132.5
177.0
-1.0
-1.0
-1.0
642.5
186.5
-1.0
89.0
188.0
-1.0
-1.0
-1.0
592.5
186.5
-1.0
39.0
188.0
-1.0
-1.0
-1.0
946.5
186.5
-1.0
27.0
188.0
-1.0
-1.0
-1.0
894.5
207.5
-1.0
60.0
212.0
-1.0
-1.0
-1.0
794.5
207.5
-1.0
60.0
212.0
-1.0
-1.0
-1.0
728.0
241.5
-1.0
60.0
242.0
-1.0
-1.0
-1.0
654.5
241.5
-1.0
81.5
242.0
-1.0
-1.0
-1.0
554.5
241.5
-1.0
81.5
242.0
-1.0
-1.0
-1.0
494.5
276.0
-1.0
89.0
279.5
-1.0
-1.0
-1.0
408.5
276.0
-1.0
105.0
279.5
-1.0
-1.0
574.5
391.0
291.0
-1.0
105.0
294.0
-1.0
494.5
540.0
409.0
307.5
-1.0
105.0
308.0
-1.0
444.5
490.0
434.0
307.5
-1.0
128.5
308.0
-1.0
419.0
463.5
478.0
333.5
-1.0
136.0
335.0
-1.0
377.0
413.5
478.0
333.5
-1.0
136.0
335.0
-1.0
327.0
377.0
491.5
353.0
-1.0
136.0
353.5
-1.0
277.0
334.5
515.5
367.0
-1.0
148.0
366.5
-1.0
238.5
284.5
515.5
367.0
-1.0
148.0
366.5
-1.0
188.5
274.0
526.5
379.5
655.5
148.0
356.5
-1.0
153.5
274.0
542.5
344.0
644.0
164.0
342.0
-1.0
170.0
262.5
572.0
358.5
608.5
171.0
357.5
-1.0
174.5
257.5
572.0
358.5
1232.5
171.0
357.5
-1.0
174.5
283.0
607.0
581.0
1173.0
178.5
554.0
-1.0
184.0
283.0
619.0
581.0
1087.5
188.0
554.0
-1.0
193.5
292.5
643.5
598.5
1018.5
201.5
596.0
-1.0
202.5
292.5
727.0
613.0
918.5
201.5
613.5
-1.0
202.5
292.5
749.0
613.0
835.0
228.5
613.5
-1.0
226.5
484.5
764.5
624.0
967.0
228.5
1443.5
-1.0
226.5
484.5
777.0
624.0
932.5
240.0
1407.5
-1.0
236.5
484.5
806.0
823.5
897.5
253.0
1384.5
-1.0
251.0
484.5
819.5
823.5
886.0
265.0
1334.5
906.5
264.5
784.5
918.0
905.0
1287.5
265.0
1567.0
1438.0
264.5
1278.0
932.5
905.0
1679.0
279.5
1517.0
1564.0
279.5
1278.0
959.5
916.0
1701.5
294.0
1497.0
1514.0
292.0
1296.5
974.0
928.5
1718.5
294.0
1461.0
1513.0
292.0
1300.5
1006.0
940.5
1945.5
320.0
1451.0
1467.0
322.5
1300.5
1023.0
940.5
1945.5
320.0
1401.0
1417.0
322.5
1308.0
1029.0
954.5
1965.5
336.0
1449.5
1374.0
402.0
1314.5
1221.5
967.5
1986.5
407.0
1492.0
1330.0
499.5
1323.5
1220.5
965.5
1993.0
400.5
1459.5
1323.0
496.0
1323.5
1353.0
1945.5
2004.0
1859.0
1469.0
1323.0
504.5
1328.5
1353.0
1911.0
2015.5
1809.0
1481.5
1332.5
504.5
1328.5
1369.0
1873.5
2204.5
1777.0
1495.0
1332.5
504.5
1341.0
1369.0
1835.5
2215.5
1727.0
1509.0
1343.0
504.5
1341.0
1960.0
1861.5
2303.0
2251.5
1609.5
1343.0
1212.0
1361.0
2023.0
1835.5
2319.0
2315.5
1633.0
1364.5
1280.0
1375.0
2041.5
1842.5
2342.5
2284.0
1662.5
1375.5
1280.0
1375.0
2076.5
1806.0
2353.5
2254.5
1674.5
1375.5
1284.5
1450.5
2094.0
1784.0
2506.5
2225.0
1703.0
1536.0
1293.0
1612.5
2107.5
1760.5
2584.5
2189.0
1731.0
1604.0
1293.0
1631.0
2123.0
1756.5
2624.5
2147.0
1756.0
1626.5
1299.5
3081.0
2145.5
1770.5
2597.0
2141.0
1768.0
1626.5
2674.5
3116.0
2153.5
1779.5
2668.5
2148.5
1778.5
1713.5
2634.0
3082.5
2169.0
1810.5
2684.0
2161.0
1808.0
1713.5
2599.0
3057.0
2178.0
1823.5
2721.5
2170.5
1820.0
1723.0
2556.0
3007.0
2178.0
1823.5
2721.5
2181.5
1820.0
1723.0
2518.5
2976.0
2214.5
1858.0
2742.0
2211.5
1857.0
1730.5
2492.5
2936.5
2214.5
1858.0
2755.5
2211.5
1857.0
1741.5
2442.5
2915.0
2230.0
1890.5
2777.0
2229.5
1887.5
1741.5
2410.5
2886.0
2272.5
1920.0
2792.0
2269.0
1921.0
1757.0
2401.0
2889.0
2309.5
1949.5
2868.0
2307.5
1950.0
1761.5
2381.0
2978.5
2483.0
1989.0
2987.0
2419.0
1984.0
3464.0
2508.5
2998.5
2553.0
2010.0
2983.0
2569.5
2003.0
3433.0
2571.5
3005.5
2553.0
2010.0
2987.5
2569.5
2003.0
3374.5
2571.5
3000.5
2602.5
2024.5
2997.0
2584.5
2021.5
3332.5
2601.5
3013.0
2670.5
2040.0
3009.5
2594.0
2039.0
3295.5
2650.0
3023.0
2651.5
2053.5
3021.5
2605.0
2051.0
3269.0
2642.0
3037.0
2671.5
2063.5
3046.0
2669.0
2062.0
3220.0
2673.0
3029.5
2662.0
2063.5
3035.0
2662.0
2057.5
3170.0
2662.5
3044.5
2680.5
2075.5
3043.5
2675.5
2072.5
3132.5
2683.0
3066.5
2694.5
2084.5
3058.5
2691.0
2083.5
3094.5
2700.0
3058.0
2694.5
2063.0
3058.5
2679.5
2073.0
3055.0
2691.5
3081.0
2696.0
2083.5
3094.0
2707.0
2088.0
3078.5
2705.5
3059.5
2740.5
2090.0
3097.5
2748.5
2086.0
3089.5
2742.5
3084.5
2768.5
2138.0
3114.0
2815.0
2126.5
3083.0
2856.5
3098.0
2845.5
2141.0
3101.0
2839.5
2135.5
3097.0
2848.5
3098.5
2856.0
2139.5
3097.5
2852.5
2146.5
3089.5
2854.0
3101.0
2834.0
2146.5
3107.5
2834.5
2140.5
3096.5
2840.5
3082.0
2841.0
2131.5
3088.5
2845.0
2121.0
3084.5
2833.5
3084.0
2843.5
2143.5
3104.0
2844.5
2150.5
3097.5
2846.0
3101.0
2840.0
2133.5
3107.5
2839.5
2149.5
3104.5
2843.5
3085.0
2851.0
2135.0
3091.5
2853.0
2131.5
3088.0
2847.0
3116.5
2863.0
2155.5
3119.5
2868.0
2158.0
3115.5
2863.0
3099.0
2869.5
2157.0
3105.5
2876.5
2141.0
3103.0
2871.0
3094.0
2844.5
2167.5
3114.5
2861.0
2133.0
3112.5
2847.5
3099.0
2879.0
2200.0
3104.5
2876.0
2169.5
3098.5
2874.0
3099.0
2856.5
2171.5
3098.5
2855.0
2169.5
3087.0
2863.5
3099.0
2886.5
2189.0
3100.5
2890.0
2199.0
3101.5
2889.5
3104.5
2964.0
2182.5
3105.5
2962.5
2183.0
3112.5
2973.0
3111.0
2956.0
2191.5
3112.0
2960.5
2186.0
3103.5
2959.5
3102.0
2962.5
2193.0
3100.0
2967.5
2174.5
3099.0
2946.0
3111.0
2955.0
2171.5
3109.5
2952.0
2166.5
3104.0
2953.5
3096.0
2964.0
2152.0
3097.5
2957.0
2155.5
3095.0
2961.5
3118.0
2957.5
2169.0
3108.5
2959.0
2170.0
3109.0
2971.5
3103.5
2953.5
2168.0
3108.5
2958.5
2167.0
3101.5
2958.0
3107.0
2952.5
2161.0
3120.0
2933.5
2177.0
3103.0
2935.0
3120.5
2964.0
2171.0
3134.0
2958.5
2171.5
3132.0
2960.0
3114.0
2964.5
2193.5
3112.5
2964.0
2173.0
3142.5
2953.5
3164.5
2999.5
2202.0
3161.5
2961.0
2194.0
3137.5
2975.5
3165.5
3011.0
2200.0
3148.0
3007.5
2192.5
3149.5
3010.0
3157.5
2992.5
2186.0
3158.0
2995.5
2185.0
3159.0
2995.0
3138.0
3000.5
2232.5
3150.0
3012.0
2198.0
3144.0
3006.5
3130.5
2996.5
2229.0
3140.0
2988.5
2188.0
3138.5
2992.5
3137.0
3010.0
2252.5
3153.0
3005.5
2246.0
3139.5
3002.0
3142.5
3027.5
2252.0
3143.5
3049.5
2252.0
3148.5
3042.5
3165.5
3115.0
2287.5
3168.5
3118.5
2297.0
3157.0
3119.5
3158.0
3133.5
2269.5
3158.0
3142.5
2274.0
3160.5
3139.0
3158.0
3115.5
2287.5
3141.5
3117.5
2296.0
3160.5
3115.0
3147.5
3148.5
2278.0
3158.5
3144.0
2302.5
3144.5
3155.0
3157.0
3137.5
2295.0
3158.5
3127.5
2300.0
3153.5
3129.0
3135.5
3148.5
2296.0
3145.5
3146.0
2294.0
3147.0
3152.0
3158.5
3163.5
2307.0
3164.0
3161.0
2308.0
3158.0
3164.5
3178.0
3160.5
2313.0
3165.0
3154.5
2316.5
3165.0
3163.5
3160.5
3184.5
2278.0
3163.0
3186.5
2321.5
3163.0
3191.0
3170.0
3178.5
2283.0
3173.5
3182.5
2354.0
3168.5
3192.0
3162.0
3215.0
2283.0
3163.0
3201.0
2351.0
3163.5
3228.0
3151.5
3196.5
2283.0
3157.0
3198.0
2351.0
3157.0
3219.0
3149.0
3183.5
2291.0
3148.5
3185.0
2366.0
3152.0
3203.5
3158.0
3178.0
2285.5
3166.5
3181.5
2300.0
3169.5
3207.0
3174.5
3193.0
2427.0
3169.0
3197.5
2389.0
3177.0
3212.0
3188.5
3357.0
2428.5
3186.0
3484.5
2345.0
3193.5
3435.5
3176.0
3357.0
2418.5
3170.0
3470.0
2329.5
3193.5
3428.5
3206.5
3366.0
2374.0
3203.0
3478.5
2334.0
3212.5
3430.0
3204.0
3354.5
2351.5
3210.0
3464.0
2364.5
3207.5
3424.5
3210.5
3348.0
2348.5
3210.5
3459.5
2377.0
3210.0
3434.5
3224.0
3352.0
2343.0
3223.5
3859.0
2350.0
3188.0
3769.5
3227.0
3815.0
2352.5
3222.0
3866.5
2355.0
3135.0
3776.5
3242.5
3819.0
2406.5
3228.0
3857.5
2417.5
3121.5
3772.0
3257.5
3819.0
2472.5
3190.5
3821.5
2461.0
3144.0
3772.0
3274.5
4302.0
2621.5
3162.5
4241.5
2600.5
3153.0
4299.0
3274.5
4302.0
2660.0
3112.5
4241.0
2643.5
3153.0
4249.5
3236.5
4293.0
2660.0
3118.0
4247.0
2643.5
3163.5
4223.0
3195.5
4243.0
2771.5
3125.5
4247.0
2758.5
3174.5
4223.0
3167.0
4364.0
2968.5
3142.5
4495.0
2814.5
3159.5
4492.5
3171.5
4539.5
3193.5
3172.5
4536.0
3403.5
3140.0
4542.5
3171.5
4524.0
3193.5
3166.5
4523.0
3403.5
3090.0
4527.0
3199.0
4542.0
3506.5
3147.5
4546.5
3502.0
3067.5
4544.0
3140.0
4549.5
3816.0
3157.5
4552.0
3857.0
3041.0
4549.0
3090.0
4549.5
3816.0
3157.5
4552.0
3857.0
2991.0
4549.0
3046.5
4549.5
3803.0
3166.5
4552.0
3842.0
2977.5
4564.0
3012.0
4574.5
3888.0
3183.0
4578.5
3948.5
2992.5
4526.5
3025.5
4584.5
4352.5
3167.0
4575.0
4354.5
3011.0
4508.5
3037.0
4587.0
4352.5
3157.5
4583.0
4354.5
3048.5
4517.0
3215.0
4620.5
4605.5
3265.5
4615.5
4785.5
3230.5
4553.5
3224.5
4634.5
4685.5
3226.5
4632.5
4780.0
3242.0
4571.0
3224.5
4634.5
4674.5
3213.0
4632.5
4720.0
3242.0
4555.5
3299.5
4650.0
4839.5
3290.5
4600.5
4834.5
3265.5
4581.5
3307.5
4660.0
4810.5
3292.0
4570.0
4858.5
3502.0
4598.5
3552.5
4617.5
4786.0
3623.0
4587.0
4884.5
3510.0
4618.5
3558.5
4577.0
4736.0
3633.5
4587.0
4884.5
3510.0
4618.5
3786.0
4531.5
4694.0
3829.5
4598.5
4884.5
3706.5
4630.0
3786.0
4484.0
4698.5
3829.5
4582.5
4898.0
3706.5
4605.5
3890.0
4497.0
4671.5
3945.5
4594.0
4897.0
3850.5
4565.0
3896.0
4506.5
4682.5
3950.0
4606.5
4858.0
3855.5
4524.0
3902.5
4521.5
4698.0
3941.5
4622.5
4827.0
4006.5
4523.0
4072.0
4552.0
4714.5
3962.5
4650.0
4781.0
4024.0
4553.5
4072.0
4511.0
4705.5
3962.5
4650.0
4731.0
4024.0
4553.5
4183.0
4477.5
4732.0
4163.0
4651.5
4727.5
4035.0
4567.0
4186.0
4433.5
4732.0
4194.5
4674.5
4727.5
4204.0
4578.5
4136.0
4425.5
4754.0
4194.5
4641.0
4747.5
4204.0
4570.0
4112.5
4446.5
4779.0
4216.5
4614.5
4775.5
4228.0
4590.5
4095.0
4466.0
4803.0
4247.0
4586.5
4797.0
4259.5
4612.0
4053.5
4473.0
4810.5
4255.5
4540.5
4802.5
4270.0
4619.0
4016.5
4493.0
4833.5
4255.0
4520.0
4828.0
4280.5
4637.5
3985.0
4493.0
4818.5
4242.0
4520.0
4815.0
4280.5
4637.5
3942.5
4507.0
4828.5
4200.5
4532.5
4823.0
4289.5
4650.0
3912.5
4527.5
4849.5
4169.0
4552.0
4842.5
4307.0
4672.5
3883.5
4543.0
4865.0
4126.0
4568.5
4861.5
4302.5
4691.5
3891.5
4543.0
4865.0
4085.0
4568.5
4861.5
4261.0
4691.5
3899.5
4569.0
4873.5
4046.5
4594.0
4869.5
4219.5
4715.0
3913.0
4577.0
4885.5
4010.5
4602.5
4877.0
4207.5
4721.0
3913.0
4577.0
4883.5
3912.5
4602.5
4877.0
4207.5
4721.0
3935.5
4593.5
4904.0
3868.5
4620.5
4897.5
4195.0
4739.0
3944.0
4604.0
4914.5
3828.5
4629.5
4910.0
4154.5
4747.5
3975.0
4633.5
4940.0
3817.5
4659.0
4934.5
4135.0
4771.0
3984.0
4645.5
4952.5
3827.5
4671.0
4946.5
4093.5
4732.0
4010.0
4671.5
4975.5
3850.5
4694.5
4968.0
4063.5
4702.0
4010.0
4671.5
4975.5
3850.5
4694.5
4968.0
4013.5
4652.0
4029.0
4680.0
4998.5
3870.0
4705.5
4990.5
3988.0
4611.0
4029.0
4772.5
4998.5
3870.0
4733.5
4990.5
3938.0
4588.0
4074.0
4843.5
5052.5
3915.0
4827.0
5046.0
3934.0
4728.0
4083.0
4843.5
5052.5
3927.0
4777.0
5046.0
3892.5
4728.0
4083.0
4843.5
5067.0
3927.0
4727.0
5056.5
3842.5
4728.0
4103.0
4867.0
5079.0
3949.0
4695.5
5066.0
3815.0
4745.0
4103.0
4873.5
5073.0
3949.0
4652.5
5067.0
3815.0
4733.5
4121.5
4864.0
5088.5
3965.0
4590.5
5092.5
3831.0
4735.5
4129.5
4842.0
5080.5
3971.0
4552.0
5080.5
3836.5
4744.0
4137.0
4816.0
5090.0
3979.5
4495.0
5088.0
3846.5
4751.0
4154.0
4812.5
5112.0
3993.5
4456.0
5109.0
3864.0
4775.0
4167.5
4778.0
5146.0
4010.0
4476.0
5140.5
3879.0
4744.0
4188.0
4750.0
5158.5
3983.5
4496.0
5150.5
3899.5
4756.5
4205.0
4719.5
5186.5
3952.5
4515.5
5186.0
3919.0
4778.0
4216.0
4682.0
5186.5
3911.5
4526.0
5186.0
3930.0
4788.5
4225.0
4642.0
5207.5
3871.0
4537.5
5286.5
3937.5
4800.0
4242.5
4657.0
5312.0
3839.5
4560.5
5310.5
3953.0
4824.5
4261.5
4667.5
5324.5
3813.0
4566.5
5320.5
3920.0
4834.0
4271.5
4679.0
5334.5
3774.5
4579.0
5328.5
3882.0
4846.0
4281.5
4687.0
5345.5
3690.5
4590.0
5343.5
3883.0
4856.5
4256.5
4712.0
5364.5
3696.5
4616.5
5360.5
3849.0
4882.5
4230.5
4720.5
5376.5
3712.5
4625.0
5372.0
3820.0
4890.5
4205.0
4720.5
5376.5
3699.5
4625.0
5360.5
3770.0
4890.5
4182.5
4756.0
5379.0
3716.0
4658.0
5383.0
3758.5
4923.0
4150.0
4793.5
5400.5
3739.5
4665.5
5409.0
3771.0
4964.5
4109.0
4803.5
5412.0
3739.5
4628.0
5420.5
3771.0
4976.5
4072.5
4829.5
5423.0
3751.0
4596.5
5432.5
3783.0
4996.0
4046.0
4990.0
5446.5
3774.5
4780.0
5456.5
3808.5
5036.5
4005.5
4947.5
5548.5
3783.5
4787.0
5489.0
3818.5
5044.0
3955.5
4897.5
5563.0
3783.5
4787.0
5502.0
3818.5
5044.0
3914.0
4847.5
5563.0
3793.0
4787.0
5502.0
3828.0
5044.0
3885.5
4976.0
5923.5
3819.0
4973.5
5944.0
3849.0
5385.5
3851.0
4936.5
5951.0
3838.0
4973.5
6039.0
3866.0
5375.0
3833.5
4958.0
5940.0
3838.0
4991.5
6029.0
3866.0
5346.5
3850.0
4942.5
6163.5
3852.5
4986.5
6056.5
3867.0
5284.0
3839.5
4973.0
6171.0
3858.0
5015.0
6064.0
3840.5
5261.5
3858.5
4982.5
6183.5
3864.5
5025.5
6201.0
3857.5
5217.5
3854.5
4968.0
6183.5
3857.5
5011.0
6201.0
3855.5
5159.5
3869.0
4961.5
6192.0
3876.0
5016.5
6237.0
3874.5
5123.0
3878.0
5002.5
6261.0
3886.0
5048.5
6269.5
3882.0
5092.5
3888.5
5054.5
6261.5
3894.0
5086.0
6271.0
3893.5
5079.0
3903.5
5073.0
6254.0
3909.0
5119.0
6267.5
3906.0
5084.0
3976.0
5066.5
6233.0
3921.0
5123.0
6245.5
3933.5
5074.5
3963.5
5066.5
6362.5
3921.5
5110.0
6421.5
3927.5
5074.5
4023.5
5045.0
6373.5
4046.5
5113.0
6422.5
4025.0
5084.5
4279.5
5045.5
6561.5
4248.5
5133.5
6528.5
4055.5
5067.0
4280.0
5066.5
6609.5
4256.0
5133.5
6586.0
4058.0
5046.5
4267.5
5058.0
6597.5
4256.0
5083.5
6579.5
4047.5
5046.5
4346.0
5051.5
6621.5
4278.5
5056.5
6581.5
4138.0
5038.5
4626.5
5058.0
6590.0
4576.5
5044.5
6578.5
4147.0
5050.0
4607.0
5032.5
6589.0
4567.5
5046.0
6590.0
4135.5
5052.5
4659.5
5039.5
6615.0
4816.0
5042.0
6675.5
4407.5
5041.5
4644.0
5043.5
6615.0
5004.5
5024.0
6658.0
4395.5
5042.0
4767.0
5035.0
6874.5
5263.5
5038.0
6865.5
4954.5
5037.5
4742.5
5056.0
6878.5
5244.5
5061.5
6915.5
4932.5
5060.0
4756.0
5054.5
7094.5
5257.0
5053.5
7112.5
4950.0
5053.5
4733.0
5071.5
7067.5
5252.5
5068.0
7086.0
4952.5
5068.5
4684.5
5070.5
7067.5
5234.5
5069.5
7086.0
4944.0
5066.0
4697.5
5076.0
7059.5
5195.5
5083.5
7093.0
4937.5
5078.5
4704.0
5108.0
7066.5
5206.0
5106.0
7074.0
4938.5
5110.5
4711.0
5108.0
7052.0
5161.5
5106.0
7067.5
4939.0
5110.5
4711.0
5096.5
7077.0
5099.5
5093.5
7252.0
4939.0
5099.5
4701.0
5195.0
7067.0
5087.5
5187.5
7239.0
4889.5
5134.5
4700.0
5187.0
7073.5
5099.0
5185.5
7247.0
4850.5
5127.5
4700.0
5179.5
7072.0
5098.5
5185.5
7257.5
4800.5
5127.5
5372.5
5179.5
7067.5
5347.5
5164.0
7248.0
5232.0
5329.0
5358.5
5305.5
7066.0
5318.5
5397.5
7243.0
5232.0
5313.5
5724.5
5568.0
7281.0
5394.0
5743.5
7280.0
5285.0
5553.0
5765.5
5632.0
7288.0
5401.5
5813.5
7272.5
5271.0
5636.5
5713.0
5632.0
7279.5
5409.0
5813.5
7278.5
5556.0
5645.5
5781.5
5642.5
7303.5
5421.5
5788.5
7305.0
5554.0
5645.5
5747.0
5626.0
7314.5
5393.5
5790.0
7316.5
5554.0
5656.5
5759.0
5606.0
7314.5
5355.5
5790.0
7316.5
5566.0
5626.5
5759.0
5607.0
7324.0
5349.0
5793.5
7317.0
5555.5
5602.0
5729.0
5598.0
7297.5
5329.0
5791.5
7304.5
5555.5
5602.0
5729.0
5541.0
7309.5
5308.5
5791.5
7317.0
5533.0
5602.0
5729.0
5500.0
7308.5
5308.5
5795.5
7325.0
5533.0
5604.5
5729.0
5508.5
7308.5
5266.5
5805.0
7317.0
5533.0
5567.5
6534.5
5513.5
7368.0
6488.0
5815.0
7370.0
6595.5
5523.0
6534.5
5547.5
7406.5
6488.0
5808.0
7410.0
6545.5
5557.5
6487.5
5579.5
7464.0
6476.5
5827.0
7479.0
6518.0
5583.5
7060.5
5614.0
7503.0
7656.5
5856.5
7506.5
7640.0
5586.0
7684.0
5628.5
7528.5
7696.0
5874.0
7526.0
7680.5
5559.0
7682.5
5663.5
7576.5
7693.0
5861.5
7581.0
7686.0
5593.5
7702.5
5697.0
7611.5
7707.5
5840.5
7626.0
7704.5
5625.0
7710.5
5717.5
7672.5
7719.0
5860.5
7674.5
7716.5
5677.5
7727.0
5738.5
7737.5
7745.5
5901.5
7735.5
7743.0
5725.5
7726.5
5769.0
7757.0
7733.5
5928.5
7762.0
7730.0
5755.5
7726.5
5759.0
7784.5
7733.5
5946.0
7801.0
7730.5
5781.5
7716.0
5775.0
7806.5
7712.0
5969.0
7810.5
7711.0
5774.0
7697.5
5964.0
7834.0
7712.0
6156.5
7836.5
7711.0
5980.5
7693.0
5930.0
7875.5
7706.0
6180.0
7878.0
7702.0
6009.5
7693.0
6166.0
7901.5
7685.5
6424.0
7902.0
7702.0
6200.5
7684.0
6469.5
7931.5
7649.0
6709.0
7932.0
7697.5
6475.5
7792.0
6469.5
7953.5
7783.0
6691.5
7948.0
7831.5
6475.5
7843.5
6923.5
7974.0
7830.5
7153.5
7974.0
7879.5
6760.5
7883.0
6909.0
8183.0
7872.0
7104.0
8178.5
7886.5
6760.5
7906.0
6891.5
8342.5
7903.0
7104.0
8342.5
7858.5
6760.5
7932.0
8700.5
8360.0
7920.0
8705.5
8359.5
7835.5
8404.0
7919.0
8783.5
8402.5
7957.0
8786.5
8398.0
7862.0
8785.0
7925.0
8790.0
8444.0
8007.5
8792.5
8444.5
7917.0
8798.5
7943.0
8807.5
8478.5
8002.5
8809.5
8492.5
7944.5
8814.5
7984.5
8818.5
8525.0
7997.0
8818.5
8523.5
7989.0
8819.5
8008.0
8814.5
8555.0
8008.0
8822.0
8540.5
8010.5
8806.0
8023.5
8797.0
8567.5
8019.0
8795.0
8561.0
8017.0
8793.0
8021.5
8784.5
8571.5
8020.5
8783.5
8570.5
8026.0
8781.0
8066.5
8736.5
8741.5
8068.0
8780.0
8739.5
8068.5
8781.0
8081.0
8715.5
8797.0
8087.5
8772.0
8793.0
8084.5
8727.5
8095.5
8703.0
9237.5
8099.5
8724.0
9220.0
8107.0
8704.0
8100.5
8703.0
9296.0
8097.0
8709.0
9291.0
8102.0
8704.0
8113.5
8699.5
9265.0
8097.5
8709.0
9268.0
8101.0
8688.5
8125.0
8692.5
9265.0
8118.5
8694.5
9268.0
8113.5
8626.0
8390.0
8684.0
9265.0
8387.0
8660.0
9265.0
8391.5
8591.5
8369.5
8677.5
9249.5
8378.5
8634.5
9250.5
8382.5
8591.5
8369.5
8666.5
9233.5
8355.5
8623.0
9239.5
8366.5
8580.0
8360.0
8657.5
9229.5
8355.5
8573.5
9224.5
8361.0
8572.5
8349.0
8612.5
9217.0
8348.0
8568.5
9216.5
8350.0
8572.5
8339.5
8559.0
9217.0
8335.0
8559.5
9216.5
8347.0
8560.5
8332.0
8547.0
9196.5
8328.5
8551.5
9193.5
8335.5
8549.5
8327.5
8530.0
9176.5
8314.0
8532.5
9193.5
8328.5
8531.5
8310.5
8528.0
9166.0
8308.0
8527.0
9166.0
8310.0
8518.5
8291.0
8517.0
9144.0
8296.5
8516.5
9145.0
8310.0
8514.0
8289.5
8493.5
9143.0
8285.5
8494.0
9145.0
8290.5
8493.0
8272.5
8492.0
9122.0
8271.5
8494.0
9118.0
8271.5
8492.5
8272.5
8467.5
9116.5
8271.5
8468.0
9098.5
8271.5
8468.0
8256.5
8467.5
9099.0
8253.0
8448.0
9098.5
8257.5
8454.0
8247.0
8442.5
9078.5
8252.5
8446.0
9079.5
8246.5
8441.5
8239.0
8424.0
9078.5
8227.5
8437.5
9075.5
8228.5
8423.5
8228.0
8412.5
9041.0
8226.0
8423.5
9055.5
8228.5
8419.0
8214.5
8399.0
9024.5
8212.0
8402.5
9047.0
8222.5
8412.0
8204.0
8392.5
9004.0
8212.0
8396.0
9018.0
8212.5
8395.0
8196.0
8386.0
8994.5
8198.0
8383.0
8994.5
8194.5
8387.5
8189.5
8369.0
8978.5
8188.0
8375.0
8976.5
8189.5
8368.0
8172.5
8369.0
8964.5
8169.5
8367.5
8967.5
8174.5
8349.0
8159.0
8337.0
8964.5
8169.5
8342.0
8967.5
8158.0
8336.5
8150.0
8334.0
8940.0
8146.5
8334.0
8940.5
8152.5
8336.5
8139.5
8276.0
8940.0
8135.5
8332.0
8940.5
8142.5
8328.0
8139.5
8252.0
8928.5
8124.0
8296.0
8928.5
8142.5
8323.0
8127.5
8252.0
8914.0
8124.0
8248.0
8917.0
8130.5
8321.0
8122.5
8247.0
8902.0
8124.0
8239.5
8903.5
8130.0
8265.5
8112.5
8247.0
8893.0
8116.5
8239.5
8893.5
8092.5
8239.5
8106.0
8228.5
8893.0
8103.5
8222.0
8893.5
8068.5
8219.0
8083.5
8219.0
8878.5
8063.5
8222.0
8880.0
8068.5
8219.0
8056.5
8206.5
8866.5
8057.5
8214.0
8869.0
8059.5
8204.5
8039.5
8191.5
8859.0
8039.5
8205.0
8860.0
8039.5
8200.0
8031.5
8183.0
8830.5
8039.5
8187.0
8838.5
8039.5
8184.5
8022.5
8183.0
8800.5
8021.5
8178.0
8830.5
8022.0
8176.0
8011.0
8174.0
8758.5
8017.5
8178.0
8798.0
8022.0
8175.0
8008.0
8156.5
8758.5
7998.5
8161.0
8793.5
8004.0
8154.0
7993.0
8156.5
8747.0
7989.0
8160.0
8741.0
7993.5
8154.0
7992.0
8146.0
8726.5
7989.0
8148.0
8696.5
7993.5
8142.5
7982.0
8132.5
8695.0
7979.5
8129.5
8696.5
7984.5
8134.5
7970.5
8102.0
8686.0
7970.0
8120.0
8696.5
7972.0
8117.0
7952.0
8078.0
8673.5
7970.0
8112.5
8675.0
7966.0
8107.0
7952.0
8078.0
8660.5
7950.0
8104.5
8661.5
7950.5
8077.0
7944.0
8058.5
8654.0
7942.5
8070.5
8661.5
7942.5
8060.5
7937.5
8043.5
8642.0
7927.5
8054.5
8641.5
7936.5
8051.0
7923.0
8041.5
8621.5
7927.5
8045.5
8624.5
7916.0
8034.5
7904.5
8022.5
8621.5
7914.5
8020.5
8624.5
7907.0
8019.0
7890.5
8018.5
8604.0
7891.5
8019.5
8603.0
7889.5
8017.5
7890.5
7995.0
8595.0
7884.0
8014.0
8592.5
7889.5
7973.5
7881.5
7984.0
8583.5
7881.0
7966.5
8592.5
7879.5
7965.5
7859.5
7972.0
8569.5
7871.5
7966.5
8566.5
7863.0
7965.5
7859.5
7909.0
8569.5
7862.0
7956.5
8563.5
7858.5
7955.5
7859.5
7877.0
8555.5
7862.0
7938.5
8527.5
7858.5
7955.5
7852.0
7877.0
8529.0
7851.5
7888.5
8527.5
7853.0
7955.5
7850.0
7871.0
8515.0
7851.5
7880.5
8518.0
7853.0
7895.0
7840.5
7863.5
8505.5
7845.0
7870.5
8505.5
7841.5
7862.0
7830.0
7863.5
8496.0
7830.5
7843.5
8492.5
7829.5
7848.5
7821.0
7836.5
8480.0
7821.5
7835.0
8483.0
7820.5
7836.5
7815.0
7812.0
8468.5
7816.5
7821.0
8471.0
7814.5
7815.5
7807.0
7812.0
8459.0
7801.5
7813.5
8421.0
7805.5
7814.5
7797.5
7796.0
8459.0
7798.5
7800.0
8371.0
7798.0
7814.0
7797.5
7796.0
8404.0
7798.5
7800.0
8345.0
7798.0
7795.0
7777.5
7793.0
8402.0
7782.5
7782.5
8329.0
7776.5
7791.0
7777.5
7777.5
8352.5
7782.0
7771.0
8329.0
7776.5
7768.0
7770.0
7771.0
8301.5
7775.0
7771.0
8311.5
7771.0
7763.0
7770.0
7748.0
8293.0
7771.5
7747.5
8291.5
7764.0
7748.5
7755.0
7727.0
8278.5
7762.5
7727.0
8280.0
7755.5
7748.5
7741.5
7723.0
8267.5
7738.5
7725.0
8262.5
7752.0
7724.0
7727.0
7723.0
8253.0
7730.0
7703.0
8262.5
7723.5
7712.0
7719.0
7704.0
8232.5
7729.5
7694.5
8234.5
7723.5
7696.5
7702.0
7704.0
8232.5
7708.5
7694.5
8234.5
7702.5
7655.5
7702.0
7665.0
8211.0
7707.5
7694.0
8215.0
7694.5
7645.0
7694.5
7660.0
8193.5
7696.5
7657.0
8198.0
7694.5
7640.0
7678.5
7650.5
8182.0
7679.0
7649.5
8185.0
7672.5
7637.0
7657.5
7622.0
8166.0
7670.0
7649.5
8169.0
7667.0
7633.0
7657.5
7568.0
8156.5
7657.0
7643.0
8169.0
7657.5
7625.5
7657.5
7518.0
8136.5
7657.0
7643.0
8152.5
7644.0
7625.5
7642.5
7469.5
8136.5
7644.5
7624.5
8152.5
7643.5
7620.5
7642.5
7468.5
8130.5
7644.5
7574.5
8109.5
7643.5
7620.5
7633.0
7468.5
8098.0
7636.5
7524.5
8109.5
7643.5
7620.5
7620.5
7462.5
8098.0
7636.5
7468.5
8109.5
7626.5
7612.0
7620.5
7455.0
8085.5
7625.5
7411.5
8109.5
7621.5
7605.0
7620.5
7455.0
8035.5
7625.5
7361.5
8109.5
7621.5
7605.0
7620.5
7455.0
7971.0
7625.5
7343.5
8092.0
7621.5
7605.0
7620.5
7455.0
7921.0
7625.5
7343.5
8092.0
7621.5
7555.0
7620.5
7455.0
7882.5
7625.5
7343.5
8080.5
7621.5
7505.0
7620.5
7455.0
7882.5
7625.5
7343.5
8030.5
7621.5
7455.0
7620.5
7455.0
7882.5
7625.5
7343.5
7980.5
7621.5
7405.0
7611.0
7455.0
7882.5
7616.5
7343.5
7930.5
7612.5
7382.5
7609.0
7455.0
7866.0
7609.5
7343.5
7863.0
7605.5
7382.5
7600.0
7455.0
7846.5
7609.5
7343.5
7803.0
7594.0
7382.5
7582.5
7455.0
7846.5
7587.5
7297.5
7803.0
7581.0
7381.0
7574.0
7446.5
7846.5
7570.0
7239.5
7803.0
7581.0
7373.5
7563.5
7439.0
7846.5
7570.0
7179.5
7803.0
7565.0
7367.5
7557.0
7439.0
7846.5
7560.0
7129.5
7779.0
7557.0
7366.0
7557.0
7439.0
7846.5
7560.0
7079.5
7729.0
7557.0
7366.0
7557.0
7439.0
7846.5
7560.0
7029.5
7679.0
7557.0
7366.0
7557.0
7439.0
7846.5
7560.0
6979.5
7629.0
7557.0
7366.0
7557.0
7439.0
7846.5
7560.0
6932.0
7579.0
7557.0
7363.5
7557.0
7439.0
7846.5
7560.0
6932.0
7529.0
7557.0
7313.5
7557.0
7439.0
7846.5
7560.0
6932.0
7479.0
7557.0
7263.5
7557.0
7439.0
7827.5
7560.0
6932.0
7448.0
7557.0
7213.5
7557.0
7439.0
7777.5
7560.0
6932.0
7448.0
7557.0
7163.5
7557.0
7439.0
7727.5
7560.0
6932.0
7448.0
7557.0
7113.5
7557.0
7439.0
7677.5
7560.0
6932.0
7448.0
7557.0
7063.5
7557.0
7431.5
7627.5
7560.0
6932.0
7448.0
7557.0
7021.0
7557.0
7381.5
7577.5
7560.0
6932.0
7448.0
7557.0
7021.0
7557.0
7324.0
7537.0
7560.0
6932.0
7448.0
7557.0
7019.0
7550.5
7274.0
7537.0
7551.0
6919.5
7448.0
7548.5
7005.5
7539.0
7215.0
7529.5
7540.5
6917.0
7448.0
7539.5
7005.5
7539.0
7165.0
7479.5
7540.5
6917.0
7448.0
7539.5
7005.5
7539.0
7115.0
7429.5
7540.5
6917.0
7448.0
7539.5
7005.5
7539.0
7065.0
7379.5
7540.5
6917.0
7448.0
7539.5
7005.5
7539.0
7015.0
7329.5
7540.5
6917.0
7448.0
7539.5
7005.5
7539.0
6965.0
7279.5
7540.5
6917.0
7448.0
7539.5
7005.5
7539.0
6953.5
7229.5
7540.5
6917.0
7409.5
7539.5
7005.5
7530.5
6953.5
7164.5
7531.5
6917.0
7400.5
7531.0
7005.5
7530.5
6953.5
7064.5
7531.5
6917.0
7400.5
7531.0
7005.5
7530.5
6953.5
7019.5
7531.5
6917.0
7345.5
7531.0
7005.5
7523.0
6953.5
7019.5
7520.0
6917.0
7273.0
7522.5
7005.5
7523.0
6953.5
7019.5
7520.0
6917.0
7173.0
7522.5
7005.5
7523.0
6953.5
7019.5
7520.0
6917.0
7073.0
7522.5
7005.5
7523.0
6953.5
7004.0
7520.0
6917.0
6988.5
7522.5
7005.5
7523.0
6953.5
6954.0
7520.0
6917.0
6938.5
7522.5
7005.5
7523.0
6953.5
6904.0
7520.0
6917.0
6888.5
7522.5
7005.5
7515.5
6953.5
6870.5
7520.0
6917.0
6838.5
7513.5
7005.5
7510.0
6942.5
6870.5
7509.5
6909.0
6819.5
7513.5
6959.5
7473.0
6942.5
6870.5
7509.5
6909.0
6819.5
7500.5
6909.5
7473.0
6942.5
6870.5
7496.5
6909.0
6819.5
7463.5
6859.5
7473.0
6942.5
6870.5
7469.0
6909.0
6797.0
7463.5
6809.5
7473.0
6942.5
6870.5
7469.0
6909.0
6747.0
7463.5
6759.5
7473.0
6942.5
6870.5
7469.0
6909.0
6697.0
7463.5
6709.5
7473.0
6942.5
6821.0
7469.0
6909.0
6696.5
7463.5
6659.5
7473.0
6942.5
6771.0
7469.0
6909.0
6696.5
7463.5
6609.5
7473.0
6942.5
6721.0
7469.0
6909.0
6696.5
7463.5
6559.5
7473.0
6942.5
6671.0
7469.0
6909.0
6696.5
7463.5
6509.5
7473.0
6920.5
6669.5
7469.0
6900.0
6696.5
7440.0
6465.5
7472.0
6870.5
6669.5
7428.5
6900.0
6696.5
7431.5
6465.5
7422.0
6820.5
6669.5
7428.5
6900.0
6696.5
7431.5
6465.5
7398.5
6770.5
6669.5
7402.0
6900.0
6696.5
7431.5
6465.5
7398.5
6720.5
6669.5
7352.0
6900.0
6696.5
7431.5
6465.5
7395.5
6670.5
6669.5
7305.0
6900.0
6696.5
7431.5
6465.5
7345.5
6620.5
6669.5
7305.0
6900.0
6696.5
7431.5
6465.5
7310.0
6570.5
6669.5
7305.0
6900.0
6696.5
7417.0
6465.5
7310.0
6520.5
6669.5
7305.0
6900.0
6696.5
7367.0
6465.5
7310.0
6470.5
6669.5
7305.0
6900.0
6696.5
7317.0
6465.5
7310.0
6460.0
6669.5
7305.0
6850.0
6696.5
7287.5
6455.5
7310.0
6452.0
6627.5
7305.0
6800.0
6696.5
7287.5
6455.5
7310.0
6452.0
6599.5
7305.0
6750.0
6674.5
7287.5
6455.5
7310.0
6452.0
6599.5
7305.0
6700.0
6624.5
7287.5
6455.5
7310.0
6452.0
6599.5
7305.0
6650.0
6574.5
7287.5
6455.5
7283.0
6452.0
6599.5
7305.0
6600.0
6551.5
7287.5
6455.5
7249.5
6452.0
6599.5
7296.5
6550.0
6551.5
7279.5
6455.5
7249.5
6452.0
6599.5
7246.5
6500.0
6551.5
7279.5
6455.5
7249.5
6443.0
6599.5
7245.0
6440.5
6529.0
7279.5
6448.0
7249.5
6443.0
6569.0
7245.0
6421.0
6479.0
7279.5
6448.0
7249.5
6443.0
6481.0
7245.0
6421.0
6467.0
7279.5
6448.0
7240.5
6443.0
6400.0
7237.5
6421.0
6467.0
7277.0
6448.0
7240.5
6443.0
6350.0
7237.5
6421.0
6425.5
7268.5
6448.0
7240.5
6436.0
6331.0
7237.5
6413.0
6368.5
7268.5
6439.0
7240.5
6436.0
6331.0
7237.5
6413.0
6310.5
7226.5
6439.0
7240.5
6415.5
6331.0
7237.5
6413.0
6281.0
7176.5
6439.0
7240.5
6365.5
6331.0
7237.5
6413.0
6281.0
7126.5
6439.0
7240.5
6315.5
6331.0
7237.5
6413.0
6281.0
7076.5
6439.0
7240.5
6296.5
6300.0
7227.5
6413.0
6281.0
7036.5
6439.0
7240.5
6296.5
6250.0
7177.5
6413.0
6281.0
7036.5
6439.0
7240.5
6296.5
6200.0
7127.5
6413.0
6281.0
7036.5
6439.0
7240.5
6296.5
6150.0
7077.5
6413.0
6281.0
7036.5
6439.0
7240.5
6296.5
6134.0
7027.5
6379.0
6281.0
7036.5
6439.0
7240.5
6296.5
6134.0
6977.5
6329.0
6281.0
7036.5
6439.0
7240.5
6296.5
6134.0
6927.5
6279.0
6281.0
7036.5
6439.0
7211.5
6296.5
6134.0
6906.5
6229.0
6281.0
7036.5
6439.0
7161.5
6296.5
6134.0
6906.5
6179.0
6281.0
7036.5
6439.0
7111.5
6296.5
6134.0
6906.5
6165.0
6281.0
7036.5
6403.0
7061.5
6296.5
6134.0
6906.5
6165.0
6281.0
7036.5
6353.0
7011.5
6296.5
6134.0
6906.5
6165.0
6281.0
7036.5
6303.0
6995.5
6289.0
6134.0
6906.5
6156.5
6271.0
7036.5
6245.0
6995.5
6289.0
6122.0
6871.5
6156.5
6268.0
7036.5
6195.0
6990.0
6289.0
6122.0
6815.5
6156.5
6268.0
7031.5
6161.5
6986.5
6289.0
6084.5
6765.5
6156.5
6259.0
7031.5
6161.5
6986.5
6289.0
6084.5
6715.5
6156.5
6209.0
7031.5
6161.5
6947.5
6289.0
6084.5
6704.5
6156.5
6159.0
7031.5
6161.5
6897.5
6289.0
6084.5
6704.5
6156.5
6109.0
7031.5
6161.5
6847.5
6289.0
6084.5
6704.5
6156.5
6059.0
7031.5
6161.5
6797.5
6289.0
6084.5
6704.5
6156.5
6009.0
7031.5
6161.5
6759.0
6289.0
6084.5
6704.5
6156.5
5959.0
7020.0
6161.5
6759.0
6289.0
6084.5
6704.5
6147.0
5918.5
6970.0
6161.5
6759.0
6289.0
6084.5
6704.5
6130.5
5918.5
6920.0
6128.0
6759.0
6239.5
6084.5
6704.5
6130.5
5918.5
6870.0
6127.5
6759.0
6186.0
6084.5
6704.5
6119.0
5918.5
6835.0
6127.5
6759.0
6127.0
6068.0
6704.5
6119.0
5905.5
6835.0
6116.0
6702.0
6115.5
6068.0
6692.5
6119.0
5896.0
6825.0
6116.0
6654.5
6115.5
6068.0
6692.5
6119.0
5846.0
6822.5
6116.0
6654.5
6114.5
6068.0
6692.5
6119.0
5806.5
6772.5
6106.5
6654.5
6105.0
6041.0
6692.5
6105.5
5806.5
6722.5
6106.5
6654.5
6105.0
5991.0
6676.5
6105.5
5806.5
6688.5
6106.5
6654.5
6105.0
5941.0
6626.5
6105.5
5806.5
6688.5
6106.5
6654.5
6099.5
5891.0
6582.0
6105.5
5806.5
6688.5
6106.5
6654.5
6090.0
5841.0
6582.0
6089.5
5806.5
6677.0
6093.5
6654.5
6090.0
5791.0
6582.0
6089.5
5806.5
6627.0
6093.5
6641.5
6090.0
5755.0
6581.0
6089.5
5806.5
6577.0
6093.5
6641.5
6074.0
5755.0
6573.0
6075.0
5806.5
6515.5
6093.5
6628.0
6074.0
5700.0
6567.0
6072.5
5787.5
6511.5
6093.5
6594.5
6074.0
5652.5
6558.5
6072.5
5787.5
6511.5
6083.0
6544.5
6074.0
5652.5
6558.5
6072.5
5742.0
6511.5
6078.5
6494.5
6074.0
5652.5
6558.5
6072.5
5692.0
6511.5
6078.5
6461.0
6071.0
5652.5
6542.0
6064.0
5681.0
6494.5
6068.0
6448.0
6064.5
5607.0
6538.5
6057.5
5662.5
6488.0
6068.0
6448.0
6035.5
5605.0
6538.5
6035.5
5656.0
6478.5
6037.0
6439.5
6035.5
5578.5
6502.0
6035.5
5632.0
6474.0
6037.0
6439.5
6035.5
5578.5
6452.0
6035.5
5582.0
6474.0
6037.0
6439.5
6035.5
5578.5
6402.0
6035.5
5532.0
6474.0
6037.0
6439.5
6035.5
5578.5
6352.0
6035.5
5483.5
6474.0
6035.5
6414.5
6019.0
5578.5
6324.5
6020.0
5483.5
6474.0
6020.0
6352.0
6010.5
5578.5
6316.5
6020.0
5476.5
6460.0
6020.0
6318.5
6005.0
5568.5
6300.0
6003.0
5476.5
6460.0
6002.5
6303.0
6005.0
5518.5
6298.5
6003.0
5476.5
6427.0
6002.5
6303.0
6005.0
5468.5
6298.5
6003.0
5476.5
6377.0
6002.5
6293.5
6005.0
5450.5
6287.5
6003.0
5476.5
6315.5
6002.5
6293.5
5996.5
5440.0
6287.5
5988.5
5442.5
6292.0
5993.5
6271.0
5985.5
5428.0
6277.0
5984.5
5431.0
6273.0
5984.0
6271.0
5969.0
5408.5
6270.0
5968.5
5404.0
6273.0
5970.0
6257.0
5956.0
5405.5
6248.0
5950.5
5404.0
6251.5
5961.5
6238.0
5956.0
5374.0
6239.5
5950.5
5371.0
6249.5
5955.5
6223.5
5945.5
5365.0
6229.0
5938.0
5365.5
6231.0
5936.5
6216.5
5932.5
5344.0
6215.0
5931.0
5349.5
6216.0
5929.5
6207.0
5913.0
5337.0
6205.5
5914.5
5333.0
6207.5
5916.5
6191.0
5903.5
5320.0
6190.5
5902.0
5322.5
6200.0
5904.5
6179.5
5897.5
5302.0
6186.0
5885.5
5303.5
6183.5
5896.5
6167.0
5880.5
5290.5
6177.0
5877.0
5291.5
6169.0
5881.5
6153.0
5869.5
5277.5
6155.0
5867.5
5283.5
6157.5
5870.5
6153.0
5848.0
5258.0
6141.5
5859.0
5260.0
6150.0
5864.5
6132.5
5842.0
5258.0
6130.5
5842.0
5255.5
6131.5
5842.0
6120.5
5842.0
5238.0
6120.5
5822.0
5240.5
6108.5
5842.0
6109.5
5819.0
5227.5
6108.5
5813.0
5230.5
6108.5
5817.5
6086.0
5816.0
5215.5
6087.0
5808.5
5208.0
6096.5
5816.5
6069.5
5793.5
5207.0
6087.0
5792.5
5208.0
6084.5
5792.0
6069.5
5793.5
5169.0
6073.5
5789.5
5174.0
6073.0
5792.0
6056.5
5769.0
5169.0
6062.0
5777.0
5170.5
6046.0
5784.0
6046.0
5760.5
5159.0
6051.5
5755.0
5160.0
6040.5
5761.5
6028.5
5753.0
5146.0
6032.5
5742.5
5148.5
6034.0
5749.0
6018.5
5738.0
5124.5
6024.5
5734.0
5143.0
6027.0
5724.5
6011.5
5724.0
5119.0
6017.0
5719.5
5106.0
6012.5
5724.5
6002.0
5707.0
5106.0
5998.0
5705.0
5106.0
5995.0
5715.0
5995.0
5698.0
5085.5
5998.0
5684.0
5091.0
5986.5
5696.0
5978.5
5679.0
5083.0
5986.0
5681.0
5071.5
5976.0
5679.0
5966.5
5662.0
5063.0
5976.5
5673.5
5060.5
5970.0
5662.0
5954.5
5652.5
5049.5
5959.5
5654.5
5053.0
5955.5
5655.0
5937.5
5640.0
5044.0
5942.0
5647.5
5037.0
5940.0
5646.0
5928.5
5633.0
5015.0
5935.5
5638.5
5028.0
5921.5
5634.0
5915.0
5616.5
5013.0
5924.5
5615.0
5014.5
5921.5
5614.0
5905.5
5596.0
5002.5
5914.5
5615.0
4992.5
5914.0
5594.0
5895.5
5591.5
4984.0
5895.5
5595.5
4983.5
5894.5
5594.0
5886.5
5577.0
4969.0
5878.5
5584.0
4970.0
5886.0
5583.0
5865.5
5567.5
4959.0
5876.5
5574.5
4957.5
5862.0
5571.5
5859.5
5557.5
4959.0
5861.0
5535.0
4948.0
5862.0
5552.0
5859.5
5526.5
4959.0
5861.0
5535.0
4898.0
5862.0
5533.0
5859.5
5476.5
4950.0
5861.0
5535.0
4857.0
5862.0
5533.0
5841.0
5462.0
4929.0
5842.5
5535.0
4845.5
5846.0
5533.0
5841.0
5457.5
4902.5
5842.5
5525.5
4845.5
5840.0
5479.5
5841.0
5457.5
4852.5
5842.5
5525.5
4845.5
5840.0
5429.5
5841.0
5424.0
4823.0
5842.5
5516.0
4825.0
5840.0
5422.5
5834.0
5416.5
4819.0
5836.0
5462.0
4813.5
5834.5
5418.5
5820.5
5416.0
4807.5
5822.5
5413.5
4813.5
5822.0
5418.5
5817.5
5395.5
4791.0
5813.0
5405.0
4796.5
5806.5
5409.0
5800.5
5387.5
4782.0
5801.5
5399.0
4784.5
5791.0
5388.0
5786.0
5385.0
4771.0
5782.0
5381.5
4769.5
5787.0
5372.0
5778.5
5368.0
4744.5
5782.0
5373.0
4749.5
5783.5
5355.0
5761.5
5346.0
4744.5
5759.5
5354.0
4747.5
5766.0
5355.0
5743.0
5342.5
4734.5
5740.5
5354.0
4731.0
5742.5
5346.0
5734.5
5329.5
4713.5
5732.0
5344.5
4713.5
5729.5
5337.0
5719.5
5319.5
4704.0
5726.0
5321.0
4697.0
5726.5
5320.5
5706.5
5312.5
4690.5
5710.0
5308.5
4691.5
5718.0
5296.5
5706.0
5295.5
4670.5
5698.5
5296.5
4674.5
5696.0
5296.5
5687.0
5270.5
4658.5
5692.0
5279.5
4669.5
5689.0
5288.0
5678.5
5262.0
4645.5
5681.0
5266.5
4650.5
5681.0
5269.0
5660.5
5253.0
4633.0
5673.0
5255.0
4637.0
5669.0
5253.5
5656.0
5235.5
4613.0
5667.5
5238.0
4626.0
5663.0
5235.0
5644.0
5229.0
4603.5
5646.5
5229.5
4604.0
5642.5
5235.0
5642.0
5215.5
4591.5
5627.0
5219.0
4591.5
5631.5
5216.0
5619.5
5209.5
4581.5
5624.5
5201.0
4581.5
5616.0
5200.5
5614.0
5199.5
4554.0
5610.0
5197.5
4557.0
5611.5
5190.5
5596.5
5179.0
4546.5
5600.0
5177.5
4549.5
5606.0
5179.0
5587.0
5154.5
4536.5
5584.5
5167.5
4538.0
5596.5
5169.5
5577.0
5150.5
4520.5
5574.5
5155.0
4522.5
5577.5
5156.5
5569.5
5133.0
4511.5
5574.5
5129.5
4517.0
5569.0
5130.0
5558.5
5132.5
4511.5
5559.0
5129.5
4478.0
5556.5
5108.5
5556.5
5107.0
4491.0
5549.5
5107.0
4470.5
5546.0
5106.5
5542.0
5100.5
4451.0
5540.0
5098.5
4456.5
5544.5
5101.0
5529.0
5071.5
4444.5
5529.5
5082.0
4449.0
5527.5
5101.0
5523.0
5064.0
4436.0
5529.5
5058.0
4436.0
5527.5
5060.0
5464.0
5064.0
4424.0
5523.0
5058.0
4421.5
5520.0
5059.5
5447.5
5048.0
4413.0
5517.0
5046.0
4421.5
5492.5
5048.5
5440.0
5039.0
4392.5
5504.0
5039.0
4409.5
5483.5
5026.5
5440.0
5006.5
4342.5
5504.0
5039.0
4409.5
5483.5
5009.0
5440.0
4956.5
4292.5
5504.0
5039.0
4409.5
5483.5
5009.0
5440.0
4906.5
4283.5
5504.0
5039.0
4368.5
5483.5
5009.0
5440.0
4856.5
4283.5
5504.0
5039.0
4318.5
5483.5
5009.0
5440.0
4846.0
4283.5
5504.0
4999.5
4268.5
5483.5
5009.0
5440.0
4846.0
4283.5
5504.0
4949.5
4218.5
5483.5
5009.0
5440.0
4846.0
4283.5
5504.0
4899.5
4204.5
5447.5
5009.0
5440.0
4846.0
4283.5
5504.0
4856.5
4197.5
5397.5
5009.0
5440.0
4846.0
4259.0
5465.0
4856.5
4172.0
5386.5
5009.0
5440.0
4846.0
4209.0
5415.0
4856.5
4172.0
5386.5
5009.0
5422.5
4846.0
4181.5
5364.0
4856.5
4172.0
5382.5
5009.0
5379.0
4802.0
4181.5
5364.0
4856.5
4172.0
5376.5
5002.5
5379.0
4747.5
4181.5
5364.0
4842.0
4143.5
5376.5
5000.0
5379.0
4747.5
4181.5
5364.0
4798.5
4093.5
5376.5
4993.5
5379.0
4747.5
4154.0
5364.0
4798.5
4071.0
5376.5
4943.5
5379.0
4747.5
4104.0
5364.0
4798.5
4071.0
5376.5
4893.5
5379.0
4747.5
4054.0
5364.0
4798.5
4071.0
5376.5
4843.5
5379.0
4747.5
3995.5
5364.0
4798.5
4071.0
5376.5
4802.0
5379.0
4747.5
3938.5
5321.0
4798.5
4071.0
5376.5
4802.0
5379.0
4747.5
3888.5
5271.0
4798.5
4071.0
5376.5
4802.0
5379.0
4747.5
3838.5
5221.0
4798.5
4071.0
5376.5
4802.0
5336.5
4747.5
3833.5
5213.5
4798.5
4026.0
5376.5
4802.0
5286.5
4747.5
3833.5
5213.5
4798.5
3976.0
5376.5
4802.0
5236.5
4747.5
3833.5
5213.5
4798.5
3926.0
5376.5
4802.0
5184.0
4747.5
3833.5
5204.5
4796.5
3898.5
5367.5
4802.0
5184.0
4736.5
3821.5
5204.5
4735.5
3896.5
5364.5
4791.0
5173.0
4736.5
3821.5
5192.0
4691.5
3879.5
5355.0
4785.0
5173.0
4726.5
3797.5
5192.0
4691.5
3818.0
5355.0
4780.5
5167.5
4718.5
3796.5
5184.5
4682.5
3768.0
5346.0
4770.5
5167.5
4718.5
3731.0
5184.5
4682.5
3736.5
5346.0
4767.5
5158.0
4699.0
3725.5
5176.0
4663.0
3734.0
5336.5
4742.0
5158.0
4699.0
3715.0
5155.0
4663.0
3727.0
5336.5
4680.5
5158.0
4691.5
3715.0
5105.0
4663.0
3727.0
5336.5
4638.0
5158.0
4642.5
3715.0
5055.0
4662.0
3727.0
5336.5
4638.0
5158.0
4642.5
3688.0
5005.0
4639.0
3727.0
5336.5
4638.0
5158.0
4642.5
3638.0
4955.0
4639.0
3727.0
5336.5
4638.0
5158.0
4642.5
3588.0
4905.0
4639.0
3727.0
5336.5
4638.0
5146.0
4642.5
3566.0
4867.0
4639.0
3699.0
5336.5
4638.0
5096.0
4642.5
3566.0
4867.0
4639.0
3649.0
5336.5
4638.0
5046.0
4642.5
3566.0
4867.0
4639.0
3599.0
5336.5
4638.0
4993.5
4642.5
3566.0
4867.0
4639.0
3551.5
5336.5
4638.0
4940.0
4626.0
3566.0
4858.5
4629.5
3551.5
5330.5
4632.0
4882.5
4626.0
3566.0
4850.0
4629.5
3535.0
5322.0
4623.0
4861.0
4626.0
3557.0
4850.0
4629.5
3485.0
5302.5
4623.0
4851.0
4617.0
3539.5
4850.0
4600.5
3457.5
5302.5
4616.0
4795.5
4601.5
3539.5
4850.0
4598.0
3457.5
5291.5
4600.5
4765.0
4601.5
3502.5
4842.5
4598.0
3457.5
5266.5
4600.5
4765.0
4601.5
3452.5
4842.5
4598.0
3457.5
5216.5
4600.5
4765.0
4601.5
3402.5
4842.5
4598.0
3457.5
5166.5
4600.5
4765.0
4601.5
3352.5
4842.5
4598.0
3457.5
5116.5
4600.5
4765.0
4591.5
3333.5
4842.5
4598.0
3446.5
5066.5
4590.5
4759.0
4591.0
3333.5
4831.5
4588.0
3430.5
5010.0
4590.5
4759.0
4591.0
3333.5
4831.5
4588.0
3380.5
4960.0
4590.5
4759.0
4591.0
3333.5
4831.5
4588.0
3330.5
4910.0
4590.5
4759.0
4581.5
3324.5
4831.5
4577.5
3311.0
4860.0
4589.0
4759.0
4568.5
3324.5
4831.5
4565.5
3311.0
4810.0
4564.0
4759.0
4564.5
3294.0
4831.5
4565.5
3295.5
4760.0
4564.0
4748.5
4559.0
3294.0
4775.5
4565.5
3293.5
4751.5
4546.5
4748.5
4539.5
3285.5
4746.0
4537.0
3286.0
4751.5
4540.0
4742.5
4511.5
3267.5
4738.0
4537.0
3271.0
4726.5
4540.0
4723.0
4487.5
3267.5
4715.5
4511.0
3271.0
4718.5
4540.0
4717.0
4481.0
3249.0
4715.5
4475.5
3271.0
4718.5
4506.5
4717.0
4481.0
3236.5
4715.5
4475.5
3209.5
4718.5
4480.5
4697.5
4473.0
3236.5
4699.5
4453.5
3204.5
4697.0
4472.5
4697.5
4454.0
3207.0
4699.5
4451.0
3175.5
4697.0
4452.5
4682.5
4449.0
3162.5
4686.0
4451.0
3175.5
4682.0
4445.5
4675.5
4434.5
3140.0
4669.0
4436.5
3165.0
4677.5
4436.0
4666.5
4424.0
3134.0
4664.5
4423.5
3127.5
4670.5
4423.5
4658.0
4416.5
3117.0
4648.0
4408.0
3117.0
4659.5
4410.0
4645.0
4402.5
3110.0
4614.0
4404.5
3110.0
4648.0
4400.0
4626.5
4402.5
3100.0
4585.0
4400.0
3099.0
4621.0
4400.0
4582.5
4402.5
3100.0
4583.0
4396.5
3099.0
4621.0
4349.5
4582.5
4376.5
3094.0
4583.0
4355.5
3075.0
4621.0
4346.5
4566.5
4355.5
3076.0
4575.5
4355.5
3075.0
4583.5
4346.5
4566.5
4355.5
3068.5
4575.5
4318.5
3069.5
4533.5
4346.5
4525.0
4355.5
3068.5
4575.5
4268.5
3069.5
4525.0
4346.5
4488.0
4318.0
3068.5
4562.5
4256.0
3069.5
4525.0
4346.5
4488.0
4259.0
3064.5
4542.0
4247.5
3069.5
4525.0
4338.5
4488.0
4248.0
3018.5
4538.0
4247.5
3065.5
4525.0
4303.5
4474.5
4248.0
3018.5
4523.0
4247.5
3015.5
4503.5
4303.5
4453.0
4248.0
3012.0
4523.0
4247.5
2970.5
4476.5
4303.5
4403.0
4248.0
3012.0
4523.0
4247.5
2970.5
4426.5
4303.5
4401.5
4248.0
3012.0
4445.0
4247.5
2970.5
4406.0
4303.5
4401.5
4211.5
3012.0
4381.5
4247.5
2970.5
4406.0
4303.5
4401.5
4161.5
3012.0
4331.5
4247.5
2970.5
4406.0
4303.5
4401.5
4111.5
3012.0
4281.5
4247.5
2970.5
4406.0
4303.5
4401.5
4108.5
3012.0
4231.5
4247.5
2970.5
4406.0
4256.5
4401.5
4108.5
3012.0
4220.5
4247.5
2970.5
4367.0
4206.5
4401.5
4108.5
3012.0
4220.5
4247.5
2970.5
4317.0
4156.5
4401.5
4108.5
3012.0
4220.5
4247.5
2970.5
4267.0
4106.5
4401.5
4108.5
3012.0
4220.5
4213.0
2970.5
4217.0
4091.0
4401.5
4108.5
3012.0
4220.5
4163.0
2970.5
4167.0
4091.0
4401.5
4108.5
3012.0
4220.5
4105.5
2970.5
4124.5
4091.0
4401.5
4090.5
3012.0
4217.5
4045.5
2970.5
4124.5
4072.0
4401.5
4090.5
3012.0
4167.5
3995.5
2970.5
4124.5
4072.0
4401.5
4090.5
3002.0
4117.5
3993.5
2962.0
4095.0
4072.0
4401.5
4090.5
3002.0
4067.5
3993.5
2962.0
4045.0
4072.0
4399.5
4090.5
3002.0
3999.5
3993.5
2962.0
4015.0
4072.0
4390.5
4082.0
3002.0
3956.0
3986.0
2939.0
4015.0
4063.5
4340.5
4082.0
3002.0
3956.0
3986.0
2889.0
4015.0
4063.5
4290.5
4082.0
3002.0
3956.0
3986.0
2839.0
4015.0
4063.5
4240.5
4082.0
3002.0
3956.0
3986.0
2789.0
4015.0
4063.5
4190.5
4082.0
3000.5
3956.0
3986.0
2740.5
4015.0
4063.5
4144.0
4082.0
2947.0
3956.0
3986.0
2740.5
4015.0
4063.5
4124.5
4082.0
2889.5
3946.0
3986.0
2727.5
4015.0
4063.5
4074.5
4082.0
2839.5
3946.0
3986.0
2727.5
4015.0
4063.5
4024.5
4082.0
2789.5
3946.0
3986.0
2727.5
4015.0
4063.5
4017.0
4082.0
2739.5
3946.0
3986.0
2727.5
4004.5
4031.5
4004.5
4082.0
2734.5
3926.0
3986.0
2727.5
3992.0
3981.5
4004.5
4082.0
2734.5
3876.0
3986.0
2727.5
3992.0
3931.5
4004.5
4082.0
2734.5
3826.0
3986.0
2727.5
3992.0
3881.5
4004.5
4082.0
2734.5
3780.5
3981.5
2727.5
3992.0
3831.5
4004.5
4064.5
2734.5
3780.5
3924.5
2727.5
3992.0
3806.0
4004.5
4064.5
2686.5
3780.5
3872.5
2727.5
3992.0
3806.0
4004.5
4064.5
2636.5
3780.5
3822.5
2727.5
3992.0
3806.0
4004.5
4064.5
2586.5
3780.5
3772.5
2727.5
3992.0
3806.0
4004.5
4064.5
2582.0
3780.5
3722.5
2682.0
3992.0
3806.0
4004.5
4064.5
2582.0
3780.5
3672.5
2632.0
3992.0
3806.0
4004.5
4063.0
2582.0
3780.5
3624.0
2582.0
3992.0
3806.0
4004.5
3996.0
2582.0
3780.5
3610.5
2562.5
3992.0
3806.0
4004.5
3939.5
2582.0
3780.5
3594.5
2562.5
3992.0
3778.5
4004.5
3881.0
2582.0
3780.5
3594.5
2521.0
3992.0
3778.5
4004.5
3831.0
2582.0
3780.5
3594.5
2471.0
3992.0
3778.5
4004.5
3781.0
2582.0
3780.5
3594.5
2421.0
3992.0
3778.5
3974.5
3780.5
2565.0
3780.5
3594.5
2368.5
3992.0
3778.5
3936.0
3780.5
2517.5
3777.5
3594.5
2366.0
3983.5
3778.5
3908.0
3780.5
2517.5
3773.0
3594.5
2344.0
3938.0
3778.5
3858.0
3780.5
2517.5
3773.0
3594.5
2344.0
3888.0
3778.5
3808.0
3780.5
2517.5
3773.0
3594.5
2344.0
3838.0
3778.5
3758.0
3780.5
2517.5
3773.0
3594.5
2344.0
3788.0
3778.5
3708.0
3780.5
2517.5
3773.0
3594.5
2344.0
3738.0
3778.5
3655.0
3780.5
2517.5
3765.5
3594.5
2344.0
3698.5
3778.5
3600.0
3780.5
2493.5
3765.5
3594.5
2323.0
3698.5
3778.5
3518.0
3780.5
2493.5
3753.0
3594.5
2317.5
3698.5
3778.5
3418.0
3780.5
2493.5
3753.0
3594.5
2317.5
3698.5
3778.5
3328.0
3780.5
2493.5
3753.0
3594.5
2317.5
3688.5
3778.5
3267.0
3780.5
2493.5
3741.0
3594.5
2317.5
3661.5
3778.5
3217.0
3780.5
2493.5
3741.0
3594.5
2317.5
3611.5
3778.5
3167.0
3780.5
2493.5
3741.0
3594.5
2317.5
3561.5
3778.5
3117.0
3780.5
2493.5
3696.0
3594.5
2317.5
3556.5
3778.5
3109.0
3780.5
2493.5
3604.0
3594.5
2317.5
3556.5
3778.5
3109.0
3780.5
2493.5
3504.0
3594.5
2317.5
3556.5
3778.5
3109.0
3780.5
2493.5
3404.0
3594.5
2317.5
3556.5
3778.5
3109.0
3780.5
2493.5
3304.0
3594.5
2317.5
3556.5
3778.5
3109.0
3780.5
2493.5
3240.0
3594.5
2317.5
3520.5
3778.5
3109.0
3780.5
2493.5
3190.0
3594.5
2317.5
3470.5
3778.5
3109.0
3780.5
2493.5
3140.0
3594.5
2317.5
3420.5
3778.5
3109.0
3780.5
2493.5
3090.0
3594.5
2317.5
3370.5
3778.5
3098.5
3780.5
2493.5
3050.5
3594.5
2317.5
3320.5
3778.5
3063.0
3780.5
2493.5
3050.5
3594.5
2303.0
3270.5
3778.5
3063.0
3780.5
2472.0
3050.5
3594.5
2274.5
3220.5
3778.5
3063.0
3772.5
2422.0
3050.5
3594.5
2274.5
3190.5
3766.5
3063.0
3770.0
2407.0
3050.5
3585.0
2201.5
3190.5
3766.5
3063.0
3770.0
2319.0
3050.5
3585.0
2189.5
3190.5
3766.5
3063.0
3770.0
2250.5
3050.5
3585.0
2158.0
3190.5
3766.5
3063.0
3770.0
2177.0
3050.5
3585.0
2131.5
3190.5
3766.5
3063.0
3764.5
2107.5
3050.5
3585.0
2106.5
3190.5
3766.5
3063.0
3714.5
2104.5
3003.5
3585.0
2106.5
3190.5
3766.5
3063.0
3688.0
2104.5
2953.5
3561.5
2106.5
3190.5
3766.5
3061.5
3688.0
2104.5
2905.0
3511.5
2106.5
3190.5
3766.5
3011.5
3688.0
2104.5
2905.0
3503.0
2106.5
3190.5
3725.0
2961.5
3688.0
2096.5
2905.0
3503.0
2106.5
3190.5
3683.0
2916.5
3686.5
2086.0
2905.0
3492.5
2088.0
3185.5
3674.0
2916.5
3670.0
2075.0
2905.0
3492.5
2076.5
3135.5
3663.0
2916.5
3656.5
2071.5
2905.0
3469.5
2076.5
3085.5
3653.0
2916.5
3650.0
2056.0
2905.0
3463.5
2054.0
3045.0
3644.0
2890.5
3631.5
2036.0
2905.0
3451.5
2037.5
3045.0
3637.0
2890.5
3631.5
2028.0
2881.5
3435.5
2027.0
3018.5
3621.5
2885.0
3616.0
2000.0
2871.5
3435.5
2000.5
3014.5
3611.0
2877.0
3615.5
2000.0
2829.5
3395.0
2000.5
3005.5
3611.0
2877.0
3615.5
2000.0
2779.5
3345.0
2000.5
3005.5
3611.0
2877.0
3615.5
2000.0
2729.5
3295.0
2000.5
3005.5
3611.0
2877.0
3615.5
2000.0
2679.5
3245.0
2000.5
3005.5
3611.0
2877.0
3615.5
2000.0
2629.5
3195.0
2000.5
3005.5
3611.0
2877.0
3615.5
2000.0
2579.5
3145.0
2000.5
3005.5
3611.0
2877.0
3615.5
2000.0
2529.5
3095.0
2000.5
3005.5
3611.0
2877.0
3615.5
2000.0
2479.5
3045.0
2000.5
3005.5
3611.0
2877.0
3615.5
2000.0
2429.5
2995.0
2000.5
3005.5
3611.0
2877.0
3615.5
2000.0
2379.5
2945.0
2000.5
3005.5
3611.0
2877.0
3570.0
2000.0
2329.5
2940.5
2000.5
3005.5
3611.0
2877.0
3520.0
2000.0
2279.5
2940.5
2000.5
3005.5
3611.0
2877.0
3470.0
2000.0
2229.5
2940.5
2000.5
3005.5
3611.0
2877.0
3420.0
2000.0
2179.5
2940.5
2000.5
3005.5
3611.0
2877.0
3370.0
2000.0
2129.5
2940.5
2000.5
3005.5
3611.0
2877.0
3320.0
2000.0
2102.5
2940.5
2000.5
2982.5
3611.0
2877.0
3270.0
2000.0
2102.5
2940.5
2000.5
2932.5
3611.0
2877.0
3220.0
2000.0
2102.5
2940.5
2000.5
2882.5
3611.0
2877.0
3170.0
2000.0
2102.5
2940.5
2000.5
2832.5
3611.0
2877.0
3156.5
2000.0
2102.5
2940.5
2000.5
2782.5
3574.5
2877.0
3156.5
2000.0
2102.5
2940.5
2000.5
2732.5
3524.5
2877.0
3156.5
2000.0
2102.5
2940.5
2000.5
2682.5
3474.5
2877.0
3156.5
2000.0
2102.5
2940.5
2000.5
2632.5
3424.5
2877.0
3156.5
2000.0
2102.5
2940.5
2000.5
2582.5
3374.5
2877.0
3156.5
2000.0
2102.5
2940.5
2000.5
2532.5
3324.5
2877.0
3156.5
1989.5
2102.5
2940.5
1997.0
2482.5
3288.5
2865.0
3156.5
1987.5
2091.0
2940.5
1981.0
2424.0
3288.5
2857.5
3156.5
1977.5
2072.0
2940.5
1981.0
2360.5
3288.5
2844.0
3156.5
1966.0
2067.5
2940.5
1971.0
2300.0
3288.5
2835.5
3156.5
1956.0
2059.0
2940.5
1958.5
2239.5
3288.5
2825.5
3156.5
1946.0
2045.0
2940.5
1951.0
2181.0
3288.5
2810.5
3156.5
1938.5
2039.5
2940.5
1940.5
2119.5
3288.5
2801.5
3156.5
1925.5
2024.5
2940.5
1939.5
2057.5
3288.5
2789.5
3156.5
1925.5
2011.0
2940.5
1925.5
1997.0
3288.5
2770.5
3156.5
1910.5
2002.0
2940.5
1919.5
1946.0
3288.5
2711.0
3156.5
1906.0
1993.0
2940.5
1900.0
1938.5
3288.5
2653.5
3136.5
1897.5
1987.5
2940.5
1900.0
1930.0
3288.5
2603.5
3086.5
1897.5
1987.5
2940.5
1900.0
1930.0
3288.5
2553.5
3036.5
1897.5
1987.5
2940.5
1900.0
1930.0
3288.5
2503.5
2986.5
1897.5
1987.5
2940.5
1900.0
1930.0
3288.5
2453.5
2936.5
1897.5
1987.5
2940.5
1900.0
1930.0
3288.5
2403.5
2886.5
1897.5
1987.5
2940.5
1900.0
1930.0
3288.5
2353.5
2836.5
1897.5
1987.5
2940.5
1900.0
1930.0
3288.5
2303.5
2786.5
1897.5
1987.5
2940.5
1900.0
1930.0
3288.5
2253.5
2736.5
1897.5
1987.5
2940.5
1900.0
1930.0
3288.5
2203.5
2686.5
1897.5
1987.5
2940.5
1900.0
1930.0
3288.5
2153.5
2636.5
1897.5
1987.5
2940.5
1900.0
1930.0
3288.5
2103.5
2586.5
1897.5
1987.5
2940.5
1900.0
1930.0
3288.5
2053.5
2536.5
1897.5
1987.5
2940.5
1900.0
1930.0
3288.5
2004.0
2486.0
1897.5
1987.5
2940.5
1900.0
1930.0
3288.5
2004.0
2427.5
1881.5
1987.5
2932.5
1893.0
1930.0
3278.0
2004.0
2365.5
1881.5
1987.5
2923.5
1880.5
1930.0
3261.5
2004.0
2310.0
1865.0
1987.5
2916.0
1860.0
1930.0
3261.5
2004.0
2247.0
1854.0
1987.5
2902.5
1860.0
1930.0
3249.0
2004.0
2186.5
1845.5
1987.5
2895.5
1847.0
1930.0
3238.0
2004.0
2120.5
1834.5
1987.5
2884.0
1835.5
1930.0
3238.0
2004.0
2070.5
1824.5
1987.5
2878.0
1823.0
1923.5
3223.0
2004.0
2020.5
1824.5
1987.5
2878.0
1823.0
1873.5
3223.0
2004.0
1970.5
1824.5
1987.5
2878.0
1823.0
1823.5
3223.0
2004.0
1920.5
1824.5
1987.5
2878.0
1823.0
1773.5
3223.0
2004.0
1870.5
1824.5
1987.5
2878.0
1823.0
1723.5
3223.0
2004.0
1820.5
1824.5
1987.5
2878.0
1823.0
1673.5
3223.0
2004.0
1770.5
1824.5
1987.5
2878.0
1823.0
1623.5
3223.0
2004.0
1720.5
1824.5
1987.5
2878.0
1823.0
1573.5
3223.0
2004.0
1670.5
1824.5
1987.5
2878.0
1823.0
1523.5
3223.0
2004.0
1620.5
1824.5
1987.5
2878.0
1823.0
1473.5
3223.0
2004.0
1570.5
1824.5
1987.5
2878.0
1823.0
1423.5
3223.0
2004.0
1520.5
1824.5
1987.5
2878.0
1823.0
1373.5
3223.0
2004.0
1470.5
1824.5
1987.5
2878.0
1823.0
1323.5
3223.0
2004.0
1420.5
1824.5
1987.5
2878.0
1823.0
1273.5
3223.0
2004.0
1370.5
1824.5
1987.5
2878.0
1823.0
1223.5
3223.0
2004.0
1320.5
1824.5
1987.5
2878.0
1823.0
1173.5
3223.0
2004.0
1271.5
1824.5
1987.5
2878.0
1823.0
1123.5
3222.0
2004.0
1271.5
1824.5
1987.5
2878.0
1823.0
1073.5
3172.0
2004.0
1271.5
1824.5
1987.5
2878.0
1823.0
1023.5
3122.0
2004.0
1271.5
1824.5
1987.5
2878.0
1823.0
973.5
3072.0
2004.0
1271.5
1824.5
1987.5
2878.0
1823.0
923.5
3022.0
1971.0
1271.5
1824.5
1987.5
2878.0
1823.0
906.5
2972.0
1921.0
1271.5
1824.5
1987.5
2878.0
1823.0
906.5
2922.0
1871.0
1271.5
1824.5
1987.5
2878.0
1823.0
906.5
2872.0
1847.5
1271.5
1824.5
1961.0
2878.0
1823.0
906.5
2822.0
1847.5
1271.5
1824.5
1911.0
2878.0
1823.0
906.5
2772.0
1847.5
1271.5
1824.5
1861.0
2878.0
1823.0
906.5
2722.0
1847.5
1271.5
1824.5
1811.0
2878.0
1823.0
906.5
2672.0
1847.5
1271.5
1824.5
1761.0
2878.0
1823.0
906.5
2622.0
1847.5
1271.5
1824.5
1711.0
2878.0
1823.0
906.5
2572.0
1847.5
1271.5
1824.5
1661.0
2878.0
1823.0
906.5
2522.0
1847.5
1271.5
1824.5
1611.0
2878.0
1823.0
906.5
2472.0
1847.5
1271.5
1824.5
1561.0
2878.0
1823.0
906.5
2422.0
1847.5
1271.5
1824.5
1511.0
2878.0
1823.0
906.5
2372.0
1847.5
1271.5
1824.5
1461.0
2878.0
1823.0
906.5
2322.0
1847.5
1271.5
1824.5
1411.0
2878.0
1823.0
906.5
2272.0
1847.5
1271.5
1824.5
1361.0
2878.0
1823.0
906.5
2222.0
1847.5
1271.5
1824.5
1311.0
2878.0
1823.0
906.5
2172.0
1847.5
1271.5
1824.5
1261.0
2878.0
1823.0
906.5
2122.0
1847.5
1271.5
1824.5
1211.0
2878.0
1823.0
906.5
2072.0
1847.5
1271.5
1824.5
1161.0
2878.0
1823.0
906.5
2022.0
1847.5
1271.5
1824.5
1111.0
2878.0
1823.0
906.5
1972.0
1847.5
1271.5
1824.5
1061.0
2878.0
1823.0
906.5
1922.0
1847.5
1271.5
1824.5
1011.0
2878.0
1823.0
906.5
1872.0
1847.5
1271.5
1824.5
961.0
2878.0
1823.0
906.5
1822.0
1847.5
1271.5
1824.5
911.0
2878.0
1823.0
906.5
1772.0
1847.5
1263.5
1815.0
910.5
2870.5
1815.5
906.5
1705.0
1838.0
1255.5
1804.5
910.5
2859.0
1805.0
906.5
1655.0
1788.0
1255.5
1804.5
910.5
2859.0
1805.0
906.5
1605.0
1738.0
1255.5
1804.5
910.5
2853.5
1805.0
906.5
1560.5
1688.0
1255.5
1804.5
910.5
2803.5
1805.0
906.5
1560.5
1638.0
1255.5
1804.5
910.5
2753.5
1805.0
906.5
1560.5
1588.0
1255.5
1804.5
910.5
2703.5
1805.0
906.5
1560.5
1538.0
1255.5
1804.5
910.5
2653.5
1805.0
906.5
1560.5
1488.0
1255.5
1804.5
910.5
2603.5
1805.0
906.5
1560.5
1438.0
1255.5
1804.5
910.5
2553.5
1805.0
906.5
1560.5
1398.5
1255.5
1804.5
900.0
2503.5
1805.0
906.5
1560.5
1398.5
1255.5
1804.5
850.0
2453.5
1805.0
906.5
1560.5
1398.5
1255.5
1804.5
816.5
2403.5
1805.0
890.0
1560.5
1398.5
1255.5
1804.5
816.5
2353.5
1805.0
840.0
1560.5
1398.5
1248.0
1804.5
816.5
2293.5
1803.5
817.0
1552.5
1390.0
1248.0
1793.5
807.5
2238.5
1796.0
808.0
1552.5
1390.0
1237.0
1782.0
807.5
2184.0
1783.5
808.0
1542.0
1390.0
1225.5
1781.5
807.5
2121.0
1771.0
808.0
1529.5
1378.0
1225.5
1771.0
807.5
2071.0
1771.0
780.5
1529.5
1328.0
1225.5
1771.0
807.5
2021.0
1771.0
780.5
1529.5
1278.0
1225.5
1771.0
807.5
1971.0
1771.0
780.5
1529.5
1228.0
1225.5
1771.0
807.5
1921.0
1771.0
780.5
1529.5
1178.0
1225.5
1771.0
807.5
1871.0
1771.0
780.5
1529.5
1128.0
1225.5
1771.0
807.5
1821.0
1771.0
780.5
1529.5
1078.0
1225.5
1771.0
807.5
1771.0
1771.0
780.5
1529.5
1028.0
1225.5
1771.0
807.5
1721.0
1771.0
780.5
1529.5
978.0
1225.5
1771.0
807.5
1671.0
1771.0
780.5
1529.5
928.0
1225.5
1771.0
807.5
1621.0
1771.0
780.5
1529.5
878.0
1225.5
1771.0
807.5
1571.0
1771.0
780.5
1529.5
828.0
1225.5
1771.0
807.5
1521.0
1771.0
780.5
1529.5
778.5
1225.5
1771.0
807.0
1471.0
1771.0
780.5
1529.5
778.5
1216.5
1771.0
780.0
1413.5
1771.0
780.5
1523.0
776.5
1207.0
1761.0
780.0
1355.0
1762.0
780.5
1512.0
766.5
1207.0
1755.5
768.0
1305.0
1752.5
767.5
1512.0
760.5
1194.0
1750.5
762.5
1253.0
1752.5
761.5
1499.5
756.0
1187.5
1741.0
759.0
1191.0
1743.5
756.5
1499.5
742.5
1183.5
1719.5
746.0
1181.0
1723.0
752.0
1486.5
741.0
1172.0
1701.5
740.0
1168.0
1710.0
741.0
1460.5
736.5
1161.0
1697.0
737.0
1168.0
1698.0
739.0
1397.5
733.0
1159.5
1684.5
731.0
1159.5
1685.0
734.0
1347.5
731.5
1151.0
1672.0
731.0
1150.0
1674.0
734.0
1290.5
726.0
1138.5
1672.0
726.0
1140.5
1674.0
727.5
1229.5
726.0
1127.5
1664.0
726.0
1133.0
1663.5
727.5
1166.5
721.0
1121.0
1652.0
720.0
1128.0
1653.0
722.5
1116.5
716.5
1116.0
1652.0
714.5
1117.5
1644.5
717.5
1055.5
714.0
1107.0
1639.0
714.5
1063.5
1641.5
717.5
1037.0
709.5
1075.5
1629.5
708.5
1042.0
1630.0
710.0
1029.0
694.5
1028.5
1619.5
704.5
1031.5
1619.0
707.5
1029.0
691.0
1015.0
1604.0
694.5
1015.5
1602.5
696.5
1015.0
683.5
999.5
1601.0
678.5
1002.0
1592.5
680.0
997.0
666.0
986.0
1585.0
662.5
994.5
1581.5
675.0
983.5
658.0
972.0
1564.0
655.0
984.5
1563.0
658.5
979.0
647.5
964.0
1559.0
644.0
965.5
1543.5
646.5
964.0
629.5
960.0
1536.0
627.5
958.5
1535.0
630.5
957.0
616.5
947.0
1522.5
615.5
953.5
1510.0
627.5
941.5
610.5
934.5
1487.5
615.0
939.5
1499.5
612.0
935.5
596.5
926.0
1480.0
595.5
929.0
1483.0
598.0
926.0
586.0
917.0
1463.0
585.5
923.5
1457.5
584.5
917.0
570.5
902.5
1448.5
576.5
910.5
1448.0
575.0
902.5
561.5
888.5
1424.5
573.5
894.0
1428.0
565.0
899.0
557.0
883.5
1406.0
557.5
883.5
1404.0
558.5
884.0
550.5
868.0
1380.0
550.5
871.5
1393.5
552.0
868.0
545.0
847.5
1370.5
544.0
857.0
1368.5
544.0
857.5
536.0
847.5
1354.5
534.5
836.0
1352.0
535.0
838.5
529.0
822.0
1334.0
528.5
835.0
1336.5
528.0
821.0
516.0
805.0
1323.5
520.0
810.5
1322.5
518.5
818.0
509.0
796.0
1309.5
513.5
793.5
1309.0
509.0
794.5
502.0
777.5
1296.5
503.0
780.0
1292.0
503.5
779.5
488.0
764.5
1283.0
490.0
767.5
1279.0
490.5
771.5
477.5
764.5
1260.0
490.0
737.0
1261.0
480.5
763.5
477.5
762.0
1249.0
478.0
698.0
1251.0
472.0
746.5
465.5
719.5
1238.5
465.5
698.0
1238.5
469.5
739.0
458.0
704.0
1219.0
458.5
698.0
1220.0
457.0
719.5
447.5
689.5
1211.0
446.0
698.0
1210.5
447.5
684.0
440.5
675.0
1184.5
439.0
677.0
1193.5
440.5
684.0
431.5
675.0
1173.5
430.5
652.0
1166.0
430.5
675.0
430.5
675.0
1147.5
423.5
602.0
1150.0
430.5
675.0
416.5
675.0
1147.5
417.0
594.5
1134.5
416.5
632.5
409.5
645.5
1125.5
410.5
594.5
1125.5
411.0
612.0
409.5
635.0
1067.0
410.5
594.5
1113.0
411.0
593.5
409.5
600.5
1067.0
407.0
594.5
1066.5
411.0
578.0
393.5
578.5
1044.5
403.0
583.0
1050.5
403.0
578.0
393.5
569.0
1028.5
392.0
563.0
1033.5
386.0
568.5
385.5
557.5
1022.0
382.5
557.5
997.0
385.5
546.5
385.5
535.0
1011.0
382.5
546.5
941.5
385.5
546.5
385.5
535.0
956.5
382.5
523.0
936.0
385.5
530.0
378.0
508.0
922.5
375.5
523.0
932.0
378.5
516.5
373.5
458.0
912.5
371.5
523.0
905.5
373.5
516.5
363.0
408.0
896.5
362.5
523.0
895.5
369.0
516.5
355.0
358.0
880.5
358.5
523.0
887.5
355.0
516.5
349.5
357.5
872.5
352.0
473.5
863.0
349.5
516.5
344.0
328.0
831.5
346.0
469.0
855.0
344.0
516.5
344.0
301.5
781.5
346.0
445.5
855.0
344.0
516.5
344.0
301.5
750.5
346.0
395.5
836.0
344.0
516.5
344.0
301.5
750.5
346.0
345.5
786.0
344.0
516.5
344.0
301.5
750.5
346.0
303.5
736.0
344.0
508.5
344.0
301.5
750.5
346.0
303.5
686.0
344.0
458.5
338.0
301.5
750.5
345.5
303.5
648.5
338.0
408.5
338.0
301.5
718.0
339.0
303.5
637.5
338.0
358.5
338.0
301.5
668.0
339.0
303.5
637.5
338.0
308.5
332.5
301.5
624.0
333.5
282.5
625.5
332.0
302.5
332.5
301.5
585.0
333.5
232.5
614.5
332.0
302.5
328.5
301.5
585.0
330.5
182.5
576.5
327.0
302.5
328.5
301.5
585.0
330.5
132.5
526.5
327.0
302.5
328.5
301.5
585.0
330.5
126.5
476.5
327.0
258.5
328.5
301.5
585.0
330.5
126.5
426.5
327.0
208.5
328.5
301.5
545.5
330.5
126.5
416.0
327.0
158.5
328.5
299.5
495.5
330.5
126.5
416.0
327.0
110.5
328.5
249.5
445.5
330.5
126.5
416.0
327.0
110.5
323.0
199.5
401.0
330.5
126.5
416.0
327.0
110.5
322.5
149.5
361.5
325.0
126.5
416.0
322.5
110.5
322.5
127.5
327.0
325.0
126.5
389.0
322.5
94.0
322.5
127.5
327.0
321.5
126.5
346.0
319.0
44.0
309.0
123.5
327.0
311.0
126.5
327.0
312.0
-2.0
296.0
73.5
327.0
294.0
126.5
327.0
292.0
-2.0
282.0
23.5
327.0
274.0
126.5
327.0
276.0
-2.0
245.5
-2.0
327.0
267.0
102.0
327.0
269.5
-2.0
243.0
-2.0
327.0
267.0
52.0
327.0
222.0
-2.0
243.0
-2.0
327.0
260.5
2.0
327.0
178.5
-2.0
243.0
-2.0
302.5
244.0
-2.0
305.5
145.0
-2.0
243.0
-2.0
277.0
214.5
-2.0
281.0
124.5
-2.0
243.0
-2.0
227.0
164.5
-2.0
281.0
124.5
-2.0
232.5
-2.0
225.0
125.0
-2.0
233.0
124.5
-2.0
182.5
-2.0
225.0
125.0
-2.0
183.0
124.5
-2.0
132.5
-2.0
225.0
125.0
-2.0
133.0
124.5
-2.0
124.5
-2.0
177.5
83.0
-2.0
130.5
124.5
-2.0
124.5
-2.0
127.5
33.0
-2.0
130.5
124.5
-2.0
109.5
-2.0
77.5
-2.0
-2.0
130.5
124.5
-2.0
59.5
-2.0
27.5
-2.0
-2.0
130.5
124.5
-2.0
9.5
-2.0
-2.0
-2.0
-2.0
110.0
124.5
-2.0
-2.0
-2.0
-2.0
-2.0
-2.0
60.0
86.0
-2.0
-2.0
-2.0
-2.0
-2.0
-2.0
10.0
36.0
-2.0
