1471.125
1035.75
1459.875
1042.375
1503.375
1042.375
1440.875
1011.25
1758.875
990.875
1834.375
1027.375
1848.25
1054.25
1823.625
1024.375
1844.75
1019.875
1808.625
1123.5
1804.25
1122.375
1846.625
1141.25
1852.875
1124.625
1828.0
1098.875
1801.25
1102.125
1819.5
1119.625
1806.125
1684.5
1810.25
1697.875
1795.375
1681.5
2494.75
1754.375
2575.875
1731.5
2610.875
1868.875
3416.75
2486.0
3606.375
2481.375
3565.375
3286.75
3713.125
3244.375
3857.375
3384.75
4183.0
3340.875
4187.25
3342.5
4368.375
3418.0
4552.75
3370.75
4571.5
3328.125
5506.375
3292.625
5605.375
3346.5
5646.0
4219.375
5667.5
4337.5
5627.75
4622.875
5698.125
4736.375
5657.625
6001.5
5881.375
6159.75
5942.625
6418.875
5945.875
6439.0
6026.125
6550.875
6002.75
6594.125
6192.25
6738.25
6539.5
6999.375
6620.25
7082.375
6727.875
7189.25
6710.75
7205.875
6764.125
7171.25
6943.875
7374.75
6938.5
7371.375
6992.5
7387.75
7037.125
7375.0
7042.875
7387.625
7118.25
7622.25
7181.25
7732.875
7168.375
7707.875
7153.75
7709.625
7160.625
7800.625
7344.625
7829.125
7328.875
7851.375
7524.875
7939.375
7546.0
7945.25
7527.25
8029.25
7634.625
8136.375
7833.875
8176.0
7870.5
8212.875
8190.0
8220.75
8250.375
8311.375
8261.125
8419.5
8276.5
8418.875
8311.25
8420.25
8308.875
8541.25
8396.125
8572.875
8374.125
8584.125
8371.875
8601.0
8389.25
8625.875
8396.25
8655.375
8382.125
8623.25
8367.5
8628.375
8444.0
8636.5
8489.625
8770.75
8495.5
8742.5
8552.5
8734.375
8646.75
8738.875
8807.125
8763.0
8926.375
8903.375
9065.625
8979.375
9069.5
9046.875
9141.0
9126.75
9220.5
9171.0
9285.125
9256.5
9319.5
9431.375
9506.25
9563.875
9613.25
9660.5
9697.0
9760.0
9724.5
9840.125
9776.375
9874.375
9810.0
9891.625
9871.875
9920.0
9910.625
9929.875
9943.5
9962.875
9960.25
9942.75
10017.375
9958.0
10065.25
9929.5
10063.625
9909.5
10040.5
9931.875
10022.375
9959.25
10017.0
9955.125
9957.625
9955.25
9912.75
9933.25
9820.125
9925.875
9738.75
9907.25
9657.75
9888.25
9595.0
9851.0
9532.5
9813.5
9460.0
9786.0
9393.375
9752.625
9330.875
9715.125
9270.5
9675.5
9204.0
9642.0
9138.375
9607.625
9070.0
9576.0
9011.75
9534.25
8944.375
9501.625
8891.375
9454.625
8866.375
9379.625
8829.875
9316.125
8781.75
9264.25
8734.0
9212.0
8666.25
9179.75
8591.25
9154.75
8511.5
9134.5
8424.0
9122.0
8336.5
9109.5
8258.25
9087.75
8183.25
9062.75
8119.75
9026.25
8058.25
8987.75
8005.0
8941.0
7956.75
8889.25
7911.125
8834.875
7867.875
8778.125
7833.125
8712.875
7799.25
8646.75
7767.375
8578.625
7742.375
8503.625
7717.375
8428.625
7701.25
8344.75
7695.375
8250.625
7682.875
8163.125
7670.375
8075.625
7657.875
7988.125
7639.0
7907.0
7626.5
7819.5
7610.625
7735.375
7587.125
7658.875
7561.5
7584.5
7514.25
7531.75
7476.75
7469.25
7448.25
7397.75
7416.625
7329.375
7366.625
7279.375
7316.625
7229.375
7270.875
7175.125
7211.5
7134.5
7153.0
7093.0
7088.375
7057.625
7025.875
7020.125
6963.375
6982.625
6912.375
6933.625
6861.25
6884.75
6794.125
6851.875
6734.25
6811.75
6688.75
6757.25
6640.125
6705.875
6585.125
6660.875
6504.875
6641.125
6433.625
6612.375
6380.75
6565.25
6327.25
6518.75
6289.625
6456.375
6248.75
6397.25
6209.0
6337.0
6173.875
6272.125
6137.125
6208.875
6101.125
6144.875
6064.125
6081.875
6037.875
6008.125
5995.625
5950.375
5958.125
5887.875
5912.0
5834.0
5866.5
5779.5
5807.625
5738.375
5761.375
5684.625
5694.25
5651.75
5645.0
5601.0
5583.25
5562.75
5514.0
5532.0
5466.875
5479.125
5415.375
5430.625
5369.125
5376.875
5321.0
5325.0
5288.75
5257.25
5259.125
5186.875
5235.125
5110.875
5210.5
5035.5
5172.625
4973.375
5135.625
4910.375
5104.75
4841.25
5074.0
4772.0
5026.375
4719.625
4984.75
4661.25
4945.5
4600.5
4892.75
4553.25
4835.125
4510.875
4793.625
4452.375
4742.0
4404.0
4681.625
4364.375
4634.375
4311.625
4590.25
4255.75
4545.5
4200.5
4515.5
4130.5
4472.375
4073.625
4421.625
4024.375
4358.125
3987.875
4287.5
3958.5
4227.75
3918.25
4165.0
3881.0
4101.625
3844.375
4026.625
3819.375
3942.75
3803.25
3865.125
3780.875
3786.125
3759.875
3704.5
3741.5
3627.5
3718.5
3573.125
3672.875
3520.25
3625.75
3465.625
3580.375
3407.75
3538.25
3351.125
3494.875
3312.375
3433.625
3267.625
3378.375
3217.625
3328.375
3179.125
3266.875
3147.125
3198.875
3129.5
3116.5
3088.375
3057.625
3051.25
2994.75
2998.25
2947.75
2942.375
2903.625
2895.75
2850.25
2850.25
2795.75
2804.0
2742.0
2742.75
2703.25
2687.625
2658.375
2642.0
2604.0
2595.25
2550.75
2554.875
2491.125
2507.125
2438.875
2457.5
2388.5
2399.875
2346.125
2346.75
2299.25
2297.875
2248.125
2238.75
2207.25
2172.0
2174.0
2122.0
2124.0
2075.875
2070.125
2029.75
2016.25
1993.625
1952.375
1963.625
1882.375
1918.5
1827.5
1870.375
1775.625
1816.75
1729.25
1759.875
1686.125
1677.875
1668.125
1617.25
1628.75
1563.5
1582.5
1515.75
1530.25
1474.0
1472.0
1425.25
1420.75
1366.0
1380.0
1307.125
1338.875
1255.75
1290.25
1201.125
1244.875
1155.25
1190.75
1118.0
1128.0
1072.25
1073.75
1021.375
1024.625
975.5
970.5
919.125
926.875
868.875
877.125
817.0
829.0
761.625
784.375
710.875
735.125
663.75
682.25
616.75
629.25
569.25
576.75
520.125
525.875
467.25
478.75
423.375
422.625
375.75
370.25
325.75
320.25
275.875
270.125
217.375
228.625
161.25
184.75
108.25
137.75
67.0
79.0
20.5
25.5
