2.663744419813156
2.663824588060379
2.6784157752990723
2.6784751415252686
2.671077698469162
2.671144425868988
2.6099990904331207
2.610079348087311
2.61543807387352
2.61550310254097
2.7024442553520203
2.70253524184227
2.5066008269786835
2.506719261407852
2.5194577276706696
2.5195501148700714
2.8981680274009705
2.8982531130313873
2.9130589962005615
2.913143962621689
2.9038130044937134
2.9039061069488525
2.592633992433548
2.592809021472931
3.2647683918476105
3.2649230659008026
3.2685239017009735
3.268592119216919
3.315799206495285
3.3159160017967224
3.2677499651908875
3.267845243215561
3.2568468749523163
3.256942629814148
3.3273949921131134
3.3274579644203186
3.4689666032791138
3.469038099050522
3.420365959405899
3.4204477667808533
3.3464356064796448
3.3465416729450226
3.611098885536194
3.6111790537834167
3.7919662296772003
3.792215585708618
3.83770152926445
3.8377828896045685
3.9830358028411865
3.9831218123435974
4.156658113002777
4.15678471326828
4.177175998687744
4.177242994308472
4.13534551858902
4.135421305894852
4.228183388710022
4.228251129388809
4.22821769118309
4.228301852941513
4.361954033374786
4.3620321452617645
4.393257766962051
4.393391907215118
4.6046267449855804
4.604689002037048
4.516523510217667
4.516587913036346
4.533705621957779
4.533801794052124
4.596641957759857
4.596702873706818
4.71417897939682
4.714354991912842
4.932660341262817
4.932754397392273
5.2761320769786835
5.276194781064987
5.231193542480469
5.231262266635895
5.250821381807327
5.250890612602234
5.220645010471344
5.220731794834137
5.097005277872086
5.097077012062073
5.07635623216629
5.076429724693298
5.055327147245407
5.055383622646332
5.466829806566238
5.4668925404548645
5.289293617010117
5.289369136095047
5.287395864725113
5.287478536367416
5.606922894716263
5.6069938242435455
5.581418752670288
5.581479847431183
5.666413605213165
5.666475623846054
5.670952677726746
5.671020537614822
5.4198614954948425
5.419925004243851
5.649015367031097
5.649087011814117
5.931087404489517
5.931151360273361
5.686247557401657
5.6863110065460205
5.934178382158279
5.934240818023682
6.282872945070267
6.282940119504929
6.193824023008347
6.193898230791092
6.097242534160614
6.097309172153473
6.1230588257312775
6.123124122619629
5.992298603057861
5.99236872792244
6.383979767560959
6.384044378995895
6.358939915895462
6.359024614095688
6.565439522266388
6.565527260303497
6.478401273488998
6.478464037179947
6.324293941259384
6.324366003274918
6.473445475101471
6.47350811958313
6.405527204275131
6.405613601207733
6.529991507530212
6.530050873756409
6.3515512347221375
6.351609885692596
6.66659414768219
6.666672468185425
6.502372771501541
6.502458423376083
7.301078736782074
7.301168471574783
6.874793231487274
6.874850183725357
6.889310598373413
6.8893735110759735
7.113163709640503
7.113235831260681
7.044865399599075
7.044934451580048
7.292145133018494
7.292205512523651
6.99177885055542
6.9918394684791565
7.092497736215591
7.092558115720749
7.55379381775856
7.553866028785706
7.2063062489032745
7.206380903720856
7.2442397475242615
7.244323641061783
7.674742370843887
7.674816757440567
7.6926427483558655
7.692707031965256
7.688538730144501
7.688609689474106
7.649313658475876
7.649390876293182
8.154318660497665
8.15438625216484
8.279080837965012
8.279146134853363
8.053120613098145
8.053195863962173
8.065542042255402
8.065600514411926
8.323822528123856
8.323917359113693
8.243360757827759
8.243433952331543
8.81629791855812
8.816374808549881
8.98163092136383
8.98172327876091
9.28861340880394
9.288688242435455
8.867892771959305
8.867969661951065
9.429387211799622
9.429453074932098
9.928224563598633
9.928306460380554
9.594146460294724
9.594220340251923
10.538323193788528
10.538412392139435
10.346359521150589
10.346443921327591
10.869949489831924
10.870037734508514
11.306716352701187
11.306790947914124
11.563457518815994
11.563522785902023
11.737529277801514
11.7376027405262
12.24661910533905
12.24669224023819
12.353429734706879
12.35350090265274
12.623398691415787
12.623465597629547
12.751444727182388
12.751515597105026
12.911943912506104
12.912029653787613
13.246328204870224
13.246402740478516
13.183166712522507
13.183230727910995
13.830158770084381
13.830224871635437
13.859346002340317
13.859416663646698
13.935796678066254
13.93586453795433
14.175302177667618
14.175369292497635
14.290328919887543
14.290404498577118
14.399515599012375
14.399590581655502
14.690282046794891
14.690353095531464
14.521176248788834
14.521242946386337
15.096875786781311
15.096940517425537
15.079324007034302
15.079401046037674
15.18452799320221
15.18460437655449
15.328987807035446
15.329062193632126
16.15167525410652
16.15174749493599
16.297178268432617
16.297259151935577
16.336400002241135
16.336470425128937
16.44465908408165
16.44473710656166
16.487672120332718
16.48774442076683
16.97447806596756
16.97454309463501
17.0324185192585
17.032496392726898
17.285186260938644
17.28525549173355
17.249930500984192
17.250002294778824
17.178221821784973
17.17828866839409
17.10466441512108
17.104762881994247
17.09946060180664
17.09953874349594
18.104929268360138
18.104997009038925
18.195726454257965
18.195795714855194
18.437391132116318
18.43746480345726
18.58257469534874
18.58264249563217
19.094027787446976
19.094091534614563
19.301551520824432
19.301628023386
19.36113777756691
19.3612100481987
19.879529982805252
19.879588454961777
20.119423061609268
20.119500041007996
20.076168298721313
20.076230883598328
20.23929899930954
20.239372432231903
20.28754162788391
20.28761050105095
20.536228507757187
20.536293298006058
20.689660012722015
20.689745515584946
20.565174341201782
20.56523969769478
20.230436861515045
20.230504006147385
21.00649267435074
21.006579160690308
20.845404535531998
20.8454672396183
20.920819729566574
20.920894533395767
21.216740757226944
21.21680849790573
21.540529996156693
21.540594160556793
21.478198796510696
21.478265166282654
21.24167874455452
21.24177375435829
21.44924822449684
21.449316263198853
21.179146260023117
21.17920356988907
21.462857276201248
21.462920278310776
21.199365347623825
21.199439972639084
21.39387083053589
21.39394924044609
22.328773200511932
22.328851968050003
22.164277762174606
22.164343506097794
22.42807611823082
22.428136348724365
22.19038823246956
22.19047886133194
21.964806705713272
21.964877516031265
21.72609031200409
21.726163297891617
21.734810382127762
21.734874695539474
22.06404757499695
22.06410664319992
22.03725603222847
22.037339210510254
21.761379152536392
21.761463224887848
21.473868042230606
21.473936676979065
21.335592687129974
21.33566462993622
21.585131525993347
21.585213989019394
21.235504776239395
21.235601633787155
21.688044041395187
21.68810549378395
22.270619839429855
22.270701229572296
22.730312675237656
22.730405896902084
22.763114005327225
22.76318645477295
22.877941012382507
22.878003358840942
22.396371245384216
22.396431267261505
22.61049196124077
22.61056026816368
22.947042286396027
22.94711136817932
23.019864171743393
23.019953161478043
22.734777122735977
22.734838604927063
23.190658032894135
23.190718859434128
23.084340393543243
23.084460526704788
22.909931004047394
22.90999412536621
22.819832533597946
22.819921791553497
22.54569184780121
22.545749723911285
22.778219789266586
22.778282821178436
22.544357746839523
22.544428139925003
22.73852029442787
22.73861613869667
22.67815136909485
22.67822402715683
22.409535706043243
22.4096040725708
22.53555938601494
22.535628110170364
22.678434878587723
22.67849761247635
22.379584789276123
22.37965026497841
22.81804248690605
22.818114548921585
22.973685145378113
22.97374576330185
22.714472621679306
22.714552879333496
22.856586515903473
22.856650203466415
22.76832613348961
22.768400996923447
22.901111006736755
22.90117672085762
22.89079162478447
22.890886217355728
22.340477377176285
22.34054923057556
22.648517936468124
22.648584574460983
23.050137609243393
23.050199508666992
22.343492597341537
22.34356862306595
22.712275058031082
22.712341010570526
22.71324661374092
22.7133167386055
23.077679991722107
23.077739596366882
22.358461499214172
22.358552753925323
22.583095371723175
22.58316472172737
22.62780824303627
22.62788036465645
22.35811820626259
22.35819160938263
22.270513504743576
22.270583629608154
21.963319838047028
21.963384240865707
22.3197238445282
22.319796711206436
23.08238449692726
23.082460910081863
23.87389448285103
23.873955696821213
23.728276878595352
23.72833988070488
23.143674045801163
23.14373677968979
23.38453844189644
23.384599596261978
23.964037865400314
23.96410420536995
24.068606227636337
24.068687319755554
23.462332785129547
23.462394326925278
23.29316535592079
23.29322710633278
23.094614148139954
23.09468337893486
22.82221096754074
22.822274088859558
22.852614760398865
22.852681547403336
23.20526474714279
23.20532962679863
22.925457417964935
22.92551988363266
23.544653743505478
23.544713973999023
23.10784861445427
23.10792288184166
22.62513479590416
22.625205606222153
22.88866835832596
22.888735353946686
22.975543826818466
22.97561225295067
23.19448933005333
23.194560140371323
22.874031394720078
22.87410655617714
23.218991309404373
23.219056010246277
23.076738119125366
23.07680183649063
24.264712244272232
24.26478001475334
24.474443703889847
24.47451177239418
23.60429221391678
23.60436475276947
24.06379371881485
24.063858777284622
23.816005676984787
23.816081196069717
23.19003427028656
23.190104842185974
23.506418645381927
23.506496161222458
23.866420447826385
23.866486757993698
23.97830754518509
23.978376388549805
23.99605131149292
23.996159821748734
23.54410547018051
23.54417422413826
23.687259405851364
23.687326163053513
23.850898534059525
23.850984275341034
23.458744078874588
23.45881035923958
23.38696265220642
23.387024641036987
23.08279350399971
23.08286103606224
23.943827599287033
23.94390633702278
23.985326170921326
23.985392779111862
23.529954612255096
23.530017226934433
24.233456999063492
24.23352015018463
24.20526212453842
24.20532777905464
24.23605513572693
24.236113876104355
24.148747146129608
24.148816645145416
23.723425656557083
23.72350251674652
23.746053487062454
23.746117174625397
23.872283160686493
23.872347503900528
23.576451629400253
23.57651573419571
23.684527307748795
23.684592872858047
23.68283560872078
23.68291684985161
24.073824405670166
24.07388699054718
23.86352977156639
23.863597124814987
24.388307362794876
24.388369768857956
24.289280772209167
24.28935432434082
24.18870720267296
24.188791185617447
23.927858144044876
23.927925944328308
23.994169503450394
23.9942367374897
24.300784409046173
24.300853341817856
23.86599200963974
23.866069108247757
23.781085193157196
23.781149566173553
23.71632593870163
23.716402292251587
23.653641164302826
23.6537062227726
24.41625303030014
24.416315734386444
24.28343030810356
24.283498764038086
24.2772299349308
24.277305871248245
24.178434371948242
24.17849752306938
24.55492812395096
24.554989278316498
24.612593322992325
24.61265403032303
24.560750365257263
24.56081312894821
24.58744925260544
24.58750793337822
24.32923412322998
24.329294085502625
24.383717477321625
24.383790463209152
24.620933800935745
24.62101837992668
24.544280290603638
24.54433846473694
24.76779568195343
24.767855137586594
24.421628892421722
24.42169165611267
24.546301871538162
24.54638546705246
24.74607264995575
24.746131032705307
24.62730038166046
24.627365708351135
24.365333765745163
24.365394711494446
24.304830580949783
24.30488696694374
24.55331751704216
24.553383767604828
24.374205708503723
24.374267578125
24.356847375631332
24.356937140226364
