7744.166666666667
8641.666666666666
8926.0
9023.0
8956.333333333334
8889.666666666666
8797.5
8748.5
8635.166666666666
8610.833333333334
8468.5
8477.5
8301.833333333334
8344.166666666666
8135.166666666667
8210.833333333334
7968.5
8077.5
7804.0
7942.0
7654.0
7792.0
7491.666666666667
7654.333333333333
7325.0
7521.0
7158.333333333333
7387.666666666667
6991.666666666667
7254.333333333333
6825.0
7121.0
6658.333333333333
6987.666666666667
6496.333333333333
6849.666666666667
6342.333333333333
6703.666666666667
6176.833333333333
6569.166666666667
6010.166666666667
6435.833333333333
5843.5
6302.5
5676.833333333333
6169.166666666667
5510.166666666667
6035.833333333333
5343.5
5902.5
5176.833333333333
5769.166666666667
5010.166666666667
5635.833333333333
4850.833333333333
5495.166666666667
4700.833333333333
5345.166666666667
4550.833333333333
5195.166666666667
4400.833333333333
5045.166666666667
4250.833333333333
4895.166666666667
4100.833333333333
4745.166666666667
3950.8333333333335
4595.166666666667
3804.8333333333335
4441.166666666667
3671.5
4274.5
3535.0
4111.0
3385.0
3961.0
3235.0
3811.0
3085.0
3661.0
2935.0
3511.0
2785.0
3361.0
2635.0
3211.0
2498.0
3048.0
2364.6666666666665
2881.3333333333335
2231.3333333333335
2714.6666666666665
2098.0
2548.0
1964.6666666666667
2381.3333333333335
1831.3333333333333
2214.6666666666665
1698.0
2048.0
1564.6666666666667
1881.3333333333333
1431.3333333333333
1714.6666666666667
1298.0
1548.0
1164.6666666666667
1381.3333333333333
1031.3333333333333
1214.6666666666667
898.0
1048.0
764.6666666666666
881.3333333333334
631.3333333333334
714.6666666666666
498.0
548.0
364.6666666666667
381.3333333333333
231.33333333333334
214.66666666666666
98.0
48.0
