5.675663113594055
5.788783351580302
5.90828537940979
6.077138980229695
6.37326983610789
6.504986763000488
6.608196973800659
6.771772146224976
6.873565475145976
6.991424282391866
7.053898175557454
7.06164014339447
7.1105146408081055
7.0892826318740845
7.213249206542969
7.170586824417114
7.130658268928528
7.091426173845927
7.262426217397054
7.245537837346395
7.288784027099609
7.284811178843181
7.362447142601013
7.307731191317241
7.3183813492457075
7.375861922899882
7.3229299783706665
7.326431671778361
7.414220492045085
7.518773118654887
7.487186511357625
7.423922419548035
7.510756929715474
7.6525315046310425
7.624527136484782
7.568648457527161
7.728689591089885
7.595701177914937
7.59680449962616
7.8772512674331665
7.870672384897868
7.859514991442363
7.796451489130656
7.693002700805664
7.866106112798055
7.894533673922221
7.8850611845652265
7.73595130443573
7.965368946393331
7.946665008862813
7.884669542312622
7.911555012067159
8.184442440668741
8.086663484573364
8.160001079241434
8.198167363802591
8.062403996785482
8.35755455493927
8.432157476743063
8.465032776196798
8.416479349136353
8.379662473996481
8.374874790509542
8.348828315734863
8.299989382425943
8.35734498500824
8.372105042139689
8.298313856124878
8.672368168830872
8.71109135945638
8.63260038693746
8.741177837053934
8.898536562919617
8.878853996594747
8.7662460009257
8.834107240041098
8.728780349095663
8.821398496627808
8.844119350115458
8.687731146812439
8.873276352882385
8.866858641306559
8.821186304092407
9.10630770524343
9.037180185317993
8.888909220695496
9.035298784573873
9.143244862556458
9.167856653531393
9.178563833236694
9.187037070592245
9.112566272417704
9.09730557600657
9.239458560943604
9.339360078175863
9.426625847816467
9.48002060254415
9.36775267124176
9.399119098981222
9.394431273142496
9.333751479784647
9.436094323794046
9.590481678644815
9.768789609273275
9.6672736008962
9.707827051480612
9.83082660039266
9.894256273905436
9.801175514856974
9.892571051915487
9.93824334939321
9.916096011797586
9.898364345232645
9.906089067459106
9.864030718803406
10.109650691350302
10.072994510332743
10.051734805107117
10.142439484596252
10.125163555145264
10.094696919123331
10.093321045239767
10.076107660929361
10.059906244277954
