2.775605231523514
2.817714035511017
2.902750998735428
2.9543203711509705
3.0787914097309113
3.2683001160621643
3.44038587808609
3.4757241904735565
3.539943188428879
3.6527227759361267
3.7115341424942017
3.8065214455127716
3.9183466136455536
3.994995415210724
4.137118399143219
4.267987877130508
4.338746756315231
4.400978893041611
4.504583477973938
4.6096853613853455
4.673450857400894
4.749453246593475
4.864115327596664
4.955108165740967
4.999172747135162
5.111332714557648
5.214709043502808
5.317611485719681
5.368389427661896
5.505651384592056
5.554609835147858
5.648004978895187
5.700899988412857
5.7708947360515594
5.870282173156738
6.078914642333984
6.373447090387344
6.4625439047813416
6.719756722450256
6.803981602191925
6.803638130426407
6.700698703527451
6.765260964632034
6.849102824926376
6.948419749736786
6.90087616443634
7.076468199491501
7.019008755683899
7.29255086183548
7.201403379440308
7.199356734752655
7.338879108428955
7.418798863887787
7.343580037355423
7.370328366756439
7.59706038236618
7.607737898826599
7.477846533060074
7.493439882993698
7.507739007472992
7.520324379205704
7.548350930213928
7.574298083782196
7.682552307844162
7.69318088889122
7.670798867940903
7.684452056884766
7.696911096572876
7.801330983638763
7.823421746492386
7.821542471647263
7.818378657102585
8.04498490691185
8.092792183160782
8.10975956916809
8.373508393764496
8.418945521116257
8.577830106019974
8.789602667093277
8.794506072998047
8.835620403289795
8.864498794078827
8.850442618131638
8.895283848047256
8.859896838665009
8.90599611401558
8.924081474542618
9.000788986682892
9.025386452674866
9.029330223798752
9.213798373937607
9.207221001386642
9.375673830509186
9.434565365314484
9.464675784111023
9.446442127227783
9.445757865905762
9.484753966331482
9.465293198823929
9.50543087720871
9.557119876146317
9.567731142044067
9.593382984399796
9.5674449801445
9.628066033124924
9.59507429599762
9.61265230178833
9.630169361829758
9.692456245422363
9.71236577630043
9.746592342853546
9.764699518680573
9.751407623291016
9.752567738294601
9.832088619470596
9.827162027359009
9.836673021316528
9.871782332658768
9.868938714265823
9.89240488409996
9.907019644975662
9.922552406787872
9.937517702579498
9.940778821706772
