2.895449995994568
2.8955129384994507
2.9930189847946167
2.993115544319153
3.133428454399109
3.1334915161132812
3.23134446144104
3.2314109802246094
3.4890239238739014
3.4890849590301514
3.6064153909683228
3.6071839332580566
3.8027113676071167
3.802773952484131
3.885208010673523
3.885424017906189
3.9143714904785156
3.9144294261932373
3.949275016784668
3.949336051940918
3.9537739753723145
3.9538315534591675
4.077270984649658
4.0773314237594604
4.105213403701782
4.10527241230011
4.121248006820679
4.121307969093323
4.120800971984863
4.120858430862427
4.1194270849227905
4.119498014450073
4.125934600830078
4.125994086265564
4.114488959312439
4.114549994468689
4.116887927055359
4.11694598197937
4.115224003791809
4.115283370018005
4.117873549461365
4.117962002754211
4.129163026809692
4.129222631454468
4.124536037445068
4.124592065811157
4.10549259185791
4.105552554130554
4.109427571296692
4.109483957290649
4.133424520492554
4.133484959602356
4.1226584911346436
4.122717022895813
4.139091372489929
4.139150977134705
4.136726021766663
4.136783957481384
4.151955962181091
4.152014493942261
4.15234649181366
4.152402997016907
4.2509870529174805
4.251055002212524
4.253799080848694
4.25385856628418
4.349910020828247
4.349977016448975
4.3686054944992065
4.368698000907898
4.469488024711609
4.4695504903793335
4.4861159324646
4.48617684841156
4.759438395500183
4.759514331817627
4.762306451797485
4.762367486953735
4.817704916000366
4.817769885063171
4.824796915054321
4.8248584270477295
5.172538876533508
5.172926902770996
5.166943073272705
5.167559027671814
5.257046580314636
5.2571120262146
5.261703968048096
5.2617634534835815
5.822207927703857
5.822271466255188
5.883516550064087
5.883597016334534
5.820337653160095
5.820420622825623
6.141509413719177
6.141570091247559
6.081649541854858
6.081710577011108
6.4456645250320435
6.445726990699768
6.73672091960907
6.7367924451828
6.839863896369934
6.839926481246948
7.036272048950195
7.036334991455078
7.054123878479004
7.054192900657654
7.081220507621765
7.0812824964523315
7.05693256855011
7.05699348449707
7.027215480804443
7.027277946472168
6.86469042301178
6.864753484725952
6.868022561073303
6.868084073066711
6.8940794467926025
6.894141912460327
6.919045090675354
6.919108629226685
6.919545531272888
6.919618606567383
7.196447968482971
7.19653594493866
7.23322606086731
7.233287572860718
7.2045509815216064
7.2046120166778564
7.024664998054504
7.02472710609436
7.186383008956909
7.186486005783081
7.138419032096863
7.138482093811035
7.013806462287903
7.0138654708862305
7.009942531585693
7.010135531425476
7.04341995716095
7.043482542037964
7.034252882003784
7.034313440322876
7.029484033584595
7.029544472694397
7.041664958000183
7.041723012924194
7.032972931861877
7.033031582832336
7.034111499786377
7.034172534942627
7.01775598526001
7.017816424369812
7.01202654838562
7.012086987495422
7.299960494041443
7.300023555755615
7.294679045677185
7.2947410345077515
7.512018084526062
7.512079477310181
7.4956300258636475
7.495691537857056
7.497110605239868
7.497178554534912
7.50346052646637
7.503521084785461
7.478448390960693
7.478510499000549
7.261479020118713
7.261538982391357
7.279513955116272
7.279616951942444
7.259407043457031
7.259470582008362
7.282489895820618
7.282557487487793
7.2983704805374146
7.298434019088745
7.468873381614685
7.468935489654541
7.458880066871643
7.458943605422974
7.4514535665512085
7.451543569564819
7.443110466003418
7.443170428276062
7.4367436170578
7.436806678771973
7.584349036216736
7.584411978721619
7.765648007392883
7.765710473060608
7.581490993499756
7.5815534591674805
7.502996444702148
7.503057956695557
7.436719059944153
7.436782956123352
7.9159640073776245
7.91602897644043
7.771853089332581
7.771919012069702
7.743083953857422
7.743150472640991
7.690950036048889
7.69101357460022
7.671174049377441
7.671235918998718
7.702354907989502
7.702445983886719
7.72111701965332
7.721181511878967
7.709656596183777
7.709723591804504
7.906226992607117
7.906292915344238
7.893589973449707
7.893664002418518
7.9993650913238525
7.999428987503052
7.9811670780181885
7.9812281131744385
7.970159411430359
7.970223426818848
7.668337464332581
7.668414354324341
7.631659030914307
7.631722450256348
8.03557801246643
8.035660982131958
8.020345449447632
8.020407438278198
7.436416983604431
7.436480522155762
8.027149081230164
8.027209997177124
7.421879410743713
7.421940445899963
7.404212951660156
7.404276967048645
7.400156497955322
7.400218963623047
7.785622596740723
7.785684943199158
7.717891573905945
7.717954635620117
7.669816613197327
7.6698795557022095
7.626190543174744
7.626252055168152
7.603562951087952
7.603624939918518
8.075612545013428
8.075676560401917
7.709711909294128
7.709772348403931
7.693678498268127
7.693782448768616
7.671204566955566
7.671288013458252
7.877508878707886
7.877575874328613
7.889753460884094
7.889822483062744
8.016913533210754
8.01701009273529
8.215356945991516
8.215424060821533
7.9898340702056885
7.989900588989258
8.016644597053528
8.01672101020813
8.401808023452759
8.401918530464172
8.03348994255066
8.033550500869751
8.006436467170715
8.006532907485962
8.39305853843689
8.393134951591492
8.384181022644043
8.38425862789154
8.386388540267944
8.38645350933075
8.39716351032257
8.397226572036743
8.303560972213745
8.303624033927917
8.684409618377686
8.684474110603333
7.9265899658203125
7.926652431488037
8.06116509437561
8.061230540275574
8.050470471382141
8.050535917282104
8.040887951850891
8.040950536727905
7.995081067085266
7.9951475858688354
8.64754843711853
8.647609949111938
8.622823476791382
8.622896552085876
8.144605040550232
8.144668579101562
8.132668018341064
8.132729530334473
8.460461497306824
8.460526585578918
7.95264458656311
7.952708125114441
8.547940492630005
8.548005938529968
8.544493436813354
8.544559001922607
8.379471063613892
8.379533529281616
8.558971047401428
8.559036493301392
7.842639923095703
7.8427040576934814
7.999874472618103
7.999941945075989
8.606477499008179
8.606541991233826
8.596389055252075
8.596453070640564
9.135223507881165
9.135289549827576
8.486478447914124
8.486541986465454
8.453552007675171
8.453617930412292
8.428468942642212
8.42853307723999
9.156261563301086
9.156323671340942
9.190109133720398
9.190172672271729
9.175442934036255
9.175508499145508
9.1939058303833
9.193971872329712
8.856193900108337
8.856258511543274
8.821603894233704
8.821669459342957
8.16203486919403
8.1621013879776
8.144034504890442
8.144101023674011
8.807765007019043
8.807834386825562
8.810654044151306
8.810719609260559
9.520957946777344
9.52103340625763
9.553983569145203
9.554094433784485
8.85841190814972
8.85848593711853
8.871729016304016
8.871809601783752
9.611526370048523
9.611636400222778
9.601329922676086
9.601393938064575
9.592828392982483
9.592904925346375
9.588789582252502
9.588858485221863
9.599100589752197
9.599175572395325
9.584957003593445
9.585021376609802
9.570553064346313
9.570617437362671
9.561320066452026
9.561383485794067
9.553740501403809
9.553805470466614
9.54535961151123
9.54542350769043
9.448140025138855
9.448204517364502
9.57988703250885
9.579952597618103
9.479092001914978
9.479155421257019
9.423314452171326
9.423377394676208
9.406058430671692
9.406123518943787
9.790181994438171
9.790248394012451
9.746461510658264
9.746525526046753
9.712648630142212
9.712714076042175
9.629475116729736
9.629539608955383
9.61125659942627
9.611322045326233
9.602898955345154
9.602965474128723
9.57721197605133
9.577279925346375
9.571645498275757
9.571711540222168
9.546513080596924
9.546581625938416
10.294123530387878
10.294190049171448
10.297775506973267
10.297843098640442
10.290681004524231
10.29074490070343
10.27758002281189
10.27764356136322
10.277773022651672
10.27784013748169
10.271349549293518
10.27141547203064
10.29370105266571
10.29376995563507
10.283607006072998
10.283676028251648
10.292299032211304
10.292368531227112
10.474042415618896
10.474162578582764
10.36870563030243
10.368780016899109
10.33227252960205
10.332351565361023
10.349659085273743
10.349852085113525
10.553307056427002
10.553373098373413
10.576192498207092
10.57625949382782
10.565026044845581
10.565091967582703
10.507258415222168
10.50732433795929
10.510470509529114
10.51053500175476
10.354129433631897
10.354194521903992
10.410050988197327
10.410117030143738
10.314988374710083
10.31505298614502
10.360653042793274
10.360720038414001
10.399361491203308
10.399428009986877
10.475391507148743
10.475455045700073
10.327193021774292
10.327259063720703
10.287845015525818
10.28793454170227
10.46255910396576
10.462637543678284
10.227814435958862
10.22788155078888
10.431642055511475
10.431710004806519
10.41883099079132
10.418897986412048
10.871891498565674
10.871957898139954
10.68569803237915
10.685769438743591
10.815389394760132
10.815460920333862
10.86034345626831
10.860429048538208
10.786578893661499
10.786648392677307
10.592539429664612
10.592604994773865
10.730818033218384
10.7308828830719
10.7404865026474
10.740553498268127
10.706069946289062
10.706140518188477
10.68082344532013
10.680891871452332
10.661916017532349
10.661980986595154
11.716649889945984
11.716713428497314
11.519267439842224
11.519331932067871
11.717329502105713
11.717392086982727
11.692537546157837
11.692601442337036
11.679998397827148
11.680060982704163
11.772094964981079
11.772159337997437
11.763110399246216
11.763171553611755
11.770813941955566
11.77087652683258
11.752826452255249
11.752887487411499
11.68833839893341
11.688400983810425
11.733440041542053
11.733614563941956
11.72350800037384
11.723603963851929
11.754148006439209
11.754212379455566
11.934824466705322
11.934924006462097
11.907196402549744
11.907400012016296
11.914790034294128
11.914854645729065
11.895153522491455
11.89521861076355
11.898038864135742
11.898106455802917
11.9218430519104
11.921936988830566
12.14826500415802
12.148326396942139
12.142338991165161
12.142409563064575
12.130844116210938
12.130926132202148
12.131626963615417
12.13169252872467
12.176716923713684
12.176779389381409
12.16489291191101
12.164960980415344
12.126172661781311
12.126235604286194
12.108729004859924
12.108866930007935
12.149515986442566
12.149576544761658
12.224735975265503
12.224798917770386
12.158661484718323
12.158723950386047
12.228039026260376
12.228103995323181
12.206976056098938
12.20703899860382
12.203620553016663
12.203684568405151
12.194137573242188
12.194200992584229
12.271060943603516
12.271124958992004
12.330402612686157
12.330464005470276
12.282915592193604
12.282981038093567
12.260225892066956
12.260289072990417
12.301069021224976
12.301162481307983
12.50260841846466
12.502672910690308
12.487807393074036
12.487872004508972
12.548206567764282
12.548269987106323
12.613465428352356
12.613540410995483
12.515783071517944
12.515855550765991
12.424776434898376
12.424890518188477
12.468105435371399
12.468166947364807
12.445235013961792
12.44529902935028
12.482285976409912
12.482349038124084
12.520214080810547
12.520274996757507
12.53792405128479
12.538008451461792
12.591272473335266
12.59133493900299
12.605507016181946
12.605579018592834
12.529337048530579
12.529399514198303
12.546298503875732
12.54636549949646
12.488867044448853
12.48892855644226
12.46438193321228
12.464446425437927
12.617497563362122
12.617563486099243
12.833325028419495
12.833402514457703
12.622188568115234
12.622251629829407
12.859364867210388
12.859428882598877
12.691798090934753
12.691863536834717
12.694961428642273
12.695022940635681
12.560055136680603
12.560119152069092
12.616902351379395
12.616966485977173
12.597591042518616
12.597653985023499
12.734467506408691
12.734532952308655
12.770782947540283
12.770852446556091
12.90676236152649
12.906826972961426
12.79459536075592
12.794657468795776
12.850799441337585
12.850861549377441
12.79968810081482
12.799753069877625
13.068873047828674
13.068949103355408
13.083524465560913
13.083587408065796
12.776378512382507
12.776442050933838
12.8030424118042
12.803135514259338
12.757929921150208
12.757993459701538
12.946125507354736
12.946191549301147
12.864152431488037
12.864215970039368
12.865775465965271
12.86583697795868
12.802895069122314
12.802955985069275
13.164309978485107
13.164373517036438
13.095283389091492
13.095346450805664
13.076481938362122
13.076545000076294
13.078328013420105
13.07839047908783
13.051039934158325
13.051103472709656
13.256706953048706
13.256771564483643
13.447664618492126
13.447725057601929
13.275349378585815
13.275412440299988
13.463444471359253
13.463510394096375
13.266062021255493
13.266124486923218
12.99320900440216
12.993273496627808
13.208703517913818
13.208767056465149
13.417267084121704
13.417331576347351
13.595150470733643
13.595214009284973
13.18161404132843
13.181676030158997
13.270529508590698
13.270591497421265
13.400135517120361
13.400202512741089
13.477266073226929
13.477329015731812
13.368340969085693
13.368405103683472
13.287422060966492
13.287484049797058
13.348536968231201
13.348601937294006
13.159782528877258
13.159847617149353
13.635291576385498
13.635355949401855
13.646628499031067
13.646689534187317
13.65463387966156
13.654695868492126
13.651984453201294
13.6520494222641
13.78982138633728
13.78988492488861
13.495012998580933
13.495102524757385
13.65118408203125
13.651246547698975
13.598258972167969
13.59832501411438
13.89693295955658
13.896994471549988
13.441178917884827
13.441239953041077
13.425065994262695
13.425130844116211
13.417551517486572
13.417615056037903
13.601423025131226
13.601485013961792
13.5705064535141
13.570575594902039
13.763808012008667
13.763872981071472
13.539341449737549
13.539403915405273
13.515011429786682
13.515077352523804
13.830731987953186
13.83079218864441
13.83709990978241
13.837173461914062
13.828698992729187
13.828763961791992
14.059822082519531
14.059885144233704
14.06041955947876
14.060484051704407
13.839951038360596
13.84001362323761
13.633764028549194
13.633828043937683
13.901943564414978
13.902008175849915
13.877829551696777
13.877893447875977
13.71099054813385
13.711053013801575
13.889715433120728
13.889777898788452
13.871814489364624
13.87187659740448
13.93134343624115
13.931432008743286
14.221235871315002
14.22130000591278
13.836263537406921
13.836326956748962
13.823856949806213
13.823922991752625
13.986142039299011
13.98620355129242
13.97125506401062
13.971317052841187
14.023387908935547
14.023452401161194
13.946054577827454
13.946117997169495
13.991024017333984
13.991111993789673
14.233200073242188
14.233272552490234
14.238354921340942
14.238420486450195
14.014059901237488
14.014128923416138
13.989681363105774
13.989745378494263
14.031242847442627
14.031307458877563
14.124452948570251
14.124523520469666
14.160217523574829
14.16028106212616
14.42382800579071
14.423890471458435
14.35450303554535
14.35460102558136
14.324046015739441
14.324113130569458
14.398358464241028
14.398438453674316
14.305209040641785
14.30528450012207
14.259071946144104
14.259154438972473
14.173778414726257
14.173840403556824
14.104595422744751
14.10465955734253
14.85104501247406
14.851121425628662
15.125538945198059
15.125600934028625
15.115955471992493
15.116022944450378
15.10328996181488
15.10335397720337
15.105975985527039
15.106038093566895
15.108623504638672
15.10868752002716
15.100403547286987
15.10046648979187
15.090708017349243
15.090771555900574
15.021298050880432
15.021363615989685
14.967878937721252
14.967941999435425
14.951800107955933
14.951863527297974
15.251007437705994
15.25106942653656
14.94105851650238
14.941123485565186
15.262968063354492
15.263031005859375
14.946985483169556
14.947049498558044
15.221328973770142
15.22139298915863
15.234807133674622
15.234952092170715
15.325106024742126
15.325170516967773
14.953225016593933
14.953287959098816
14.874173402786255
14.874236464500427
14.860642910003662
14.860705971717834
14.838133096694946
14.838194131851196
14.776826977729797
14.776889443397522
14.774645924568176
14.774719953536987
14.72547698020935
14.725542545318604
15.128534078598022
15.1285959482193
14.685286045074463
14.685350060462952
15.121033549308777
15.121095538139343
14.977331161499023
14.97740352153778
15.325717449188232
15.325783371925354
15.49975848197937
15.499820470809937
15.171667456626892
15.171732068061829
15.047466516494751
15.047530055046082
15.129660367965698
15.129762887954712
14.966050505638123
14.966119527816772
14.93107807636261
14.931145548820496
14.91755747795105
14.917620420455933
14.882624387741089
14.8826904296875
14.828797578811646
14.828861474990845
15.096500992774963
15.096570491790771
15.076894521713257
15.076977491378784
16.04753065109253
16.047592639923096
15.679829597473145
15.67989206314087
15.657121539115906
15.65718400478363
15.548085451126099
15.54814898967743
15.646021127700806
15.646085023880005
15.57164752483368
15.571734547615051
15.577025532722473
15.577093005180359
15.574035048484802
15.574098587036133
16.130613446235657
16.1306813955307
16.12052094936371
16.12058401107788
16.128923535346985
16.128986597061157
16.125013947486877
16.12507736682892
15.984903573989868
15.984964966773987
15.854514122009277
15.854578018188477
15.459612011909485
15.459673523902893
15.714982509613037
15.71504545211792
15.663305044174194
15.663367986679077
15.618947148323059
15.619011640548706
15.99989938735962
15.999963402748108
15.561412453651428
15.561473965644836
15.484254002571106
15.484317421913147
15.38365614414215
15.383716583251953
15.429612398147583
15.42967438697815
16.431182026863098
16.431287050247192
16.405445456504822
16.405508399009705
16.37038016319275
16.370442628860474
16.28155493736267
16.281617522239685
16.239184975624084
16.23925006389618
16.681346535682678
16.681409001350403
16.68807053565979
16.68813192844391
16.179667949676514
16.17973041534424
16.405212998390198
16.405275464057922
16.35445761680603
16.354519605636597
16.334399104118347
16.334462523460388
16.241532564163208
16.24160349369049
16.33144700527191
16.331508994102478
16.727566480636597
16.727628588676453
16.718785405158997
16.71884846687317
16.33668351173401
16.336747527122498
16.29461944103241
16.29468262195587
16.234796404838562
16.23485839366913
16.652310013771057
16.652371644973755
16.537906527519226
16.53796947002411
16.121897101402283
16.121958017349243
16.47525644302368
16.475318908691406
16.405818581581116
16.405879020690918
16.340178966522217
16.34023952484131
16.324211955070496
16.32427442073822
16.256579518318176
16.256641626358032
16.20739257335663
16.207452654838562
16.165588974952698
16.165652990341187
16.129898071289062
16.129961609840393
16.078065991401672
16.07812798023224
16.047868967056274
16.047929048538208
16.016443490982056
16.016507029533386
