18444.5
-1.0
12398.0
-1.0
18374.0
-1.0
12298.0
-1.0
18504.5
-1.0
12198.0
-1.0
18507.5
-1.0
12098.0
-1.0
18357.5
-1.0
11998.0
-1.0
18403.5
-1.0
11898.0
-1.0
18253.5
-1.0
11798.0
-1.0
18255.0
-1.0
11698.0
-1.0
18340.5
-1.0
11598.0
-1.0
18190.5
-1.0
11498.0
-1.0
18141.0
-1.0
11398.0
-1.0
18309.5
-1.0
11298.0
-1.0
18159.5
-1.0
11198.0
-1.0
18081.0
-1.0
11098.0
-1.0
17931.0
-1.0
10998.0
-1.0
17826.0
-1.0
10898.0
-1.0
18727.5
-1.0
10798.0
-1.0
19610.0
-1.0
10698.0
-1.0
20359.0
-1.0
10598.0
-1.0
20780.0
-1.0
10498.0
-1.0
20797.0
-1.0
10398.0
-1.0
20647.0
-1.0
10298.0
-1.0
20497.0
-1.0
10198.0
12470.0
10148.0
12420.0
10098.0
12370.0
10048.0
12320.0
9998.0
12270.0
9948.0
12220.0
9898.0
12170.0
9848.0
12120.0
9798.0
12070.0
9748.0
12020.0
9698.0
11970.0
9648.0
11920.0
9598.0
11870.0
9548.0
11820.0
9498.0
11770.0
9448.0
11720.0
9398.0
11670.0
9348.0
11620.0
9298.0
11570.0
9248.0
11520.0
9198.0
11470.0
9148.0
11420.0
9098.0
11370.0
9048.0
11320.0
8998.0
11270.0
8948.0
11220.0
8898.0
11170.0
8848.0
11120.0
8798.0
11070.0
8748.0
11020.0
8698.0
10970.0
8648.0
10920.0
8598.0
10870.0
8548.0
10820.0
8498.0
10770.0
8448.0
10720.0
8398.0
10670.0
8348.0
10620.0
8298.0
10570.0
8248.0
10520.0
8198.0
10470.0
8148.0
10420.0
8098.0
10370.0
8048.0
10320.0
7998.0
10270.0
7948.0
10220.0
7898.0
10170.0
7848.0
10120.0
7798.0
10070.0
7748.0
10020.0
7698.0
9970.0
7648.0
9920.0
7598.0
9870.0
7548.0
9820.0
7498.0
9770.0
7448.0
9720.0
7398.0
9670.0
7348.0
9620.0
7298.0
9570.0
7248.0
9520.0
7198.0
9470.0
7148.0
9420.0
7098.0
9370.0
7048.0
9320.0
6998.0
9270.0
6948.0
9220.0
6898.0
9170.0
6848.0
9120.0
6798.0
9070.0
6748.0
9020.0
6698.0
8970.0
6648.0
8920.0
6598.0
8870.0
6548.0
8820.0
6498.0
8770.0
6448.0
8720.0
6398.0
8670.0
6348.0
8620.0
6298.0
8570.0
6248.0
8520.0
6198.0
8470.0
6148.0
8420.0
6098.0
8370.0
6048.0
8320.0
5998.0
8270.0
5948.0
8220.0
5898.0
8170.0
5848.0
8120.0
5798.0
8070.0
5748.0
8020.0
5698.0
7970.0
5648.0
7920.0
5598.0
7870.0
5548.0
7820.0
5498.0
7770.0
5448.0
7720.0
5398.0
7670.0
5348.0
7620.0
5298.0
7570.0
5248.0
7520.0
5198.0
7470.0
5148.0
7420.0
5098.0
7370.0
5048.0
7320.0
4998.0
7270.0
4948.0
7220.0
4898.0
7170.0
4848.0
7120.0
4798.0
7070.0
4748.0
7020.0
4698.0
6970.0
4648.0
6920.0
4598.0
6870.0
4548.0
6820.0
4498.0
6770.0
4448.0
6720.0
4398.0
6670.0
4348.0
6620.0
4298.0
6570.0
4248.0
6520.0
4198.0
6470.0
4148.0
6420.0
4098.0
6370.0
4048.0
6320.0
3998.0
6270.0
3948.0
6220.0
3898.0
6170.0
3848.0
6120.0
3798.0
6070.0
3748.0
6020.0
3698.0
5970.0
3648.0
5920.0
3598.0
5870.0
3548.0
5820.0
3498.0
5770.0
3448.0
5720.0
3398.0
5670.0
3348.0
5620.0
3298.0
5570.0
3248.0
5520.0
3198.0
5470.0
3148.0
5420.0
3098.0
5370.0
3048.0
5320.0
2998.0
5270.0
2948.0
5220.0
2898.0
5170.0
2848.0
5120.0
2798.0
5070.0
2748.0
5020.0
2698.0
4970.0
2648.0
4920.0
2598.0
4870.0
2548.0
4820.0
12707.5
4788.5
12607.5
4788.5
12507.5
4788.5
12407.5
4788.5
12307.5
4788.5
12207.5
4788.5
12107.5
4788.5
12007.5
4788.5
11907.5
4788.5
11807.5
4788.5
11707.5
4788.5
11607.5
4788.5
11507.5
4788.5
11407.5
4788.5
11307.5
4788.5
11207.5
4788.5
11107.5
4788.5
11007.5
4788.5
10907.5
4788.5
10807.5
4788.5
10707.5
4788.5
10607.5
4788.5
10507.5
4788.5
10407.5
4788.5
10307.5
4788.5
10207.5
4788.5
10107.5
4788.5
10007.5
4788.5
9907.5
4788.5
9807.5
4788.5
9707.5
4788.5
9607.5
4788.5
9507.5
4788.5
9407.5
4788.5
9307.5
4788.5
9207.5
4788.5
9107.5
4788.5
9007.5
4788.5
8907.5
4788.5
8807.5
4788.5
8707.5
4788.5
8607.5
4788.5
8507.5
4788.5
8407.5
4788.5
8307.5
4788.5
8207.5
4788.5
8107.5
4788.5
8007.5
4788.5
7907.5
4788.5
7807.5
4788.5
7708.0
17288.0
7658.0
17238.0
7608.0
17188.0
7558.0
17138.0
7508.0
17088.0
7458.0
17038.0
7408.0
16988.0
7358.0
16938.0
7308.0
16888.0
7258.0
16838.0
7208.0
16788.0
7158.0
16738.0
7108.0
16688.0
7058.0
16638.0
7008.0
16588.0
6958.0
16538.0
6908.0
16488.0
6858.0
16438.0
6808.0
16388.0
6758.0
16338.0
6708.0
16288.0
6658.0
16238.0
6608.0
16188.0
6558.0
16138.0
6508.0
16088.0
6458.0
16038.0
6408.0
15988.0
6358.0
15938.0
6308.0
15888.0
6258.0
15838.0
6208.0
15788.0
6158.0
15738.0
6108.0
15688.0
6058.0
15638.0
6008.0
15588.0
5958.0
15538.0
5908.0
15488.0
5858.0
15438.0
5808.0
15388.0
5758.0
15338.0
5708.0
15288.0
5658.0
15238.0
5608.0
15188.0
5558.0
15138.0
5508.0
15088.0
5458.0
15038.0
5408.0
14988.0
5358.0
14938.0
5308.0
14888.0
5258.0
14838.0
5208.0
14788.0
5158.0
14738.0
5108.0
14688.0
5058.0
14638.0
5008.0
14588.0
4958.0
14538.0
4908.0
14488.0
4858.0
14438.0
4808.0
14388.0
4758.0
14338.0
4708.0
14288.0
4658.0
14238.0
4608.0
14188.0
4558.0
14138.0
4508.0
14088.0
4458.0
14038.0
4408.0
13988.0
4358.0
13938.0
4308.0
13888.0
4258.0
13838.0
4208.0
13788.0
4158.0
13738.0
4108.0
13688.0
4058.0
13638.0
4008.0
13588.0
3958.0
13538.0
3908.0
13488.0
3858.0
13438.0
3808.0
13388.0
3758.0
13338.0
3708.0
13288.0
3658.0
13238.0
3608.0
13188.0
3558.0
13138.0
3508.0
13088.0
3458.0
13038.0
3408.0
12988.0
3358.0
12938.0
3308.0
12888.0
3258.0
12838.0
3208.0
12788.0
3158.0
12738.0
3108.0
12688.0
3058.0
12638.0
3008.0
12588.0
2958.0
12538.0
2908.0
12488.0
2858.0
12438.0
2808.0
12388.0
2758.0
12338.0
2708.0
12288.0
2658.0
12238.0
2608.0
12188.0
2558.0
12138.0
2508.0
12088.0
2458.0
12038.0
2408.0
11988.0
2358.0
11938.0
2308.0
11888.0
2258.0
11838.0
2208.0
11788.0
2158.0
11738.0
2108.0
11688.0
2058.0
11638.0
2008.0
11588.0
1958.0
11538.0
1908.0
11488.0
1858.0
11438.0
1808.0
11388.0
1758.0
11338.0
1708.0
11288.0
1658.0
11238.0
1608.0
11188.0
1558.0
11138.0
1508.0
11088.0
1458.0
11038.0
1408.0
10988.0
1358.0
10938.0
1308.0
10888.0
1258.0
10838.0
1208.0
10788.0
1158.0
10738.0
1108.0
10688.0
1058.0
10638.0
1008.0
10588.0
958.0
10538.0
908.0
10488.0
858.0
10438.0
808.0
10388.0
758.0
10338.0
708.0
10288.0
658.0
10238.0
608.0
10188.0
558.0
10138.0
508.0
10088.0
458.0
10038.0
408.0
9988.0
358.0
9938.0
308.0
9888.0
258.0
9838.0
208.0
9788.0
158.0
9738.0
108.0
9688.0
58.0
9638.0
8.0
9588.0
-2.0
9498.0
-2.0
9398.0
-2.0
9298.0
-2.0
9198.0
-2.0
9098.0
-2.0
8998.0
-2.0
8898.0
-2.0
8798.0
-2.0
8698.0
-2.0
8598.0
-2.0
8498.0
-2.0
8398.0
-2.0
8298.0
-2.0
8198.0
-2.0
8098.0
-2.0
7998.0
-2.0
7898.0
-2.0
7798.0
-2.0
7698.0
-2.0
7598.0
-2.0
7498.0
-2.0
7398.0
-2.0
7298.0
-2.0
7198.0
-2.0
7098.0
-2.0
6998.0
-2.0
6898.0
-2.0
6798.0
-2.0
6698.0
-2.0
6598.0
-2.0
6498.0
-2.0
6398.0
-2.0
6298.0
-2.0
6198.0
-2.0
6098.0
-2.0
5998.0
-2.0
5898.0
-2.0
5798.0
-2.0
5698.0
-2.0
5598.0
-2.0
5498.0
-2.0
5398.0
-2.0
5298.0
-2.0
5198.0
-2.0
5098.0
-2.0
4998.0
-2.0
4898.0
-2.0
4798.0
-2.0
4698.0
-2.0
4598.0
-2.0
4498.0
-2.0
4398.0
-2.0
4298.0
-2.0
4198.0
-2.0
4098.0
-2.0
3998.0
-2.0
3898.0
-2.0
3798.0
-2.0
3698.0
-2.0
3598.0
-2.0
3498.0
-2.0
3398.0
-2.0
3298.0
-2.0
3198.0
-2.0
3098.0
-2.0
2998.0
-2.0
2898.0
-2.0
2798.0
-2.0
2698.0
-2.0
2598.0
-2.0
2498.0
-2.0
2398.0
-2.0
2298.0
-2.0
2198.0
-2.0
2098.0
-2.0
1998.0
-2.0
1898.0
-2.0
1798.0
-2.0
1698.0
-2.0
1598.0
-2.0
1498.0
-2.0
1398.0
-2.0
1298.0
-2.0
1198.0
-2.0
1098.0
-2.0
998.0
-2.0
898.0
-2.0
798.0
-2.0
698.0
-2.0
598.0
-2.0
498.0
-2.0
398.0
-2.0
298.0
-2.0
198.0
-2.0
98.0
-2.0
-2.0
