8689.75
2774.25
8614.75
2749.25
8539.75
2724.25
8464.75
2699.25
8389.75
2674.25
8314.75
2649.25
8239.75
2624.25
8164.75
2599.25
8089.75
2574.25
8014.75
2549.25
7939.75
2524.25
7864.75
2499.25
7789.75
2474.25
7714.75
2449.25
7639.75
2424.25
7564.75
2399.25
7489.75
2374.25
7414.75
2349.25
7339.75
2324.25
7264.75
2299.25
7189.75
2274.25
7114.75
2249.25
7039.75
2224.25
6964.75
2199.25
6889.75
2174.25
6814.75
2149.25
6739.75
2124.25
6664.75
2099.25
6589.75
2074.25
6514.75
2049.25
6439.75
2024.25
6364.75
1999.25
6289.75
1974.25
6214.75
1949.25
6139.75
1924.25
6064.75
1899.25
5989.75
1874.25
5914.75
1849.25
5839.75
1824.25
5764.75
1799.25
5689.75
1774.25
5614.75
1749.25
5539.75
1724.25
5464.75
1699.25
5389.75
1674.25
5314.75
1649.25
5239.75
1624.25
5164.75
1599.25
5089.75
1574.25
5014.75
1549.25
4939.75
1524.25
4864.75
1499.25
4789.75
1474.25
4714.75
1449.25
4639.75
1424.25
4564.75
1399.25
4489.75
1374.25
4414.75
1349.25
4339.75
1324.25
4264.75
1299.25
4189.75
1274.25
4114.75
1249.25
4039.75
1224.25
3964.75
1199.25
3889.75
1174.25
3814.75
1149.25
3739.75
1124.25
3664.75
1099.25
3589.75
1074.25
3514.75
1049.25
3439.75
1024.25
3364.75
999.25
3289.75
974.25
3214.75
949.25
3139.75
924.25
3064.75
899.25
2989.75
874.25
2914.75
849.25
2839.75
824.25
2764.75
799.25
2689.75
774.25
2614.75
749.25
2539.75
724.25
2464.75
699.25
2389.75
674.25
2314.75
649.25
2239.75
624.25
2164.75
599.25
2089.75
574.25
2014.75
549.25
1939.75
524.25
1864.75
499.25
1789.75
474.25
1714.75
449.25
1639.75
424.25
1564.75
399.25
1489.75
374.25
1414.75
349.25
1339.75
324.25
1264.75
299.25
1189.75
274.25
1114.75
249.25
1039.75
224.25
964.75
199.25
889.75
174.25
814.75
149.25
739.75
124.25
664.75
99.25
589.75
74.25
514.75
49.25
439.75
24.25
364.75
-0.75
3398.25
6240.25
3348.25
6190.25
3298.25
6140.25
3248.25
6090.25
3198.25
6040.25
3148.25
5990.25
3098.25
5940.25
3048.25
5890.25
2998.25
5840.25
2948.25
5790.25
2898.25
5740.25
2848.25
5690.25
2798.5
8447.5
2773.5
8372.5
2748.5
8297.5
2723.5
8222.5
2698.5
8147.5
2673.5
8072.5
2648.5
7997.5
2623.5
7922.5
2598.5
7847.5
2573.5
7772.5
2548.5
7697.5
2523.5
7622.5
2498.5
7547.5
2473.5
7472.5
2448.5
7397.5
2423.5
7322.5
2398.5
7247.5
2373.5
7172.5
2348.5
7097.5
2323.5
7022.5
2298.5
6947.5
2273.5
6872.5
2248.5
6797.5
2223.5
6722.5
2198.5
6647.5
2173.5
6572.5
2148.5
6497.5
2123.5
6422.5
2098.5
6347.5
2073.5
6272.5
2048.5
6197.5
2023.5
6122.5
1998.5
6047.5
1973.5
5972.5
1948.5
5897.5
1923.5
5822.5
1898.5
5747.5
1873.5
5672.5
1848.5
5597.5
1823.5
5522.5
1798.5
5447.5
1773.5
5372.5
1748.5
5297.5
1723.5
5222.5
1698.5
5147.5
1673.5
5072.5
1648.5
4997.5
1623.5
4922.5
1598.5
4847.5
1573.5
4772.5
1548.5
4697.5
1523.5
4622.5
1498.5
4547.5
1473.5
4472.5
1448.5
4397.5
1423.5
4322.5
1398.5
4247.5
1373.5
4172.5
1348.5
4097.5
1323.5
4022.5
1298.5
3947.5
1273.5
3872.5
1248.5
3797.5
1223.5
3722.5
1198.5
3647.5
1173.5
3572.5
1148.5
3497.5
1123.5
3422.5
1098.5
3347.5
1073.5
3272.5
1048.5
3197.5
1023.5
3122.5
998.5
3047.5
973.5
2972.5
948.5
2897.5
923.5
2822.5
898.5
2747.5
873.5
2672.5
848.5
2597.5
823.5
2522.5
798.5
2447.5
773.5
2372.5
748.5
2297.5
723.5
2222.5
698.5
2147.5
673.5
2072.5
648.5
1997.5
623.5
1922.5
598.5
1847.5
573.5
1772.5
548.5
1697.5
523.5
1622.5
498.5
1547.5
473.5
1472.5
448.5
1397.5
423.5
1322.5
398.5
1247.5
373.5
1172.5
348.5
1097.5
323.5
1022.5
298.5
947.5
273.5
872.5
248.5
797.5
223.5
722.5
198.5
647.5
173.5
572.5
148.5
497.5
123.5
422.5
98.5
347.5
73.5
272.5
48.5
197.5
23.5
122.5
-1.5
47.5
