5.2710530161857605
5.2711221575737
5.207269191741943
5.207326233386993
5.314081966876984
5.314139485359192
5.358507752418518
5.358569264411926
5.3117899894714355
5.311854064464569
5.258230805397034
5.258290231227875
5.2417067885398865
5.241765320301056
5.350686728954315
5.354343056678772
5.304134488105774
5.304193496704102
5.246365785598755
5.246442496776581
5.241832673549652
5.2418912053108215
5.36605030298233
5.366129815578461
5.261144936084747
5.261203944683075
5.325295329093933
5.325355052947998
5.332876265048981
5.332933247089386
5.297924518585205
5.297986268997192
5.561924517154694
5.5619800090789795
5.632953941822052
5.633009910583496
5.545126974582672
5.545183479785919
5.458362698554993
5.4584221839904785
5.567679345607758
5.567741572856903
5.498414158821106
5.498473525047302
5.479197800159454
5.479304492473602
5.676476776599884
5.676532745361328
5.473666727542877
5.473727524280548
5.392683982849121
5.392746448516846
5.4918434619903564
5.492058455944061
5.649676203727722
5.649742245674133
5.549508810043335
5.549571692943573
5.573611497879028
5.5736764669418335
5.591436445713043
5.591494679450989
5.684386789798737
5.6844442486763
5.7258747816085815
5.725939035415649
5.882659673690796
5.882720172405243
5.746807157993317
5.746871829032898
5.805398046970367
5.805455029010773
5.916887521743774
5.91695100069046
5.768024265766144
5.768084824085236
6.043858051300049
6.043915510177612
5.829529047012329
5.829618036746979
5.895631432533264
5.895692944526672
5.671500146389008
5.671558260917664
5.782427728176117
5.782487452030182
5.569582223892212
5.57352215051651
5.808135807514191
5.80819708108902
6.051156222820282
6.051239788532257
6.261862277984619
6.261923551559448
6.104814231395721
6.1048794984817505
6.327010989189148
6.327080428600311
6.398261547088623
6.398318767547607
6.452947735786438
6.453007459640503
6.580484569072723
6.580559194087982
6.5618168115615845
6.56187629699707
6.589772820472717
6.589829444885254
6.591046452522278
6.5911054611206055
7.074679434299469
7.074737191200256
6.8592409491539
6.859300434589386
6.946243524551392
6.946303308010101
6.8849058747291565
6.884965538978577
6.641916453838348
6.6419729590415955
6.726341009140015
6.726404547691345
7.346079230308533
7.34613823890686
7.135758697986603
7.13582170009613
7.2465187311172485
7.246586978435516
7.1293928027153015
7.129459500312805
7.082799732685089
7.082858979701996
7.252111971378326
7.252176761627197
7.592836976051331
7.592927992343903
7.648341238498688
7.648407220840454
7.421917796134949
7.421978056430817
7.368938446044922
7.368998229503632
7.337000489234924
7.337059497833252
7.301923751831055
7.301994979381561
7.454917013645172
7.454977989196777
7.2375229597091675
7.237589776515961
7.6201372146606445
7.620207190513611
7.84123957157135
7.841309309005737
7.675684213638306
7.675743758678436
7.64131373167038
7.641373515129089
7.8214022517204285
7.821459949016571
7.71870630979538
7.718764781951904
7.873199105262756
7.87325793504715
7.82439649105072
7.8244582414627075
7.925032734870911
7.925101280212402
7.905576527118683
7.905638337135315
7.861260414123535
7.861316978931427
7.823828458786011
7.823892295360565
8.055323958396912
8.055390179157257
7.92839127779007
7.9284549951553345
7.874680697917938
7.874738693237305
8.162451028823853
8.162510752677917
8.09976077079773
8.099822521209717
8.040817737579346
8.040875971317291
8.314835906028748
8.31490296125412
8.221686780452728
8.2217475771904
8.212695062160492
8.212757110595703
8.281654417514801
8.281711280345917
8.252115488052368
8.252241730690002
8.259527087211609
8.259599566459656
8.216000497341156
8.21605896949768
8.448417663574219
8.448476433753967
8.339544534683228
8.339604556560516
8.37303251028061
8.373093962669373
8.319595754146576
8.3196542263031
8.42254227399826
8.422605752944946
8.515839517116547
8.515897810459137
8.69611519575119
8.696174502372742
8.657268464565277
8.657329261302948
8.61447525024414
8.614535689353943
8.61592149734497
8.615979492664337
8.571453034877777
8.571511328220367
8.509528756141663
8.509629547595978
9.601743459701538
9.601815223693848
9.626005232334137
9.62606430053711
9.617754518985748
9.617810010910034
9.71302193403244
9.713080286979675
9.645406007766724
9.645463049411774
9.828165650367737
9.828230440616608
9.875338017940521
9.875393807888031
9.870362281799316
9.870418727397919
9.863669037818909
9.863725781440735
9.87521243095398
9.875272691249847
9.890483498573303
9.890547752380371
9.912170767784119
9.912252724170685
10.136984705924988
10.137037992477417
10.129304766654968
10.129361271858215
10.13008964061737
10.130143702030182
10.018507361412048
10.018562078475952
10.229494512081146
10.229575335979462
10.265644490718842
10.265704214572906
10.123154282569885
10.123212814331055
10.240837275981903
10.240891516208649
10.338005244731903
10.338082790374756
10.303338944911957
10.303397715091705
10.40349680185318
10.40355533361435
10.452060461044312
10.452117145061493
10.36118346452713
10.361236572265625
10.218972027301788
10.219027042388916
10.240061819553375
10.240134000778198
10.392134249210358
10.3921919465065
10.667575180530548
10.667629718780518
10.719973683357239
10.720029175281525
10.681210994720459
10.681266188621521
10.509083986282349
10.509138584136963
10.444413959980011
10.444469928741455
10.477522850036621
10.477583706378937
10.658026993274689
10.658081471920013
10.669568538665771
10.669624984264374
10.426577031612396
10.426635265350342
10.690707981586456
10.690762519836426
10.576845943927765
10.576898694038391
10.648900270462036
10.648953199386597
10.648377060890198
10.648431539535522
10.684995830059052
10.685057759284973
10.99260127544403
10.99265456199646
10.790196716785431
10.790259957313538
10.891256511211395
10.89133620262146
10.774180471897125
10.774236023426056
10.667492866516113
10.667579352855682
10.633523523807526
10.633579075336456
11.032777667045593
11.032833933830261
11.254482746124268
11.254535734653473
11.077738761901855
11.077792704105377
11.313004910945892
11.31305867433548
11.608431279659271
11.608486115932465
11.617443144321442
11.617498219013214
11.139835238456726
11.139888525009155
11.246622502803802
11.246687710285187
11.328977525234222
11.329041063785553
11.249265015125275
11.249331831932068
11.482042253017426
11.482097327709198
11.33909696340561
11.339151501655579
11.282047748565674
11.28210324048996
11.250815212726593
11.250872433185577
11.193169057369232
11.193260312080383
11.466798067092896
11.466850757598877
11.706057786941528
11.706118822097778
11.761854708194733
11.761908948421478
11.655536592006683
11.655633270740509
11.880086481571198
11.880140781402588
12.018508493900299
12.018566966056824
11.92053997516632
11.920597076416016
11.735692322254181
11.735752999782562
11.476752281188965
11.47680801153183
11.666848242282867
11.666911005973816
11.585917294025421
11.585975050926208
11.870619773864746
11.870673775672913
12.132149517536163
12.132206976413727
12.417087137699127
12.417145192623138
12.023740112781525
12.023811519145966
11.719080567359924
11.71913480758667
11.9299076795578
11.92996221780777
12.15563553571701
12.155693769454956
12.04939979314804
12.049453735351562
12.25354379415512
12.253601253032684
12.114045798778534
12.114104330539703
12.192542254924774
12.192595541477203
12.29838103055954
12.298485279083252
12.199519276618958
12.199584543704987
12.109577000141144
12.109632313251495
12.440940082073212
12.440997064113617
12.295569777488708
12.295623242855072
12.424049735069275
12.424123167991638
12.392877161502838
12.39293122291565
12.311704277992249
12.31176096200943
12.610075235366821
12.61012977361679
12.563095569610596
12.563152015209198
12.466579139232635
12.466634213924408
12.364741027355194
12.36479651927948
12.306266963481903
12.306321740150452
12.441870927810669
12.441936194896698
12.459138214588165
12.45919543504715
12.552969753742218
12.55302381515503
12.618040263652802
12.618097722530365
12.567707061767578
12.56776475906372
12.867414712905884
12.867477238178253
12.64282101392746
12.642875790596008
12.801022469997406
12.801078200340271
12.869690656661987
12.869745969772339
12.963587045669556
12.963648557662964
12.991846561431885
12.991901695728302
13.026251494884491
13.026307165622711
12.8964022397995
12.896458745002747
13.063641965389252
13.0636967420578
13.097299754619598
13.097357451915741
13.033535718917847
13.033607959747314
13.068012773990631
13.068069398403168
13.015464007854462
13.015516698360443
13.237892627716064
13.237949430942535
13.174735248088837
13.174789488315582
13.138115763664246
13.138168752193451
13.19110494852066
13.191170752048492
13.136669993400574
13.136725962162018
13.138951659202576
13.139005959033966
13.128496408462524
13.128551661968231
13.114790499210358
13.114851295948029
13.093064486980438
13.093118906021118
