-1.0
4215.5
-1.0
3638.5
-1.0
5521.5
-1.0
4060.5
-1.0
6098.0
-1.0
4533.5
-1.0
6048.0
-1.0
5450.5
-1.0
5998.0
-1.0
5998.0
-1.0
5948.0
-1.0
5948.0
-1.0
5898.0
-1.0
5898.0
-1.0
5848.0
-1.0
5848.0
-1.0
5798.0
-1.0
5798.0
-1.0
5748.0
-1.0
5748.0
-1.0
5698.0
-1.0
5698.0
-1.0
5648.0
-1.0
5648.0
-1.0
5598.0
-1.0
5598.0
-1.0
5548.0
-1.0
5548.0
-1.0
5498.0
-1.0
5498.0
-1.0
5448.0
-1.0
5448.0
-1.0
5398.0
-1.0
5398.0
-1.0
5348.0
-1.0
5348.0
-1.0
5298.0
-1.0
5298.0
-1.0
5248.0
-1.0
5248.0
-1.0
5198.0
-1.0
5198.0
-1.0
5148.0
-1.0
5148.0
-1.0
5098.0
-1.0
5098.0
-1.0
5048.0
-1.0
5048.0
-1.0
4998.0
-1.0
4998.0
-1.0
4948.0
-1.0
4948.0
-1.0
4898.0
-1.0
4898.0
-1.0
4848.0
-1.0
4848.0
-1.0
4798.0
-1.0
4798.0
-1.0
4748.0
-1.0
4748.0
-1.0
4698.0
-1.0
4698.0
-1.0
4648.0
-1.0
4648.0
-1.0
4598.0
-1.0
4598.0
-1.0
4548.0
-1.0
4548.0
-1.0
4498.0
-1.0
4498.0
-1.0
4448.0
-1.0
4448.0
-1.0
4398.0
-1.0
4398.0
-1.0
4348.0
-1.0
4348.0
-1.0
4298.0
-1.0
4298.0
-1.0
4248.0
-1.0
4248.0
-1.0
4198.0
-1.0
4198.0
-1.0
4148.0
-1.0
4148.0
-1.0
4098.0
-1.0
4098.0
-1.0
4048.0
-1.0
4048.0
-1.0
3998.0
-1.0
3998.0
-1.0
3948.0
-1.0
3948.0
-1.0
3898.0
-1.0
3898.0
-1.0
3848.0
-1.0
3848.0
-1.0
3798.0
-1.0
3798.0
-1.0
3748.0
-1.0
3748.0
-1.0
3698.0
-1.0
3698.0
-1.0
3648.0
-1.0
3648.0
-1.0
3598.0
-1.0
3598.0
-1.0
3548.0
-1.0
3548.0
-1.0
3498.0
-1.0
3498.0
-1.0
3448.0
-1.0
3448.0
-1.0
3398.0
-1.0
3398.0
-1.0
3348.0
-1.0
3348.0
-1.0
3298.0
-1.0
3298.0
-1.0
3248.0
-1.0
3248.0
-1.0
3198.0
-1.0
3198.0
-1.0
3148.0
-1.0
3148.0
-1.0
3098.0
-1.0
3098.0
-1.0
3048.0
-1.0
3048.0
-1.0
2998.0
-1.0
2998.0
-1.0
2948.0
-1.0
2948.0
-1.0
2898.0
-1.0
2898.0
-1.0
2848.0
-1.0
2848.0
-1.0
2798.0
-1.0
2798.0
-1.0
2748.0
-1.0
2748.0
-1.0
2698.0
-1.0
2698.0
-1.0
2648.0
-1.0
2648.0
-1.0
2598.0
-1.0
2598.0
6238.5
2548.0
-1.0
2558.0
6188.5
2498.0
-1.0
2558.0
6138.5
2448.0
-1.0
2558.0
6088.5
2398.0
-1.0
2558.0
6038.5
2348.0
-1.0
2558.0
5988.5
2298.0
-1.0
2558.0
5938.5
2248.0
-1.0
2558.0
5888.5
2198.0
-1.0
2558.0
5838.5
2148.0
-1.0
2558.0
5788.5
2098.0
-1.0
2558.0
5738.5
2048.0
-1.0
2558.0
5688.5
1998.0
-1.0
2558.0
5638.5
1948.0
-1.0
2558.0
5588.5
1898.0
-1.0
2558.0
5538.5
1848.0
-1.0
2558.0
5488.5
1798.0
-1.0
2558.0
5438.5
1748.0
-1.0
2558.0
5388.5
1712.0
6234.5
2558.0
5338.5
1712.0
6184.5
2558.0
5288.5
1712.0
6134.5
2558.0
5238.5
1712.0
6084.5
2558.0
5188.5
1712.0
6034.5
2558.0
5138.5
1712.0
5984.5
2558.0
5088.5
1712.0
5934.5
2558.0
5038.5
1712.0
5884.5
2558.0
4988.5
1712.0
5834.5
2558.0
4938.5
1712.0
5784.5
2558.0
4888.5
1712.0
5734.5
2558.0
4838.5
1712.0
5684.5
2558.0
4788.5
1712.0
5634.5
2558.0
4738.5
1712.0
5584.5
2558.0
4688.5
1712.0
5534.5
2558.0
4638.5
1712.0
5484.5
2558.0
4588.5
1712.0
5434.5
2558.0
4538.5
1712.0
5384.5
2558.0
4488.5
1712.0
5334.5
2558.0
4438.5
1712.0
5284.5
2558.0
4388.5
1712.0
5234.5
2558.0
4338.5
1712.0
5184.5
2558.0
4288.5
1712.0
5134.5
2558.0
4238.5
1712.0
5084.5
2558.0
4188.5
1712.0
5034.5
2558.0
4138.5
1712.0
4984.5
2558.0
4088.5
1712.0
4934.5
2558.0
4038.5
1712.0
4884.5
2558.0
3988.5
1712.0
4834.5
2558.0
3938.5
1712.0
4784.5
2558.0
3888.5
1712.0
4734.5
2558.0
3838.5
1712.0
4684.5
2558.0
3788.5
1712.0
4634.5
2558.0
3738.5
1712.0
4584.5
2558.0
3688.5
1712.0
4534.5
2558.0
3638.5
1712.0
4484.5
2558.0
3588.5
1712.0
4434.5
2558.0
3538.5
1712.0
4384.5
2558.0
3488.5
1712.0
4334.5
2558.0
3438.5
1712.0
4284.5
2558.0
3388.5
1712.0
4234.5
2558.0
3338.5
1712.0
4184.5
2558.0
3288.5
1712.0
4134.5
2558.0
3238.5
1712.0
4084.5
2558.0
3188.5
1712.0
4034.5
2558.0
3138.5
1712.0
3984.5
2558.0
3088.5
1712.0
3934.5
2558.0
3038.5
1712.0
3884.5
2558.0
2988.5
1712.0
3834.5
2558.0
2938.5
1712.0
3784.5
2558.0
2888.5
1712.0
3734.5
2558.0
2838.5
1712.0
3684.5
2558.0
2788.5
1712.0
3634.5
2558.0
2738.5
1712.0
3584.5
2558.0
2688.5
1712.0
3534.5
2558.0
2638.5
1712.0
3484.5
2558.0
2588.5
1712.0
3434.5
2558.0
2538.5
1712.0
3384.5
2558.0
2488.5
1712.0
3334.5
2558.0
2438.5
1712.0
3284.5
2558.0
2388.5
1712.0
3234.5
2558.0
2338.5
1712.0
3184.5
2558.0
2323.5
1712.0
3134.5
2523.0
2323.5
1712.0
3084.5
2473.0
2323.5
1712.0
3034.5
2423.0
2323.5
1712.0
2984.5
2373.0
2323.5
1712.0
2934.5
2323.0
2323.5
1712.0
2884.5
2273.0
2323.5
1712.0
2834.5
2223.0
2323.5
1712.0
8996.5
2210.0
2323.5
1712.0
8896.5
2210.0
2323.5
1712.0
8796.5
2210.0
2323.5
1712.0
8696.5
2210.0
2323.5
1712.0
8596.5
2210.0
2323.5
1712.0
8496.5
2210.0
2323.5
1712.0
8396.5
2210.0
2323.5
1712.0
8296.5
2210.0
2323.5
1712.0
8196.5
2210.0
2323.5
1712.0
8096.5
2210.0
2323.5
1712.0
7996.5
2210.0
2323.5
1712.0
7896.5
2210.0
2323.5
1712.0
7796.5
2210.0
2323.5
1712.0
7696.5
2210.0
2323.5
1712.0
7596.5
2210.0
2323.5
1712.0
7496.5
2210.0
2323.5
1712.0
7396.5
2210.0
2323.5
1712.0
7296.5
2210.0
2323.5
1712.0
7196.5
2210.0
2323.5
1712.0
7096.5
2210.0
2323.5
1712.0
6996.5
2210.0
2323.5
1712.0
6896.5
2210.0
2323.5
1712.0
6796.5
2210.0
2323.5
1712.0
6696.5
2210.0
2323.5
1712.0
6596.5
2210.0
2323.5
1712.0
6496.5
2210.0
2323.5
1712.0
6396.5
2210.0
2323.5
1712.0
6296.5
2210.0
2323.5
1712.0
6196.5
2210.0
2323.5
1712.0
6096.5
2210.0
2323.5
1712.0
5996.5
2210.0
2323.5
1712.0
5896.5
2210.0
2323.5
1712.0
5796.5
2210.0
2323.5
1712.0
5696.5
2210.0
2323.5
1712.0
5596.5
2210.0
2323.5
1712.0
5496.5
2210.0
2323.5
1712.0
5396.5
2210.0
2323.5
1712.0
5296.5
2210.0
2323.5
1677.0
5231.5
2210.0
2323.5
1627.0
5181.5
2210.0
2323.5
1577.0
5131.5
2210.0
2323.5
1568.5
5081.5
8419.0
2323.5
1568.5
5031.5
8369.0
2323.5
1568.5
4981.5
8319.0
2323.5
1568.5
4931.5
8269.0
2323.5
1568.5
4881.5
8219.0
2323.5
1568.5
4831.5
8169.0
2323.5
1568.5
4781.5
8119.0
2323.5
1568.5
4731.5
8069.0
2323.5
1568.5
4681.5
8019.0
2323.5
1568.5
4631.5
7969.0
2323.5
1568.5
4581.5
7919.0
2323.5
1568.5
4531.5
7869.0
2323.5
1568.5
4481.5
7819.0
2323.5
1568.5
4431.5
7769.0
2323.5
1568.5
4381.5
7719.0
2323.5
1568.5
4331.5
7669.0
2323.5
1568.5
4281.5
7619.0
2323.5
1568.5
4231.5
7569.0
2323.5
1568.5
4181.5
7519.0
2323.5
1568.5
4131.5
7469.0
2323.5
1568.5
4081.5
7419.0
2323.5
1568.5
4031.5
7369.0
2323.5
1568.5
3981.5
7319.0
2323.5
1568.5
3931.5
7269.0
2323.5
1568.5
3881.5
7219.0
2323.5
1568.5
3831.5
7169.0
2323.5
1568.5
3781.5
7119.0
2323.5
1568.5
3731.5
7069.0
2323.5
1568.5
3681.5
7019.0
2323.5
1568.5
3631.5
6969.0
2323.5
1568.5
3581.5
6919.0
2323.5
1568.5
3531.5
6869.0
2323.5
1568.5
3481.5
6819.0
2323.5
7771.0
3479.5
6769.0
2323.5
7721.0
3479.5
6719.0
2323.5
7671.0
3479.5
6669.0
2323.5
7621.0
3479.5
6619.0
2323.5
7571.0
3479.5
6569.0
2323.5
7521.0
3479.5
6519.0
2323.5
7471.0
3479.5
6469.0
2323.5
7421.0
3479.5
6419.0
2323.5
7371.0
3479.5
6369.0
2323.5
7321.0
3479.5
6319.0
2323.5
7271.0
3479.5
6269.0
2323.5
7221.0
3479.5
6219.0
2323.5
7171.0
3479.5
6169.0
2323.5
7121.0
3479.5
6119.0
2323.5
7071.0
3479.5
6069.0
2323.5
7021.0
3479.5
6019.0
2323.5
6971.0
3479.5
5969.0
2323.5
6921.0
3479.5
5919.0
2323.5
6871.0
3479.5
5869.0
2323.5
6821.0
3479.5
5819.0
2323.5
6771.0
3479.5
5769.0
2323.5
6721.0
3479.5
5719.0
2323.5
6671.0
3479.5
5669.0
2323.5
6621.0
3479.5
5619.0
2323.5
6571.0
3479.5
5569.0
2323.5
6521.0
3479.5
5519.0
2323.5
6471.0
3479.5
5469.0
2323.5
6421.0
3479.5
5419.0
2323.5
6371.0
3479.5
5369.0
2323.5
6321.0
3479.5
5319.0
2323.5
6271.0
3479.5
5269.0
2323.5
6221.0
3479.5
5219.0
2323.5
6171.0
3479.5
5169.0
2323.5
6121.0
3479.5
5119.0
2323.5
6071.0
3479.5
5069.0
2323.5
6021.0
3479.5
5019.0
2323.5
5971.0
3479.5
4969.0
2323.5
5921.0
3479.5
4919.0
2323.5
5871.0
3479.5
4869.0
2323.5
5821.0
3479.5
4819.0
2323.5
5771.0
3479.5
4769.0
2323.5
5721.0
3479.5
4719.0
2323.5
5671.0
3479.5
4669.0
2323.5
5621.0
3479.5
4619.0
2323.5
5571.0
3479.5
4569.0
2323.5
5521.0
3479.5
4519.0
2323.5
5471.0
3479.5
4469.0
2323.5
5421.0
3472.0
4426.5
2323.5
5371.0
3422.0
4426.5
2323.5
5321.0
3372.0
4426.5
2323.5
5271.0
3322.0
4426.5
2323.5
5221.0
3272.0
4426.5
2323.5
5171.0
3222.0
4426.5
2323.5
5121.0
3172.0
4426.5
2323.5
5071.0
3122.0
4426.5
2323.5
5021.0
3072.0
4426.5
2323.5
4971.0
3022.0
4426.5
2323.5
4921.0
2972.0
4426.5
2323.5
4871.0
2922.0
4426.5
2323.5
4821.0
2872.0
4426.5
2323.5
4771.0
2822.0
4426.5
2323.5
4721.0
2772.0
4426.5
2323.5
4671.0
2722.0
4426.5
2323.5
4589.0
2704.0
4426.5
2323.5
4526.5
2666.5
4426.5
2323.5
4446.5
2646.5
4426.5
2323.5
4396.5
2596.5
4426.5
2323.5
4334.5
2558.5
4426.5
2323.5
4234.5
2558.5
4426.5
2323.5
4134.5
2558.5
4426.5
2323.5
4034.5
2558.5
4426.5
2323.5
3934.5
2558.5
4426.5
2323.5
3834.5
2558.5
4426.5
2323.5
3734.5
2558.5
4426.5
2323.5
3634.5
2558.5
4426.5
2323.5
3534.5
2558.5
4426.5
2323.5
3434.5
2558.5
4426.5
2323.5
3334.5
2558.5
4426.5
2323.5
3234.5
2558.5
4426.5
2323.5
3134.5
2558.5
4426.5
2323.5
3034.5
2558.5
4426.5
2323.5
2934.5
2558.5
4426.5
2323.5
2834.5
2558.5
4426.5
2323.5
2734.5
2558.5
4426.5
2323.5
2634.5
2558.5
4426.5
2323.5
2577.5
2558.5
4383.5
2323.5
2527.5
2558.5
4333.5
2323.5
2477.5
2558.5
4283.5
2323.5
2427.5
2558.5
4233.5
2323.5
2377.5
2558.5
4183.5
2323.5
2327.5
2558.5
4133.5
2323.5
2277.5
2558.5
4083.5
2323.5
2227.5
2558.5
4033.5
2323.5
2216.5
2558.5
3944.5
2304.5
2216.5
2558.5
3863.5
2254.5
2216.5
2558.5
3813.5
2206.0
2216.5
2558.5
3762.0
2206.0
2216.5
2558.5
3662.0
2206.0
2216.5
2511.0
3609.5
2206.0
2216.5
2461.0
3559.5
2206.0
2216.5
2411.0
3509.5
8413.0
2216.5
2361.0
3501.5
8363.0
2216.5
2311.0
3501.5
8313.0
2216.5
2261.0
3501.5
8263.0
2216.5
2211.0
3501.5
8213.0
2216.5
2161.0
3501.5
8163.0
2216.5
2111.0
3501.5
8113.0
2216.5
2061.0
3501.5
8063.0
2192.5
2035.0
3501.5
8013.0
2142.5
2035.0
3501.5
7963.0
2092.5
2035.0
3501.5
7913.0
2042.5
2035.0
3501.5
7863.0
1992.5
2035.0
3501.5
7813.0
1942.5
2035.0
3501.5
7763.0
1892.5
2035.0
3501.5
7713.0
1842.5
2035.0
3501.5
7663.0
1792.5
2035.0
3501.5
7613.0
1742.5
2035.0
3501.5
7563.0
1692.5
2035.0
3501.5
7513.0
1642.5
2035.0
3501.5
7463.0
1592.5
2035.0
3501.5
7413.0
1542.5
2035.0
3501.5
7363.0
1492.5
2035.0
3501.5
7313.0
1442.5
2035.0
3501.5
7263.0
1392.5
2035.0
3501.5
7213.0
1342.5
2035.0
3501.5
7163.0
1292.5
2035.0
3501.5
7113.0
1242.5
2035.0
3501.5
7063.0
1194.0
2035.0
3500.0
7013.0
1194.0
2035.0
3450.0
6947.0
1194.0
2035.0
3416.0
6847.0
1194.0
2035.0
3416.0
6780.0
1194.0
2002.0
3416.0
6730.0
1194.0
1952.0
3416.0
6680.0
1194.0
1902.0
3416.0
6630.0
1156.5
1889.5
3416.0
6580.0
1106.5
1889.5
3416.0
6514.0
1072.5
1889.5
3416.0
6414.0
1072.5
1889.5
3416.0
6314.0
1072.5
1889.5
3416.0
6244.5
1072.5
1889.5
3385.5
6194.5
1026.0
1887.0
3384.5
6144.5
976.0
1887.0
3384.5
6094.5
926.0
1887.0
3384.5
6044.5
876.0
1887.0
3384.5
5994.5
874.0
1887.0
3336.5
5925.0
874.0
1887.0
3306.0
5825.0
874.0
1887.0
3306.0
5740.0
874.0
1872.0
3306.0
5690.0
872.0
1824.0
3306.0
5640.0
822.0
1824.0
3306.0
5541.5
820.5
1824.0
3306.0
5441.5
820.5
1824.0
3306.0
5390.0
820.5
1824.0
3257.5
5340.0
820.5
1819.5
3212.0
5290.0
820.5
1769.5
3212.0
5240.0
820.5
1719.5
3212.0
5190.0
820.5
1669.5
3212.0
5140.0
820.5
1619.5
3212.0
5090.0
820.5
1569.5
3212.0
5040.0
820.5
1520.5
3211.0
4990.0
820.5
1520.5
3161.0
4927.5
820.5
1520.5
3123.5
4829.0
819.0
1520.5
3123.5
4757.5
816.5
1494.5
3123.5
4678.5
816.5
1494.5
3102.5
4628.5
816.5
1494.5
3052.5
4578.5
784.0
1494.5
3035.0
4528.5
782.5
1446.0
3035.0
4478.5
782.5
1435.0
2996.0
4428.5
782.5
1402.5
2978.5
4336.5
782.5
1394.5
2978.5
4236.5
782.5
1394.5
2978.5
4173.5
745.5
1394.5
2978.5
4123.5
695.5
1394.5
2978.5
4058.0
661.0
1394.5
2978.5
3990.0
661.0
1392.0
2949.0
3940.0
661.0
1342.0
2949.0
3890.0
661.0
1292.0
2949.0
3840.0
661.0
1242.0
2949.0
3790.0
661.0
1192.0
2949.0
3740.0
639.5
1163.5
2949.0
3690.0
624.5
1128.5
2949.0
3640.0
624.5
1078.5
2949.0
3590.0
624.5
1028.5
2949.0
3540.0
624.5
1025.0
2902.5
3479.5
624.5
1025.0
2863.0
3379.5
624.5
1025.0
2863.0
3320.0
624.5
1002.0
2845.5
3270.0
624.5
952.0
2845.5
3216.5
624.5
911.0
2840.0
3116.5
624.5
911.0
2840.0
3016.5
624.5
911.0
2840.0
2916.5
624.5
911.0
2840.0
2816.5
624.5
911.0
2840.0
2762.0
599.5
911.0
2819.5
2762.0
549.5
911.0
2769.5
2762.0
499.5
911.0
2719.5
2762.0
449.5
911.0
2669.5
2762.0
399.5
911.0
2619.5
2762.0
349.5
911.0
2569.5
2762.0
299.5
911.0
2519.5
2762.0
249.5
911.0
2469.5
2762.0
199.5
911.0
2419.5
2762.0
149.5
888.0
2392.5
2754.0
107.5
838.0
2392.5
2704.0
107.5
788.0
2392.5
2654.0
107.5
738.0
2392.5
2604.0
107.5
688.0
2392.5
2530.0
107.5
662.0
2392.5
2430.0
107.5
662.0
2392.5
2330.0
107.5
662.0
2392.5
2230.0
107.5
662.0
2392.5
2130.0
107.5
662.0
2392.5
2030.0
107.5
662.0
2392.5
1930.0
107.5
662.0
2392.5
1830.0
107.5
662.0
2392.5
1730.0
107.5
662.0
2392.5
1650.0
107.5
662.0
2372.5
1600.0
107.5
662.0
2322.5
1550.0
107.5
662.0
2272.5
1500.0
107.5
662.0
2222.5
1450.0
107.5
662.0
2172.5
1400.0
107.5
662.0
2122.5
1350.0
107.5
662.0
2072.5
1300.0
107.5
616.0
2068.5
1250.0
107.5
566.0
2068.5
1200.0
107.5
516.0
2068.5
1150.0
107.5
466.0
2068.5
1126.5
107.5
416.0
2042.0
1126.5
107.5
383.5
1974.5
1116.0
107.5
383.5
1885.0
1066.0
107.5
383.5
1835.0
1016.0
107.5
383.5
1785.0
966.0
107.5
383.5
1735.0
916.0
107.5
383.5
1685.0
866.0
107.5
383.5
1635.0
816.0
107.5
383.5
1585.0
766.0
107.5
383.5
1535.0
716.0
107.5
383.5
1485.0
670.5
107.5
383.5
1430.5
670.5
107.5
383.5
1330.5
670.5
107.5
383.5
1230.5
670.5
107.5
383.5
1130.5
670.5
107.5
383.5
1030.5
670.5
107.5
383.5
930.5
670.5
107.5
383.5
830.5
670.5
107.5
383.5
730.5
670.5
107.5
383.5
630.5
670.5
107.5
383.5
530.5
670.5
107.5
368.5
445.5
670.5
107.5
318.5
395.5
670.5
107.5
268.5
345.5
670.5
107.5
218.5
295.5
670.5
107.5
168.5
245.5
670.5
107.5
118.5
195.5
670.5
107.5
68.5
145.5
670.5
97.0
18.5
106.0
641.0
47.0
-2.0
106.0
590.0
-2.0
-2.0
106.0
490.0
-2.0
-2.0
106.0
390.0
-2.0
-2.0
106.0
290.0
-2.0
-2.0
106.0
196.0
-2.0
-2.0
100.0
146.0
-2.0
-2.0
50.0
96.0
-2.0
-2.0
0.0
-2.0
-2.0
-2.0
-2.0
