2.826698064804077
2.8268394470214844
2.826925039291382
2.826993465423584
3.233644485473633
3.233757972717285
3.2338324785232544
3.2342900037765503
3.6930655241012573
3.693151593208313
3.693734049797058
3.6938326358795166
4.07523500919342
4.075312972068787
4.076493501663208
4.076586961746216
4.664961457252502
4.665093421936035
4.6651763916015625
4.665247917175293
5.0710190534591675
5.072207450866699
5.072304368019104
5.072371959686279
5.507568001747131
5.507660508155823
5.5081915855407715
5.508280038833618
5.841397047042847
5.841472029685974
5.841652989387512
5.841732501983643
6.129812002182007
6.129895925521851
6.130516052246094
6.1306034326553345
6.5782763957977295
6.578391432762146
6.580014944076538
6.581330418586731
6.968090534210205
6.968198537826538
6.968332529067993
6.968415021896362
7.237915515899658
7.238000988960266
7.238072633743286
7.238179087638855
7.646615028381348
7.646696925163269
7.646876931190491
7.646955966949463
7.73296594619751
7.73303759098053
7.733111500740051
7.73317551612854
7.5814865827560425
7.581558108329773
7.581626057624817
7.581690549850464
7.557498931884766
7.557570934295654
7.557637929916382
7.557700872421265
7.543360471725464
7.543431043624878
7.543497085571289
7.5435590744018555
7.784525513648987
7.784597992897034
7.784665942192078
7.784731507301331
7.780543923377991
7.780612945556641
7.780679941177368
7.780742526054382
7.5316208600997925
7.531692385673523
7.531758904457092
7.531822443008423
7.5726319551467896
7.572704076766968
7.572772026062012
7.5728360414505005
7.583720922470093
7.5837929248809814
7.583861947059631
7.58392596244812
7.573621511459351
7.573694109916687
7.573761582374573
7.573827147483826
7.6084489822387695
7.608522415161133
7.608592987060547
7.6086859703063965
7.6610459089279175
7.661128044128418
7.661210060119629
7.6612900495529175
7.597909092903137
7.597980499267578
7.59804904460907
7.598112463951111
7.76133406162262
7.7614054679870605
7.761477470397949
7.761546611785889
7.700070023536682
7.7001858949661255
7.7002739906311035
7.700340986251831
7.77339506149292
7.773542523384094
7.773670077323914
7.774550557136536
7.708990573883057
7.709063172340393
7.709132075309753
7.709195613861084
7.667155504226685
7.667241930961609
7.667313575744629
7.667381048202515
7.619820475578308
7.61989152431488
7.619958519935608
7.620021939277649
7.81511390209198
7.815183997154236
7.815250992774963
7.815313458442688
7.7609639167785645
7.761039853096008
7.7611119747161865
7.761180877685547
7.790579557418823
7.7906506061553955
7.790717601776123
7.790781140327454
7.931406140327454
7.931478500366211
7.931547045707703
7.931612610816956
7.686349511146545
7.686579465866089
7.686789393424988
7.686972498893738
7.609710454940796
7.609781980514526
7.609849452972412
7.609912872314453
7.695901989936829
7.696030616760254
7.696209073066711
7.6963911056518555
7.8240580558776855
7.824126601219177
7.824193596839905
7.824261546134949
7.954844951629639
7.954914569854736
7.954980134963989
7.955042600631714
8.123726963996887
8.123896360397339
8.123976945877075
8.124045491218567
7.853461503982544
7.853548049926758
7.853615999221802
7.853690981864929
8.105023503303528
8.105119943618774
8.10520851612091
8.105276942253113
8.259506106376648
8.259588479995728
8.259657979011536
8.259734511375427
8.323200345039368
8.323294401168823
8.323365926742554
8.323548913002014
8.290989518165588
8.291171431541443
8.291256546974182
8.291324019432068
8.153279066085815
8.153351545333862
8.153420090675354
8.153483152389526
8.352687954902649
8.352758884429932
8.352826356887817
8.352888345718384
8.238254070281982
8.245905041694641
8.246010065078735
8.246119499206543
8.412469506263733
8.412547945976257
8.41266143321991
8.412742972373962
8.196906566619873
8.196977019309998
8.197087049484253
8.197154521942139
8.350363969802856
8.350433468818665
8.350505352020264
8.350572943687439
8.248463034629822
8.248533964157104
8.248602986335754
8.248666048049927
8.342681527137756
8.342750549316406
8.342819571495056
8.342882990837097
8.492366313934326
8.492434978485107
8.492501497268677
8.492564916610718
9.007771134376526
9.007843613624573
9.007911086082458
9.0079745054245
9.267415046691895
9.26748251914978
9.267548084259033
9.267611622810364
8.613541603088379
8.61361050605774
8.613678574562073
8.613741993904114
8.408322930335999
8.408390522003174
8.408456444740295
8.408518552780151
9.141085505485535
9.141154527664185
9.141221523284912
9.141283988952637
8.943054437637329
8.943123817443848
8.943190932273865
8.943252921104431
8.387605547904968
8.38767397403717
8.387740015983582
8.387814402580261
8.761529922485352
8.761606931686401
8.761678457260132
8.76174545288086
8.693568587303162
8.693638563156128
8.693711519241333
8.69377601146698
8.436024904251099
8.436131477355957
8.436212062835693
8.436278462409973
8.390439987182617
8.390511512756348
8.390585541725159
8.39065408706665
8.524065494537354
8.524136543273926
8.524202466011047
8.524265050888062
8.592328071594238
8.592398524284363
8.592464447021484
8.592527031898499
8.872028946876526
8.872099041938782
8.872168064117432
8.872230529785156
8.564586639404297
8.564658045768738
8.564726114273071
8.564789056777954
8.521286487579346
8.521355509757996
8.521423101425171
8.521486520767212
8.599854946136475
8.599925518035889
8.599991083145142
8.600053071975708
9.726772546768188
9.726844429969788
9.726912021636963
9.726974129676819
9.737164497375488
9.73723554611206
9.737344145774841
9.737410545349121
9.354755401611328
9.354826927185059
9.35489284992218
9.354954361915588
9.40715205669403
9.407227516174316
9.407297492027283
9.40736198425293
9.421101093292236
9.42117154598236
9.421239018440247
9.421301007270813
9.406902074813843
9.406973600387573
9.407042503356934
9.407108068466187
9.391115427017212
9.39118754863739
9.39126455783844
9.391332983970642
9.47145402431488
9.471526026725769
9.471594095230103
9.471657514572144
9.589758396148682
9.589828491210938
9.589896440505981
9.589958548545837
9.541547060012817
9.541650652885437
9.54172396659851
9.541804075241089
9.92278003692627
9.922850966453552
9.922917485237122
9.922979474067688
9.954045534133911
9.9541175365448
9.954190015792847
9.95425295829773
9.60347592830658
9.60354995727539
9.603621482849121
9.603684902191162
9.989565968513489
9.989678025245667
9.989750623703003
9.989816069602966
9.579270958900452
9.579341530799866
9.579408526420593
9.57947051525116
9.963165640830994
9.963244557380676
9.963342547416687
9.963413953781128
9.601926684379578
9.602001070976257
9.602069973945618
9.602134585380554
10.49459993839264
10.494688987731934
10.49475646018982
10.49481999874115
10.458943009376526
10.459016561508179
10.459083080291748
10.459145426750183
10.523502469062805
10.523614883422852
10.523682475090027
10.523749947547913
10.429151892662048
10.429239869117737
10.429375410079956
10.429462432861328
10.561637043952942
10.561788439750671
10.561875462532043
10.561993598937988
10.572592616081238
10.572781562805176
10.572891473770142
10.57296109199524
10.572160482406616
10.57223355770111
10.5722975730896
10.572367906570435
10.538869500160217
10.538968563079834
10.539036989212036
10.53910493850708
10.68457567691803
10.684666633605957
10.684736609458923
10.685010075569153
10.64040195941925
10.640554547309875
10.640686988830566
10.640899538993835
10.719254493713379
10.720454931259155
10.720780968666077
10.72085702419281
10.711003541946411
10.711077451705933
10.711142897605896
10.71120798587799
10.664910435676575
10.66498601436615
10.665051341056824
10.66511881351471
10.702666997909546
10.702738165855408
10.702802062034607
10.702865600585938
10.594221472740173
10.594295024871826
10.594359517097473
10.59442400932312
10.684771537780762
10.684844017028809
10.68491506576538
10.684983491897583
10.778319001197815
10.778395533561707
10.778463006019592
10.77853000164032
10.76697850227356
10.767068028450012
10.767336010932922
10.767415046691895
10.749561429023743
10.749635457992554
10.749701380729675
10.749765396118164
10.752318382263184
10.752407431602478
10.75247597694397
10.752583503723145
10.825180053710938
10.825312614440918
10.825384020805359
10.825450539588928
10.877320528030396
10.87740445137024
10.877475500106812
10.87754499912262
10.852186560630798
10.85253655910492
10.852618098258972
10.852760553359985
10.858398079872131
10.85857355594635
10.85871946811676
10.858798503875732
10.944944024085999
10.945041060447693
10.945419549942017
10.945794582366943
11.027629971504211
11.027735471725464
11.027820467948914
11.027949452400208
11.17306101322174
11.173140048980713
11.17321503162384
11.173281073570251
11.283411622047424
11.283550500869751
11.283714532852173
11.283795475959778
11.257514953613281
11.257612943649292
11.257686018943787
11.25776195526123
11.305150032043457
11.305238485336304
11.305315136909485
11.305541038513184
11.320414066314697
11.320511937141418
11.320582032203674
11.320651531219482
11.247230052947998
11.247308492660522
11.24737811088562
11.2474604845047
11.46495246887207
11.465043544769287
11.465121507644653
11.465195059776306
11.409811019897461
11.410041451454163
11.410160899162292
11.410243391990662
11.64296305179596
11.643051028251648
11.643126964569092
11.643218517303467
11.58974301815033
11.589866995811462
11.590001583099365
11.590085625648499
11.9637690782547
11.9639390707016
11.964068531990051
11.96430253982544
11.559673428535461
11.559772849082947
11.559852838516235
11.559934377670288
11.617968082427979
11.61804461479187
11.618112564086914
11.618179559707642
12.230467915534973
12.230554461479187
12.230905890464783
12.231013417243958
12.281595587730408
12.281822443008423
12.281932592391968
12.282100081443787
11.890630602836609
11.890708088874817
11.89077603816986
11.890843510627747
11.755397915840149
11.755489468574524
11.75555944442749
11.755627989768982
12.151132464408875
12.151211023330688
12.15127944946289
12.15134596824646
11.73593556880951
11.73601746559143
11.736217021942139
11.736322522163391
11.861144542694092
11.861298441886902
11.861395001411438
11.861470103263855
11.824066400527954
11.824158549308777
11.824230432510376
11.824301481246948
12.350905060768127
12.351004481315613
12.351133465766907
12.35122799873352
12.253641605377197
12.25374460220337
12.253848552703857
12.253981113433838
11.90280294418335
11.902896523475647
11.902970552444458
11.903040051460266
12.512950897216797
12.513065934181213
12.513149380683899
12.513277411460876
12.179750442504883
12.17982542514801
12.179960012435913
12.18004047870636
12.295776009559631
12.295858025550842
12.295926570892334
12.295995473861694
12.548197031021118
12.548288583755493
12.548358082771301
12.548424124717712
12.636772513389587
12.636849045753479
12.636920094490051
12.636988520622253
12.2910795211792
12.291179418563843
12.291267037391663
12.291364073753357
12.095404505729675
12.09548044204712
12.095547914505005
12.095616936683655
12.241028428077698
12.241113543510437
12.241222500801086
12.241293549537659
12.324773907661438
12.324849486351013
12.32493543624878
12.32500147819519
12.273134112358093
12.273223519325256
12.27328896522522
12.273372530937195
12.53112542629242
12.531243920326233
12.531421422958374
12.531515002250671
12.675427556037903
12.675501942634583
12.675569534301758
12.675634503364563
12.799131512641907
12.79920744895935
12.799275517463684
12.799340963363647
12.604965567588806
12.605043530464172
12.6051105260849
12.605176568031311
12.322087049484253
12.322162508964539
12.322229981422424
12.322295546531677
12.497092604637146
12.497179985046387
12.497248530387878
12.49731457233429
12.418655037879944
12.418730974197388
12.418800473213196
12.418869495391846
12.925526976585388
12.925601482391357
12.925668954849243
12.92573606967926
12.761300563812256
12.761375069618225
12.761440992355347
12.76399052143097
13.350144028663635
13.350219488143921
13.350284576416016
13.350350022315979
13.195117950439453
13.195194005966187
13.195258975028992
13.19537341594696
13.242454528808594
13.242530465126038
13.242595434188843
13.242663025856018
13.514331579208374
13.514405012130737
13.514469504356384
13.514533996582031
13.569945931434631
13.570024371147156
13.570088863372803
13.570154428482056
13.521018385887146
13.521120429039001
13.521188497543335
13.521255493164062
13.532289624214172
13.53236711025238
13.532567024230957
13.532737493515015
13.648672461509705
13.648748397827148
13.648812890052795
13.6488778591156
13.4184889793396
13.418566942214966
13.41863238811493
13.418697476387024
13.494158148765564
13.494234681129456
13.494299054145813
13.494386076927185
13.589064955711365
13.589138388633728
13.589251399040222
13.589329361915588
13.628129601478577
13.628207564353943
13.628273010253906
13.628340005874634
13.673246026039124
13.673378944396973
13.673454523086548
13.67352545261383
13.623134851455688
13.623225450515747
13.623292446136475
13.623360395431519
13.64179241657257
13.641911387443542
13.641984462738037
13.642052412033081
13.743427515029907
13.743502020835876
13.743566632270813
13.74363100528717
13.542119979858398
13.542195916175842
13.542260527610779
13.542325019836426
13.617185950279236
13.61726200580597
13.617327451705933
13.617397904396057
14.09255063533783
14.092651605606079
14.092744588851929
14.092820525169373
13.610298991203308
13.6103755235672
13.610440135002136
13.610505104064941
13.581443548202515
13.581525087356567
13.58159852027893
13.581666946411133
13.792934894561768
13.79300856590271
13.793073534965515
13.79313850402832
13.727984547615051
13.728076100349426
13.72814166545868
13.728210091590881
13.771865010261536
13.771939992904663
13.77200448513031
13.772109508514404
13.715235471725464
13.715309977531433
13.715427994728088
13.715503573417664
13.61095643043518
13.611032366752625
13.611096858978271
13.611162543296814
14.236263155937195
14.236375570297241
14.236444115638733
14.23651111125946
13.83223307132721
13.832483053207397
13.83257246017456
13.832640051841736
13.626554369926453
13.626665472984314
13.626734972000122
13.626804947853088
13.867897033691406
13.867973446846008
13.868039011955261
13.868105053901672
14.126307010650635
14.126381516456604
14.126447439193726
14.126513004302979
13.732351541519165
13.732426404953003
13.73249101638794
13.732555985450745
13.844505667686462
13.84458601474762
13.844670534133911
13.844757556915283
14.427364587783813
14.427453637123108
14.427520632743835
14.427646040916443
14.34499740600586
14.345075368881226
14.345144867897034
14.345210552215576
14.018130779266357
14.018208384513855
14.01827335357666
14.018341898918152
14.16835904121399
14.168441534042358
14.16851007938385
14.168587565422058
14.384987115859985
14.38506305217743
14.385129570960999
14.3851979970932
14.048864006996155
14.048937559127808
14.049002051353455
14.049068570137024
13.942388653755188
13.942500591278076
13.942575097084045
13.942643523216248
14.440251350402832
14.44036340713501
14.440433979034424
14.440543413162231
15.019341945648193
15.019418954849243
15.019484996795654
15.01954698562622
15.024845480918884
15.024923086166382
15.024989008903503
15.025412559509277
15.03196096420288
15.032035946846008
15.032100439071655
15.032161951065063
14.984623551368713
14.984699487686157
14.984764456748962
14.984825491905212
15.092122077941895
15.092197060585022
15.092262029647827
15.092324018478394
15.072046875953674
15.072122931480408
15.072188377380371
15.072249412536621
15.119457483291626
15.119534492492676
15.119621515274048
15.119683504104614
15.055649042129517
15.055732011795044
15.055802583694458
15.055866003036499
15.383211493492126
15.383288502693176
15.38335406780243
15.383414506912231
15.324372410774231
15.32444941997528
15.324513912200928
15.324575901031494
15.36121952533722
15.361297965049744
15.361363530158997
15.361425995826721
15.337608575820923
15.337686657905579
15.33775269985199
15.337817549705505
15.39171040058136
15.3917955160141
15.391861915588379
15.391954898834229
15.337535977363586
15.337611556053162
15.337714076042175
15.337779998779297
15.26775050163269
15.267825603485107
15.267890572547913
15.267951607704163
15.318847060203552
15.318951487541199
15.319021463394165
15.31908392906189
15.147416949272156
15.147490859031677
15.147555470466614
15.14761745929718
15.161583423614502
15.161709547042847
15.161787509918213
15.161852478981018
15.169134497642517
15.169211506843567
15.169277548789978
15.169340014457703
15.18611991405487
15.186200499534607
15.186266899108887
15.186328411102295
15.575224041938782
15.575303554534912
15.575400471687317
15.575482487678528
15.474338412284851
15.47447144985199
15.47454059123993
15.474603533744812
15.571560502052307
15.571640014648438
15.571740984916687
15.571808934211731
15.583984971046448
15.584061026573181
15.584125995635986
15.584202885627747
15.576671481132507
15.57681393623352
15.576940536499023
15.577108502388
15.643901467323303
15.643977880477905
15.644043326377869
15.644108414649963
15.511602878570557
15.511786341667175
15.511873483657837
15.511942386627197
15.175902485847473
15.17599642276764
15.176063418388367
15.176126956939697
15.653448939323425
15.653527021408081
15.653591513633728
15.653652548789978
15.779716491699219
15.779955983161926
15.780064463615417
15.780144453048706
15.843300461769104
15.84340751171112
15.843475461006165
15.843538045883179
15.825407862663269
15.825536012649536
15.82560396194458
15.825666427612305
15.911695003509521
15.91177237033844
15.911837339401245
15.91189992427826
16.38467001914978
16.38474190235138
16.384816527366638
16.38487994670868
16.443445920944214
16.44351899623871
16.443584084510803
16.443645000457764
16.57987654209137
16.5799480676651
16.580013036727905
16.58007502555847
16.490559458732605
16.4906405210495
16.490705609321594
16.490767002105713
16.52795648574829
16.528026461601257
16.528088927268982
16.528148412704468
16.43268859386444
16.432766556739807
16.432829976081848
16.432891130447388
16.45884644985199
16.458919405937195
16.458982944488525
16.459044456481934
16.468717098236084
16.468789100646973
16.468852639198303
16.468913078308105
16.542914032936096
16.542983412742615
16.54304587841034
16.543105006217957
16.6440669298172
16.644136428833008
16.644197463989258
16.64425539970398
16.57437491416931
16.574442505836487
16.574503421783447
16.57456147670746
16.489557027816772
16.489628434181213
16.489696502685547
16.48975646495819
16.63273799419403
16.63282287120819
16.63288700580597
16.632946491241455
16.585280418395996
16.58536195755005
16.58550000190735
16.585569977760315
16.66119146347046
16.661261916160583
16.66132390499115
16.661382913589478
16.580525636672974
16.580596089363098
16.580657601356506
16.580716013908386
16.721213340759277
16.72140598297119
16.721473932266235
16.7215393781662
16.787362098693848
16.78763210773468
16.787740111351013
16.787816524505615
16.7511305809021
16.751198053359985
16.751258492469788
16.751317024230957
16.71700143814087
16.717097878456116
16.717166900634766
16.717233896255493
16.70702052116394
16.70708954334259
16.707151055336
16.70720899105072
16.580870389938354
16.580970406532288
16.581033945083618
16.581093430519104
16.54816448688507
16.548238039016724
16.548300981521606
16.548359990119934
16.55996060371399
16.56002962589264
16.56009006500244
16.560147523880005
16.743006587028503
16.74307405948639
16.74313509464264
16.74319350719452
16.887372493743896
16.88744056224823
16.88750147819519
16.8875595331192
16.73437201976776
16.73443853855133
16.734498500823975
16.734556555747986
16.554715991020203
16.554786920547485
16.554848432540894
16.55490732192993
16.954496026039124
16.954567909240723
16.954628944396973
16.954687476158142
16.7927964925766
16.792864441871643
16.792925477027893
16.792983531951904
16.980989456176758
16.981058955192566
16.98115086555481
16.981281995773315
17.01036047935486
17.010428547859192
17.010489583015442
17.010547995567322
16.905557513237
16.905628442764282
16.90569043159485
16.905749917030334
16.943429470062256
16.94349956512451
16.94356095790863
16.94362246990204
16.643372416496277
16.643441557884216
16.643508553504944
16.643567442893982
16.58130693435669
16.58138394355774
16.581446886062622
16.581511855125427
16.915841460227966
16.915912985801697
16.91597545146942
16.916035056114197
17.172404527664185
17.172554969787598
17.172651529312134
17.17279350757599
17.264623522758484
17.264705538749695
17.264943957328796
17.265024542808533
17.07436215877533
17.074432015419006
17.074504613876343
17.07460308074951
16.94414758682251
16.94423747062683
16.944303035736084
16.94436204433441
17.02993607521057
17.030092477798462
17.03015899658203
17.03022050857544
16.997024536132812
16.997124552726746
16.997190594673157
16.99728751182556
17.09320104122162
17.093279600143433
17.093345522880554
17.093411564826965
17.19761562347412
17.197763562202454
17.197832107543945
17.197945594787598
17.158004999160767
17.158074975013733
17.15813648700714
17.1582213640213
17.21138286590576
17.21146845817566
17.211541891098022
17.211602449417114
17.277326941490173
17.27739644050598
17.27745795249939
17.277534008026123
17.236334562301636
17.236402988433838
17.236464977264404
17.236523985862732
17.227010488510132
17.227085947990417
17.227152943611145
17.22722053527832
17.28813898563385
17.288228034973145
17.288344025611877
17.28840708732605
17.403937101364136
17.404025077819824
17.404110074043274
17.404181122779846
17.529677033424377
17.529747009277344
17.52980899810791
17.52986752986908
17.476930141448975
17.47701859474182
17.477084040641785
17.477171540260315
17.512022018432617
17.512091517448425
17.51215410232544
17.512212991714478
17.531520009040833
17.531590461730957
17.531768441200256
17.531983017921448
17.492823481559753
17.4929119348526
17.492976427078247
17.49303698539734
17.59622347354889
17.59629201889038
17.59635305404663
17.596413016319275
17.53119444847107
17.53126347064972
17.53132450580597
17.53138303756714
17.404600977897644
17.404678463935852
17.40476393699646
17.404861450195312
17.461902499198914
17.46202552318573
17.462139010429382
17.46221697330475
17.90516185760498
17.905367851257324
17.905439972877502
17.905832886695862
17.63621151447296
17.636439561843872
17.636502146720886
17.6365784406662
17.820262551307678
17.8203284740448
17.820388078689575
17.820444583892822
18.001444458961487
18.001514434814453
18.00157642364502
18.001633405685425
17.786256432533264
17.786324977874756
17.786386489868164
17.786444902420044
17.9467910528183
17.94685697555542
17.94692099094391
17.94697856903076
18.227357625961304
18.227452635765076
18.227559089660645
18.227657556533813
18.34548556804657
18.345568537712097
18.345630526542664
18.345842123031616
18.270034551620483
18.27010202407837
18.270161628723145
18.270219087600708
18.180786967277527
18.180854558944702
18.1809139251709
18.180972933769226
18.522707104682922
18.52277708053589
18.522837042808533
18.522895574569702
18.565962433815002
18.566030859947205
18.566091895103455
18.566211342811584
18.500481963157654
18.500548005104065
18.500607013702393
18.500662922859192
18.439810037612915
18.439880967140198
18.439942955970764
18.440026998519897
18.366327047348022
18.366393566131592
18.36645245552063
18.36650848388672
18.589395403862
18.589468836784363
18.58957588672638
18.589639902114868
18.760220050811768
18.76028609275818
18.760344982147217
18.760401010513306
18.74634850025177
18.74661147594452
18.74670147895813
18.74678945541382
18.809759974479675
18.80982494354248
18.809903860092163
18.80996036529541
18.784101009368896
18.784168601036072
18.78422999382019
18.784286499023438
18.719890475273132
18.71995496749878
18.7200129032135
18.720069408416748
18.9548659324646
18.954941034317017
18.95500147342682
18.955057978630066
18.538663029670715
18.53873300552368
18.538793087005615
18.538878560066223
18.62122106552124
18.62135648727417
18.62147045135498
18.621717929840088
18.89467692375183
18.894774317741394
18.894837856292725
18.89489495754242
19.114521503448486
19.11458992958069
19.114652395248413
19.114710450172424
18.881969571113586
18.88205862045288
18.882121562957764
18.882208108901978
19.186947464942932
19.187011003494263
19.187068939208984
19.187124967575073
19.392170429229736
19.39224648475647
19.392307996749878
19.392446517944336
18.870321393013
18.87064290046692
18.870729327201843
18.870793342590332
19.17400360107422
19.17411458492279
19.17417550086975
19.174355506896973
19.460904002189636
19.461129426956177
19.46137309074402
19.46144151687622
19.152251958847046
19.15234398841858
19.152406573295593
19.152464032173157
18.94890308380127
18.94897150993347
18.949032068252563
18.949092030525208
19.475542545318604
19.47562050819397
19.475682497024536
19.475807428359985
19.405889868736267
19.405956387519836
19.40601646900177
19.406072974205017
19.903064012527466
19.903154969215393
19.903215408325195
19.903275966644287
19.62333059310913
19.623417139053345
19.62347662448883
19.623571634292603
19.356584072113037
19.356649041175842
19.35670804977417
19.356764554977417
19.695913076400757
19.695980548858643
19.69604504108429
19.696101546287537
20.33063292503357
20.33069896697998
20.33075749874115
20.330812454223633
20.42584002017975
20.42590606212616
20.425965547561646
20.426021456718445
20.55809199810028
20.558157086372375
20.558215975761414
20.558272004127502
20.482442498207092
20.482514023780823
20.482574582099915
20.48263156414032
20.476479411125183
20.476543426513672
20.476601481437683
20.476657032966614
20.365360617637634
20.36542809009552
20.365487575531006
20.365634560585022
20.723681449890137
20.72377908229828
20.72385001182556
20.7239089012146
20.348734974861145
20.348885893821716
20.34894895553589
20.349007964134216
20.291441559791565
20.291553497314453
20.291679620742798
20.2917400598526
20.886759996414185
20.88700008392334
20.887333035469055
20.88757598400116
20.608031511306763
20.608126521110535
20.608229637145996
20.608294129371643
20.6662700176239
20.66634213924408
20.666402101516724
20.666460156440735
20.761568069458008
20.76163601875305
20.76169502735138
20.761752009391785
20.614692449569702
20.614812970161438
20.61493194103241
20.61505436897278
20.667114973068237
20.667181968688965
20.66729998588562
20.66738736629486
21.21391248703003
21.213979959487915
21.214038848876953
21.21409583091736
21.091699957847595
21.091813564300537
21.091930031776428
21.091996431350708
20.507574439048767
20.507638931274414
20.50769793987274
20.507753372192383
20.70067000389099
20.70080602169037
20.700894594192505
20.70095205307007
20.815832018852234
20.81589698791504
20.81595551967621
20.816011905670166
21.114030480384827
21.114099383354187
21.11415994167328
21.11425793170929
21.077327013015747
21.077404499053955
21.077465891838074
21.077523946762085
20.997878909111023
20.997970938682556
20.99803340435028
20.998108506202698
20.6856529712677
20.685720443725586
20.685779929161072
20.685836911201477
20.879920482635498
20.879987955093384
20.88008403778076
20.880159497261047
21.069494605064392
21.069563031196594
21.06966996192932
21.06972897052765
21.073317885398865
21.073384404182434
21.07344341278076
21.073498964309692
21.191070437431335
21.19113802909851
21.191197991371155
21.191254019737244
20.933279633522034
20.933345556259155
20.933404564857483
20.933463096618652
20.997546434402466
20.99761700630188
20.997796893119812
20.99792504310608
21.025738954544067
21.025804042816162
21.0258629322052
21.02592146396637
21.335126519203186
21.335204482078552
21.335323452949524
21.33542251586914
21.410276055336
21.41037607192993
21.41044056415558
21.41049897670746
21.434475541114807
21.43454086780548
21.434604048728943
21.4346604347229
21.0982666015625
21.098336458206177
21.098395943641663
21.09845244884491
21.471214056015015
21.471283555030823
21.471343994140625
21.47140145301819
21.395158529281616
21.39522409439087
21.395283460617065
21.395344138145447
21.363898992538452
21.36396598815918
21.364025592803955
21.364087104797363
21.32253396511078
21.32261347770691
21.32267391681671
21.322731852531433
21.6434268951416
21.643495440483093
21.643555521965027
21.643611907958984
21.455191016197205
21.455952048301697
21.456032037734985
21.45609152317047
21.502650022506714
21.50318455696106
21.50325858592987
21.503318071365356
21.494410395622253
21.49447786808014
21.494536995887756
21.49459993839264
21.415078043937683
21.41514503955841
21.415205597877502
21.41526210308075
21.527333974838257
21.527449011802673
21.527519941329956
21.52759850025177
21.51694357395172
21.517033100128174
21.517160534858704
21.517220497131348
22.08118200302124
22.081256985664368
22.081318616867065
22.08137857913971
21.642656922340393
21.642758011817932
21.642820477485657
21.642878532409668
21.831998109817505
21.83208703994751
21.832156538963318
21.832215547561646
22.056029438972473
22.05609655380249
22.05615544319153
22.056211471557617
21.891782522201538
21.891850471496582
21.8919095993042
21.891966581344604
22.335551619529724
22.33562469482422
22.335686087608337
22.33580756187439
21.9754456281662
21.97551465034485
21.975581526756287
21.975641012191772
22.077990651130676
22.078064560890198
22.07812511920929
22.07818305492401
21.82481598854065
21.82488441467285
21.82494342327118
21.824999928474426
22.064797520637512
22.064911484718323
22.064985394477844
22.065046429634094
22.017074465751648
22.017159461975098
22.017222046852112
22.017278909683228
22.239374041557312
22.239441514015198
22.239500045776367
22.23955547809601
22.197567105293274
22.19765067100525
22.197712540626526
22.19777262210846
22.237553000450134
22.237622022628784
22.237740874290466
22.237884998321533
22.030250072479248
22.03042507171631
22.03058362007141
22.030677437782288
22.397578597068787
22.39764904975891
22.39771008491516
22.397768139839172
22.514858961105347
22.514988899230957
22.515073895454407
22.5151309967041
22.92794895172119
22.928027510643005
22.92809307575226
22.928150057792664
22.934144973754883
22.93424904346466
22.934314966201782
22.934422969818115
22.511240005493164
22.511305451393127
22.511364459991455
22.511420011520386
22.46065044403076
22.460745453834534
22.46080756187439
22.4609295129776
22.794078469276428
22.79414451122284
22.794203519821167
22.794260025024414
22.649777054786682
22.64984405040741
22.649903893470764
22.64996087551117
22.68685555458069
22.68692648410797
22.687292098999023
22.68735706806183
22.96748161315918
22.967546463012695
22.96760654449463
22.967662572860718
23.311104893684387
23.31117296218872
23.311233401298523
23.31131386756897
23.089415550231934
23.089484095573425
23.089545488357544
23.089611053466797
22.91329550743103
22.913363099098206
22.913423538208008
22.913480520248413
23.388805389404297
23.38887906074524
23.388939380645752
23.388995885849
23.099668502807617
23.099735021591187
23.09979557991028
23.099852442741394
23.132781982421875
23.132850527763367
23.132912039756775
23.132972598075867
23.092167496681213
23.0922349691391
23.092294931411743
23.092352032661438
23.045812964439392
23.045880556106567
23.045939445495605
23.045995473861694
22.965896487236023
22.965967893600464
22.96603500843048
22.966093063354492
23.207260131835938
23.207327604293823
23.20738649368286
23.20744252204895
23.122119903564453
23.122559428215027
23.12262451648712
23.12268304824829
23.407907009124756
23.40801453590393
23.408076524734497
23.408134937286377
23.349722504615784
23.349972367286682
23.350041031837463
23.35010004043579
23.60937738418579
23.609445929527283
23.609511017799377
23.60956847667694
23.75492298603058
23.754990100860596
23.755048990249634
23.75510597229004
23.812448501586914
23.8125159740448
23.812575459480286
23.812633514404297
23.65412700176239
23.654343008995056
23.654404401779175
23.654462456703186
23.57060444355011
23.570714473724365
23.570775032043457
23.570873022079468
23.765369057655334
23.765436053276062
23.765531539916992
23.765592575073242
23.455344438552856
23.455410480499268
23.455469012260437
23.455525994300842
23.63547194004059
23.635538458824158
23.635636925697327
23.63572895526886
23.714480996131897
23.714550018310547
23.714611053466797
23.71466898918152
23.898955464363098
23.899022579193115
23.899081468582153
23.89913845062256
23.747395515441895
23.747462153434753
23.74760353565216
23.747684121131897
24.05672597885132
24.056803464889526
24.056885957717896
24.056943893432617
24.120238542556763
24.120311975479126
24.120371460914612
24.12042796611786
24.157405018806458
24.157477974891663
24.157539010047913
24.157596468925476
24.105802059173584
24.105905532836914
24.105990529060364
24.106050491333008
24.020520567893982
24.020586490631104
24.020645022392273
24.02070140838623
24.237555503845215
24.23762047290802
24.23767900466919
24.23773455619812
24.519141912460327
24.519237399101257
24.519302368164062
24.519360899925232
24.46954905986786
24.46965253353119
24.469714999198914
24.4697744846344
24.510674953460693
24.51075804233551
24.510820031166077
24.510878443717957
24.74076998233795
24.74083650112152
24.74089550971985
24.740952968597412
24.466370940208435
24.46643853187561
24.46662449836731
24.46673595905304
24.440847516059875
24.440924048423767
24.44098448753357
24.44115400314331
24.667511105537415
24.667576551437378
24.667635560035706
24.667691588401794
24.986095070838928
24.98616647720337
24.9862300157547
24.986294150352478
24.930243015289307
24.930325508117676
24.9303879737854
24.930508971214294
24.966144919395447
24.96628749370575
24.96635341644287
24.96641194820404
24.87702512741089
24.877110600471497
24.877177596092224
24.877238154411316
25.114538431167603
25.114748001098633
25.114832401275635
25.114944458007812
25.116808533668518
25.11688196659088
25.116943955421448
25.117007970809937
25.105513095855713
25.105581998825073
25.105643033981323
25.10571002960205
25.09282946586609
25.09290599822998
25.09299099445343
25.094026923179626
25.016401052474976
25.0164715051651
25.016531944274902
25.016597032546997
25.564141511917114
25.564228415489197
25.564296007156372
25.564358949661255
25.501261949539185
25.50135099887848
25.50141143798828
25.501468896865845
25.443652510643005
25.44390845298767
25.443997502326965
25.444072604179382
25.434802889823914
25.434868931770325
25.434927463531494
25.434983491897583
25.368808031082153
25.36890995502472
25.368973970413208
25.369066953659058
25.652845859527588
25.652915954589844
25.652975916862488
25.65303647518158
25.678130626678467
25.678227066993713
25.678327679634094
25.678395628929138
25.847066640853882
25.847159504890442
25.847221612930298
25.847295999526978
25.788658499717712
25.788727521896362
25.788787484169006
25.788845419883728
25.71743643283844
25.71751892566681
25.717593908309937
25.71781599521637
25.652950882911682
25.653029918670654
25.653090476989746
25.65314793586731
25.950101017951965
25.950225949287415
25.95029604434967
25.95037353038788
26.001858949661255
26.001925468444824
26.001984477043152
26.002045512199402
26.264868021011353
26.264932513237
26.26499056816101
26.265047073364258
26.201024055480957
26.201089024543762
26.20114755630493
26.20120358467102
26.116902112960815
26.1169935464859
26.11707603931427
26.117163062095642
26.316500544548035
26.316566467285156
26.316625595092773
26.31668210029602
26.36917209625244
26.369240045547485
26.369299054145813
26.369356513023376
26.23588740825653
26.235998034477234
26.23606050014496
26.23621952533722
26.154726028442383
26.15479302406311
26.154853463172913
26.154909372329712
26.0449401140213
26.045005083084106
26.04506504535675
26.04512107372284
26.175281405448914
26.175347447395325
26.175406336784363
26.175467371940613
26.268436551094055
26.268503546714783
26.26856303215027
26.26861846446991
26.742895483970642
26.74296247959137
26.743021965026855
26.74307894706726
26.690078496932983
26.690176010131836
26.69024348258972
26.690301060676575
26.61506450176239
26.61512851715088
26.61518704891205
26.615247011184692
26.537466049194336
26.53753352165222
26.5375919342041
26.53764796257019
26.491522431373596
26.491706490516663
26.49177348613739
26.4918315410614
26.412663459777832
26.412734985351562
26.412794947624207
26.41287636756897
26.355570077896118
26.355637073516846
26.3556969165802
26.355753898620605
26.628020524978638
26.628089427947998
26.628149032592773
26.62820601463318
26.534791469573975
26.53487002849579
26.534966468811035
26.535027027130127
26.797348022460938
26.797418475151062
26.79751491546631
26.797595500946045
26.727354049682617
26.727428555488586
26.727490067481995
26.72754657268524
26.87219548225403
26.87233543395996
26.872434496879578
26.87252700328827
26.849262475967407
26.849406003952026
26.849467992782593
26.849524974822998
26.781134486198425
26.781203866004944
26.78126335144043
26.781348824501038
26.684945583343506
26.68501102924347
26.685070514678955
26.685126543045044
26.683578491210938
26.68364655971527
26.683706164360046
26.683762192726135
26.76757800579071
26.767682552337646
26.767744541168213
26.76780104637146
27.051068544387817
27.051162004470825
27.05122697353363
27.0512855052948
27.385727524757385
27.3857980966568
27.38585901260376
27.38618755340576
27.326202869415283
27.32627046108246
27.326330304145813
27.326388478279114
27.265949010849
27.266036868095398
27.266101956367493
27.266159415245056
27.21152091026306
27.21162450313568
27.211723923683167
27.21182143688202
27.235189080238342
27.235265493392944
27.23532545566559
27.235381960868835
27.152216911315918
27.152281403541565
27.152338981628418
27.152395963668823
27.013170957565308
27.013238430023193
27.013298392295837
27.013356924057007
26.97450590133667
26.974575400352478
26.974695920944214
26.974764943122864
