3.2207300066947937
3.2208065390586853
3.220903992652893
3.220964550971985
3.6526697874069214
3.65273654460907
3.6527900099754333
3.652840554714203
3.5364186763763428
3.5368009209632874
3.536866247653961
3.5369369983673096
3.647367238998413
3.647424280643463
3.6474759578704834
3.6475327014923096
3.7998130321502686
3.7999017238616943
3.7999995350837708
3.800072491168976
3.8155009150505066
3.815661907196045
3.8157262206077576
3.815998136997223
3.7517129778862
3.7518280148506165
3.7518895268440247
3.752042233943939
3.696303427219391
3.6963729858398438
3.6964975595474243
3.6965630054473877
3.7012802958488464
3.701351523399353
3.7014070749282837
3.701460540294647
3.902582287788391
3.902655303478241
3.902711510658264
3.9028162360191345
3.6708473563194275
3.670918822288513
3.6709760427474976
3.6711745262145996
3.580463469028473
3.5805179476737976
3.5805917382240295
3.5806475281715393
3.5649410486221313
3.5650013089179993
3.5650577545166016
3.565112054347992
3.4894266724586487
3.48948872089386
3.489550471305847
3.4896389842033386
4.148092269897461
4.148181796073914
4.148266494274139
4.148323476314545
4.126259982585907
4.126346945762634
4.126412212848663
4.126509249210358
4.16060745716095
4.160673975944519
4.160760402679443
4.160821259021759
4.0604857206344604
4.060557723045349
4.06072199344635
4.060824751853943
4.14207398891449
4.142156481742859
4.142230987548828
4.142429530620575
4.048163294792175
4.048252463340759
4.048315227031708
4.048469543457031
4.05897843837738
4.05904746055603
4.05922794342041
4.059293508529663
4.525345504283905
4.525426208972931
4.52637106180191
4.526439011096954
4.246730744838715
4.246796250343323
4.2468737959861755
4.2469505071640015
4.347095012664795
4.347160756587982
4.347218036651611
4.34730327129364
4.499386548995972
4.499450266361237
4.499508023262024
4.499566495418549
4.470363974571228
4.470432221889496
4.470525741577148
4.470604956150055
4.422228276729584
4.422307550907135
4.422399282455444
4.422459721565247
4.259147226810455
4.259235680103302
4.259306192398071
4.259420275688171
4.23651522397995
4.236584544181824
4.237039506435394
4.24076920747757
4.845976769924164
4.846091687679291
4.846163272857666
4.846321761608124
4.748624742031097
4.748763740062714
4.748826682567596
4.748905420303345
4.9433422684669495
4.94340306520462
4.943478763103485
4.943557322025299
4.835225164890289
4.835287392139435
4.8385129570961
4.838578402996063
4.807683050632477
4.80818784236908
4.808260858058929
4.808344066143036
5.09400600194931
5.094095766544342
5.094189286231995
5.094250559806824
5.076063752174377
5.076153516769409
5.076273739337921
5.076369762420654
4.987086713314056
4.987156689167023
4.987253189086914
4.987341225147247
5.013932764530182
5.014001488685608
5.014055013656616
5.014139413833618
5.0100239515304565
5.0101107358932495
5.010171473026276
5.010658442974091
4.909319341182709
4.90938925743103
4.909480571746826
4.9095370173454285
4.950902283191681
4.950968027114868
4.951062083244324
4.951116263866425
4.822225511074066
4.822292268276215
4.822347521781921
4.83220648765564
4.88277930021286
4.882836937904358
4.8829041719436646
4.882958710193634
4.853416562080383
4.853484213352203
4.853569030761719
4.853626489639282
4.7540600299835205
4.754126250743866
4.7542136907577515
4.7542837262153625
4.68993866443634
4.6900012493133545
4.690055191516876
4.690106749534607
5.253781974315643
5.2538387179374695
5.2538944482803345
5.253944516181946
5.14734548330307
5.147408485412598
5.147463917732239
5.147518873214722
5.382037699222565
5.382096946239471
5.3821494579315186
5.382286250591278
6.066670000553131
6.066725552082062
6.0667760372161865
6.066826283931732
5.996123552322388
5.99617874622345
5.996252477169037
5.996308267116547
5.890369951725006
5.890426814556122
5.890507519245148
5.89056396484375
6.405203759670258
6.405261039733887
6.408178329467773
6.40824556350708
6.330602824687958
6.330786228179932
6.330845773220062
6.330899477005005
6.263505756855011
6.263562500476837
6.2636213302612305
6.263674557209015
6.12989467382431
6.12994921207428
6.129999935626984
6.130202412605286
5.955517411231995
5.955574929714203
5.955626666545868
5.955709397792816
6.3101537227630615
6.310215175151825
6.310267746448517
6.310448527336121
6.550237536430359
6.550292074680328
6.550341248512268
6.5503915548324585
6.472911953926086
6.472966253757477
6.4730159640312195
6.473065733909607
6.376737952232361
6.376792788505554
6.376843512058258
6.37689346075058
6.707306921482086
6.70736038684845
6.7074121832847595
6.707461416721344
6.703705310821533
6.703761994838715
6.703815221786499
6.703867495059967
6.5740349888801575
6.574096262454987
6.574168264865875
6.574224472045898
6.310790657997131
6.310845494270325
6.3108972907066345
6.3109482526779175
7.0937915444374084
7.09384822845459
7.093902289867401
7.096138775348663
7.009496808052063
7.009549498558044
7.009599208831787
7.009648501873016
6.861705183982849
6.86177271604538
6.861838459968567
6.861904442310333
7.1956945061683655
7.1957497000694275
7.195803999900818
7.195854544639587
7.119655787944794
7.119714021682739
7.119768261909485
7.119821727275848
6.869478285312653
6.869547724723816
6.86960244178772
6.8696571588516235
6.806906223297119
6.806962251663208
6.807015478610992
6.807068169116974
6.808324933052063
6.808380722999573
6.808431148529053
6.808480441570282
6.771174490451813
6.771229684352875
6.771283507347107
6.771435260772705
6.688246726989746
6.688302457332611
6.688355386257172
6.688407242298126
6.621347069740295
6.6214118003845215
6.621465027332306
6.621517300605774
6.457953453063965
6.458008766174316
6.4580605030059814
6.4581522941589355
6.464093506336212
6.464150011539459
6.464203298091888
6.464255511760712
6.533939242362976
6.533995449542999
6.534049987792969
6.534102499485016
6.507688283920288
6.507744550704956
6.507798790931702
6.50786429643631
6.444416522979736
6.444480001926422
6.44453489780426
6.444588720798492
6.271549761295319
6.2716052532196045
6.2716575264930725
6.271708965301514
6.300051987171173
6.300145506858826
6.300201952457428
6.300255477428436
6.279811263084412
6.279867708683014
6.27992045879364
6.279972493648529
6.272401809692383
6.27245557308197
6.272508084774017
6.272557854652405
6.244189262390137
6.244243502616882
6.24429452419281
6.244344234466553
6.18310022354126
6.1831746101379395
6.1832287311553955
6.183289051055908
6.932375967502594
6.932438015937805
6.932626962661743
6.932685732841492
6.899531722068787
6.8996389508247375
6.899709224700928
6.900023937225342
7.706671059131622
7.706728041172028
7.70678037405014
7.706831097602844
8.077208697795868
8.077268719673157
8.077320456504822
8.077369451522827
8.03986269235611
8.039952754974365
8.040006458759308
8.040057480335236
7.959494709968567
7.959548473358154
7.959599196910858
7.959661245346069
8.403951823711395
8.404005765914917
8.4040567278862
8.404105305671692
8.215214192867279
8.215293407440186
8.215355694293976
8.215405642986298
8.611606776714325
8.611662447452545
8.611714243888855
8.6117644906044
8.448109984397888
8.448167264461517
8.448229730129242
8.448302030563354
8.396922826766968
8.396978795528412
8.397032260894775
8.397082507610321
8.3330517411232
8.333104252815247
8.333154201507568
8.333201706409454
8.270354747772217
8.270410418510437
8.270462393760681
8.270510971546173
8.161915719509125
8.161969721317291
8.162020087242126
8.162067770957947
8.348933279514313
8.348986566066742
8.349036991596222
8.349088728427887
8.250469267368317
8.250539779663086
8.25059723854065
8.250750958919525
8.234841287136078
8.234897792339325
8.23495328426361
8.235003471374512
8.517147302627563
8.51721179485321
8.517264485359192
8.517317235469818
8.423633337020874
8.423689007759094
8.423741221427917
8.423790752887726
8.689192414283752
8.689262986183167
8.689323902130127
8.689373672008514
8.610266208648682
8.610320448875427
8.610373675823212
8.610422194004059
8.572776019573212
8.57283103466034
8.57288247346878
8.572932541370392
8.451626241207123
8.451680779457092
8.451732754707336
8.451785266399384
8.347495019435883
8.347548484802246
8.34759920835495
8.34766000509262
8.182704746723175
8.182758748531342
8.18280977010727
8.182857275009155
8.168507277965546
8.168560266494751
8.16861116886139
8.168658256530762
7.930908560752869
7.931005537509918
7.931055963039398
7.931102514266968
8.008995294570923
8.009052693843842
8.00910371541977
8.009151041507721
7.845629572868347
7.845686495304108
7.845739722251892
7.84579598903656
7.782488524913788
7.782552540302277
7.782605528831482
7.782735705375671
7.743451535701752
7.7435062527656555
7.743560791015625
7.743630528450012
7.664158284664154
7.664231479167938
7.664290249347687
7.664340496063232
7.7685434222221375
7.768596589565277
7.768647491931915
7.768694877624512
7.591587007045746
7.591639995574951
7.5916895270347595
7.591736853122711
7.619528770446777
7.619586229324341
7.619639992713928
7.619690775871277
7.521637976169586
7.521693468093872
7.521745204925537
7.521794497966766
7.408185541629791
7.408239483833313
7.408289968967438
7.408338248729706
7.430408000946045
7.430463790893555
7.430518269538879
7.430567741394043
7.39144903421402
7.391505300998688
7.391558825969696
7.391609072685242
8.318723440170288
8.31877851486206
8.318828046321869
8.318875968456268
9.107138514518738
9.107194006443024
9.107243001461029
9.107291221618652
9.14829272031784
9.148357689380646
9.148412942886353
9.14849042892456
9.1013885140419
9.101445257663727
9.10149472951889
9.10154402256012
9.118499994277954
9.118559956550598
9.118608474731445
9.118762016296387
9.06365305185318
9.063710272312164
9.063758552074432
9.063806056976318
9.048519015312195
9.048580825328827
9.048628747463226
9.048675775527954
9.016441226005554
9.016495287418365
9.016554713249207
9.016607761383057
9.068538546562195
9.068596363067627
9.068647980690002
9.068698465824127
10.854307949543
10.854363024234772
10.854412257671356
10.854458808898926
10.84562599658966
10.84568077325821
10.845728754997253
10.845775187015533
10.790341556072235
10.790403544902802
10.790452182292938
10.790497958660126
10.811188995838165
10.811241269111633
10.811288058757782
10.811333000659943
10.852263450622559
10.852318465709686
10.85236793756485
10.85241574048996
10.769251823425293
10.769307076931
10.769355535507202
10.769401729106903
10.764948964118958
10.765013754367828
10.765075266361237
10.76512324810028
10.697016060352325
10.697069764137268
10.697117567062378
10.697163820266724
10.670333504676819
10.670389294624329
10.670436799526215
10.670482516288757
10.78947001695633
10.789523959159851
10.789572775363922
10.789618968963623
10.796307921409607
10.796365201473236
10.796417474746704
10.79646521806717
10.621628284454346
10.621693730354309
10.621743738651276
10.621791005134583
10.666829228401184
10.666884243488312
10.666933953762054
10.667004942893982
10.673758268356323
10.673815548419952
10.673864483833313
10.673910439014435
10.493414342403412
10.493472814559937
10.493525505065918
10.493573784828186
10.43192994594574
10.431984186172485
10.432032406330109
10.4320787191391
10.385571837425232
10.385627508163452
10.38567578792572
10.385722279548645
10.454509019851685
10.454587519168854
10.454642713069916
10.454689800739288
10.263013243675232
10.263068199157715
10.263116538524628
10.263163149356842
10.703680276870728
10.70373523235321
10.70378452539444
10.703831017017365
10.973517000675201
10.973578333854675
10.97363007068634
10.973680555820465
10.758452415466309
10.75850796699524
10.758557915687561
10.758606433868408
10.704597771167755
10.704654216766357
10.704704225063324
10.704752743244171
10.84746503829956
10.847520470619202
10.847570478916168
10.847618758678436
10.593941032886505
10.593997776508331
10.594050705432892
10.594096958637238
10.284806907176971
10.284863233566284
10.284915208816528
10.284962713718414
10.594821691513062
10.59487795829773
10.594927489757538
10.594974279403687
10.504694044589996
10.504751324653625
10.504801273345947
10.504848778247833
10.404843747615814
10.404904007911682
10.404953241348267
10.40500020980835
10.991647720336914
10.991725504398346
10.991778016090393
10.991826236248016
10.911717295646667
10.911779582500458
10.911831080913544
10.911880016326904
10.705088257789612
10.705145061016083
10.705199539661407
10.705248355865479
10.597369015216827
10.597428798675537
10.597479522228241
10.597527742385864
10.533911526203156
10.53397023677826
10.534021019935608
10.534069240093231
10.396708965301514
10.396781384944916
10.396832764148712
10.396893978118896
10.474467754364014
10.474523484706879
10.474593997001648
10.474660217761993
10.264791071414948
10.264846861362457
10.264895498752594
10.264942526817322
10.244043231010437
10.244097530841827
10.244146704673767
10.244217455387115
10.060859143733978
10.060913920402527
10.060962736606598
10.061009466648102
10.361001908779144
10.361059665679932
10.361110866069794
10.361159861087799
10.27327847480774
10.27333527803421
10.27340453863144
10.273455500602722
10.229878008365631
10.229935765266418
10.22998571395874
10.230032980442047
10.186315774917603
10.186372816562653
10.186423540115356
10.186475813388824
10.079992055892944
10.080047309398651
10.080096006393433
10.080142557621002
10.066576778888702
10.066632747650146
10.066683053970337
10.066730558872223
9.966563105583191
9.966618239879608
9.96666693687439
9.966713666915894
9.886066496372223
9.886121988296509
9.886170744895935
9.886217713356018
9.759848177433014
9.759904146194458
9.759953498840332
9.760000228881836
9.79546308517456
9.795518815517426
9.795587301254272
9.795637786388397
9.771359741687775
9.771417915821075
9.771469473838806
9.77151870727539
9.706739783287048
9.70679897069931
9.70685076713562
9.706899762153625
9.742636382579803
9.742693543434143
9.742744266986847
9.742795526981354
9.69432121515274
9.694389164447784
9.694455683231354
9.694515943527222
9.634573519229889
9.634630262851715
9.634680211544037
9.634727537631989
9.661724507808685
9.661780774593353
9.661831021308899
9.661878824234009
9.702116906642914
9.702185451984406
9.702237963676453
9.702286958694458
9.673843562602997
9.673904061317444
9.67395806312561
9.67402184009552
9.640678703784943
9.64073497056961
9.640784442424774
9.640831649303436
9.62711250782013
9.627167999744415
9.627217531204224
9.627265274524689
9.661718547344208
9.661780297756195
9.661831498146057
9.661880016326904
9.67279052734375
9.672847330570221
9.672898292541504
9.67294728755951
9.682478070259094
9.682540535926819
9.682605803012848
9.682658314704895
9.70339322090149
9.703449130058289
9.703499436378479
9.703547239303589
