804.75
1994.0
2205.0
1008.5
1595.5
2196.75
1189.5
815.75
754.75
1944.0
2207.0
983.5
1545.5
2146.75
1139.5
815.75
704.75
2254.25
1114.5
-1.0
679.75
2204.25
1089.5
-1.0
654.75
2211.25
1064.5
-1.0
629.75
2161.25
1039.5
-1.0
604.75
2111.25
1014.5
-1.0
579.75
2061.25
989.5
-1.0
554.75
2011.25
964.5
-1.0
529.75
1961.25
939.5
-1.0
504.75
1911.25
914.5
-1.0
479.75
1861.25
889.5
-1.0
454.75
1811.25
864.5
-1.0
429.75
1761.25
839.5
-1.0
404.75
1711.25
814.5
-1.0
379.75
1661.25
789.5
-1.0
354.75
1611.25
764.5
-1.0
329.75
1561.25
739.5
-1.0
304.75
1511.25
714.5
-1.0
279.75
1461.25
689.5
-1.0
254.75
1411.25
664.5
-1.0
229.75
1361.25
639.5
-1.0
204.75
1311.25
614.5
-1.0
179.75
1261.25
589.5
-1.0
154.75
1211.25
564.5
-1.0
129.75
1161.25
539.5
-1.0
104.75
1111.25
514.5
-1.0
82.25
1061.25
489.5
975.0
82.25
1011.25
464.5
950.0
82.25
961.25
439.5
925.0
82.25
911.25
414.5
900.0
82.25
861.25
389.5
875.0
82.25
811.25
364.5
850.0
82.25
761.25
339.5
825.0
82.25
711.25
314.5
800.0
82.25
661.25
289.5
775.0
82.25
611.25
264.5
750.0
82.25
561.25
239.5
725.0
82.25
511.25
214.5
700.0
82.25
461.25
189.5
675.0
82.25
411.25
164.5
650.0
82.25
361.25
139.5
625.0
82.25
311.25
114.5
600.0
82.25
261.25
89.5
575.0
82.25
233.25
1021.0
550.0
82.25
208.25
971.0
525.0
82.25
183.25
921.0
500.0
82.25
1172.0
880.25
475.0
82.25
1122.0
855.25
450.0
82.25
1072.0
830.25
425.0
1083.5
1044.5
805.25
400.0
1058.5
1019.5
780.25
375.0
1033.5
994.5
755.25
350.0
1008.5
969.5
730.25
325.0
983.5
944.5
705.25
300.0
958.5
919.5
680.25
275.0
933.5
894.5
655.25
250.0
908.5
869.5
630.25
225.0
883.5
844.5
605.25
200.0
858.5
819.5
580.25
175.0
833.5
794.5
555.25
150.0
808.5
769.5
530.25
125.0
783.5
744.5
505.25
100.0
758.5
2283.0
480.25
82.25
733.5
2233.0
455.25
82.25
708.5
2183.0
430.25
82.25
683.5
2133.0
405.25
82.25
658.5
2083.0
380.25
82.25
633.5
2033.0
355.25
82.25
608.5
1983.0
330.25
82.25
583.5
1933.0
305.25
82.25
558.5
1883.0
280.25
82.25
533.5
1833.0
255.25
82.25
508.5
1783.0
230.25
82.25
483.5
1733.0
205.25
82.25
458.5
1683.0
180.25
82.25
433.5
1633.0
155.25
82.25
408.5
1583.0
130.25
82.25
383.5
1533.0
105.25
82.25
358.5
1483.0
80.25
82.25
333.5
1413.75
74.5
82.25
308.5
1338.75
74.5
82.25
283.5
1282.75
55.5
82.25
258.5
1232.75
30.5
82.25
233.5
1182.75
5.5
82.25
1404.0
1132.75
-1.5
82.25
1354.0
1082.75
-1.5
82.25
1308.0
1032.75
-1.5
1101.75
1283.0
993.75
-1.5
2229.75
1258.0
968.75
-1.5
2179.75
1233.0
943.75
-1.5
2129.75
1208.0
918.75
-1.5
2079.75
1183.0
893.75
-1.5
2029.75
1158.0
868.75
-1.5
1979.75
1133.0
843.75
-1.5
1929.75
1108.0
818.75
-1.5
1879.75
1083.0
793.75
-1.5
1829.75
1058.0
768.75
-1.5
1779.75
1033.0
743.75
-1.5
1729.75
1008.0
718.75
-1.5
1679.75
983.0
693.75
-1.5
1629.75
958.0
668.75
-1.5
1579.75
933.0
643.75
-1.5
1529.75
908.0
618.75
-1.5
1479.75
883.0
593.75
-1.5
1429.75
858.0
568.75
-1.5
1379.75
833.0
543.75
-1.5
1329.75
808.0
518.75
-1.5
1279.75
783.0
493.75
-1.5
1229.75
758.0
468.75
-1.5
1179.75
733.0
443.75
-1.5
1129.75
708.0
418.75
-1.5
1079.75
683.0
393.75
-1.5
1029.75
658.0
368.75
-1.5
979.75
633.0
343.75
-1.5
929.75
608.0
318.75
-1.5
879.75
583.0
293.75
-1.5
829.75
558.0
268.75
-1.5
779.75
533.0
243.75
-1.5
729.75
508.0
218.75
-1.5
679.75
483.0
193.75
-1.5
629.75
458.0
168.75
-1.5
579.75
433.0
143.75
-1.5
529.75
408.0
118.75
-1.5
479.75
383.0
114.75
1548.75
429.75
358.0
114.75
3066.75
390.75
333.0
114.75
3016.75
365.75
308.0
114.75
2966.75
340.75
283.0
114.75
2916.75
315.75
258.0
114.75
2866.75
290.75
233.0
114.75
2816.75
265.75
208.0
114.75
2766.75
240.75
183.0
114.75
2716.75
215.75
1684.25
114.75
2666.75
1776.25
1659.25
114.75
2616.75
1751.25
1634.25
114.75
2566.75
1726.25
1609.25
114.75
2516.75
1701.25
1584.25
114.75
2466.75
1676.25
1559.25
114.75
2416.75
1651.25
1534.25
114.75
2366.75
1626.25
1509.25
114.75
2316.75
1601.25
1484.25
114.75
2266.75
1576.25
1459.25
114.75
2216.75
1551.25
1434.25
114.75
2166.75
1526.25
1409.25
114.75
2116.75
1501.25
1384.25
114.75
2066.75
1476.25
1359.25
114.75
2016.75
1451.25
1334.25
114.75
1966.75
1426.25
1309.25
114.75
1916.75
1401.25
1284.25
114.75
1866.75
1376.25
1259.25
114.75
1816.75
1351.25
1234.25
114.75
1766.75
1326.25
1209.25
114.75
1716.75
1301.25
1184.25
114.75
1666.75
1276.25
1159.25
114.75
1616.75
1251.25
1134.25
114.75
1566.75
1226.25
1109.25
114.75
1516.75
1201.25
1084.25
114.75
1466.75
1176.25
1059.25
114.75
1416.75
1151.25
1034.25
114.75
1366.75
1126.25
1009.25
114.75
1316.75
1101.25
984.25
114.75
1266.75
1076.25
959.25
114.75
1216.75
1051.25
934.25
114.75
1166.75
1026.25
909.25
114.75
1116.75
1001.25
884.25
114.75
1066.75
976.25
859.25
114.75
1016.75
951.25
834.25
114.75
966.75
926.25
809.25
114.75
916.75
901.25
784.25
114.75
866.75
876.25
759.25
114.75
816.75
851.25
734.25
114.75
766.75
826.25
709.25
114.75
716.75
801.25
684.25
114.75
666.75
776.25
659.25
114.75
616.75
751.25
634.25
114.75
566.75
726.25
609.25
114.75
516.75
701.25
584.25
114.75
466.75
676.25
559.25
114.75
416.75
651.25
534.25
114.75
366.75
626.25
509.25
114.75
316.75
601.25
484.25
114.75
266.75
576.25
459.25
114.75
216.75
551.25
434.25
114.75
166.75
526.25
409.25
114.75
122.75
495.25
384.25
105.0
107.5
445.25
359.25
80.0
107.5
395.25
334.25
57.75
107.5
342.5
286.75
57.75
107.5
290.0
236.75
57.75
107.5
240.0
186.75
57.75
107.5
190.0
128.75
43.75
107.5
162.0
78.75
18.75
107.5
137.0
28.75
-2.0
103.25
112.0
-2.0
-2.0
61.75
84.25
-2.0
-2.0
11.75
34.25
