1308.5
1015.1666666666666
2613.1666666666665
-1.6666666666666667
2600.1666666666665
1302.0
1751.3333333333333
948.5
4056.6666666666665
-1.6666666666666667
2795.6666666666665
2257.1666666666665
1836.5
907.5
4012.0
-1.6666666666666667
2662.3333333333335
2157.1666666666665
1736.5
874.1666666666666
3812.0
-1.6666666666666667
2529.0
2057.1666666666665
1636.5
840.8333333333334
3612.0
-1.6666666666666667
2395.6666666666665
1957.1666666666667
1536.5
807.5
3412.0
-1.6666666666666667
2262.3333333333335
2881.8333333333335
1436.5
785.1666666666666
4220.0
-1.6666666666666667
2156.6666666666665
2748.5
1336.5
785.1666666666666
3986.6666666666665
-1.6666666666666667
2056.6666666666665
2615.1666666666665
1236.5
785.1666666666666
3753.3333333333335
-1.6666666666666667
1956.6666666666667
2481.8333333333335
1136.5
785.1666666666666
3520.0
-1.6666666666666667
1856.6666666666667
2348.5
1036.5
785.1666666666666
3292.3333333333335
-1.6666666666666667
2787.0
2237.5
936.5
1798.8333333333333
3092.3333333333335
-1.6666666666666667
2653.6666666666665
2137.5
836.5
1765.5
2892.3333333333335
-1.6666666666666667
2520.3333333333335
2037.5
737.1666666666666
2767.3333333333335
2710.0
2052.1666666666665
2438.0
3958.0
720.8333333333334
3686.0
2610.0
1952.1666666666667
2404.6666666666665
3758.0
720.8333333333334
3552.6666666666665
2510.0
1852.1666666666667
2371.3333333333335
3558.0
720.8333333333334
3419.3333333333335
2410.0
1752.1666666666667
2338.0
3358.0
720.8333333333334
3286.0
2310.0
1652.1666666666667
2304.6666666666665
3174.3333333333335
720.8333333333334
3136.3333333333335
2243.0
1552.1666666666667
2238.3333333333335
3007.6666666666665
720.8333333333334
2969.6666666666665
2176.3333333333335
1452.1666666666667
2171.6666666666665
2824.8333333333335
720.8333333333334
2819.1666666666665
2076.8333333333335
1352.1666666666667
2137.8333333333335
2624.8333333333335
720.8333333333334
2685.8333333333335
1976.8333333333333
1252.1666666666667
2104.5
2424.8333333333335
720.8333333333334
2552.5
1876.8333333333333
1152.1666666666667
2071.1666666666665
2224.8333333333335
720.8333333333334
2419.1666666666665
1788.3333333333333
1052.1666666666667
2026.3333333333333
2037.0
720.8333333333334
2273.6666666666665
1689.0
952.1666666666666
1992.3333333333333
1837.0
720.8333333333334
2140.3333333333335
1589.0
852.1666666666666
1959.0
1637.0
720.8333333333334
2007.0
1489.0
752.1666666666666
1925.6666666666667
1437.0
720.8333333333334
1873.6666666666667
1389.0
652.1666666666666
1892.3333333333333
1237.0
720.8333333333334
1740.3333333333333
1289.0
552.1666666666666
1850.5
1045.5
695.6666666666666
1632.1666666666667
1147.1666666666667
494.0
1767.1666666666667
900.1666666666666
645.6666666666666
1544.1666666666667
1001.8333333333334
444.0
1679.1666666666667
750.1666666666666
595.6666666666666
1460.8333333333333
867.1666666666666
394.0
1580.5
648.8333333333334
552.8333333333334
1321.6666666666667
807.6666666666666
320.1666666666667
1471.0
525.0
552.8333333333334
1121.6666666666667
774.3333333333334
220.16666666666666
1361.3333333333333
401.3333333333333
511.8333333333333
962.6666666666666
679.8333333333334
181.33333333333334
1193.1666666666667
320.5
458.3333333333333
831.8333333333334
564.1666666666666
131.33333333333334
1075.5
203.83333333333334
408.3333333333333
715.1666666666666
447.5
81.33333333333333
958.8333333333334
95.66666666666667
358.3333333333333
590.0
356.0
31.333333333333332
817.0
14.666666666666666
308.3333333333333
437.6666666666667
275.0
-2.0
614.6666666666666
-2.0
208.33333333333334
304.3333333333333
175.0
-2.0
381.3333333333333
-2.0
108.33333333333333
171.0
75.0
-2.0
148.0
-2.0
8.333333333333334
37.666666666666664
