7.024459997812907
7.024532675743103
7.155476331710815
7.155547539393107
7.157971700032552
7.158181826273601
7.223377346992493
7.223567207654317
7.48674197991689
7.486828525861104
7.522747715314229
7.48641574382782
7.495110074679057
7.495178580284119
7.543531854947408
7.543649633725484
7.649936040242513
7.691938956578572
7.684453050295512
7.684552987416585
7.7500003178914385
7.7500634988149
7.78452463944753
7.768151005109151
7.7842973073323565
7.784353653589885
7.795620163281758
7.795695861180623
7.858860492706299
8.030909975369772
8.080430308977762
8.080490152041117
8.126664201418558
8.126732389132181
8.14878006776174
8.406240026156107
8.415059367815653
8.415441870689392
8.341526786486307
8.341589450836182
8.390375097592672
8.421583493550619
8.408771514892578
8.408844073613485
8.423883199691772
8.423968394597372
8.416413426399231
8.415879011154175
8.505468885103861
8.505526185035706
8.455366889635721
8.455434521039328
8.436917185783386
8.421715299288431
8.415393034617106
8.415449857711792
8.401338815689087
8.40139651298523
8.391334136327108
8.370412031809488
8.361633698145548
8.36169437567393
8.535816868146261
8.53588875134786
8.70940617720286
8.713773767153421
8.676645437876383
8.676701307296753
8.710299054781595
8.710360844930014
8.69769553343455
8.71903920173645
8.710646867752075
8.710732698440552
8.670842130978903
8.670909682909647
8.662264664967855
8.830422163009644
9.05511200428009
9.055165886878967
9.248728156089783
9.24878704547882
9.252283016840616
9.216250578562418
9.250553886095682
9.250611305236816
9.215539455413818
9.215606888135275
9.245208819707235
9.225798487663269
9.202224493026733
9.202290534973145
9.26736299196879
9.267422318458557
9.309909025828043
9.261647542317709
9.255867600440979
9.255918622016907
9.21310826142629
9.213165799776712
9.228919744491577
9.206592837969461
9.197667320569357
9.197721004486084
9.416228731473288
9.416288296381632
9.437514464060465
9.399310946464539
9.4290402730306
9.42909562587738
9.325203140576681
9.325260957082113
9.33688453833262
9.564005136489868
9.580060958862305
9.580117583274841
9.601664900779724
9.601723829905191
9.597071568171183
9.629467964172363
9.615369160970053
9.615447878837585
9.684475501378378
9.684536019961039
9.6348508199056
9.615508397420248
9.6114368836085
9.611491600672403
9.573659777641296
9.573725501696268
9.5868368546168
9.565675894419352
9.50731106599172
9.507367253303528
9.572206377983093
9.572268644968668
9.564619541168213
9.534495035807291
9.633094231287638
9.63315717379252
9.721643487612406
9.72170082728068
9.71325914065043
9.73114267985026
9.719744245211283
9.719805479049683
9.844631711641947
9.844689846038818
9.841451088587442
9.803687691688538
9.798983653386435
9.799035509427389
9.7433789173762
9.743440906206766
9.79918118317922
9.971743981043497
10.038783629735311
10.03883989651998
10.015856305758158
10.015915155410767
10.002047181129456
9.937831282615662
9.864699681599935
9.864752650260925
10.006107807159424
10.006167689959208
10.102088570594788
10.077346682548523
10.067326148351034
10.067381024360657
9.989172061284384
9.989254474639893
10.15846598148346
10.140432675679525
10.125563343365988
10.125621755917868
10.076843818028768
10.07691514492035
10.064896623293558
10.053853154182434
10.045203487078348
10.045253793398539
10.231971462567648
10.232045650482178
10.218134840329489
10.081392486890158
10.073867360750834
10.073930342992147
10.296753525733948
10.29681384563446
10.390036940574646
10.353817423184713
10.393206914265951
10.39326286315918
10.452109535535177
10.452166636784872
10.444178462028503
10.408870259920755
10.390960335731506
10.391016840934753
10.466208497683207
10.466269453366598
10.466766476631165
10.42780347665151
10.462823351224264
10.462875167528788
10.61157751083374
10.611635327339172
10.601317564646402
10.723110636075338
10.712188680966696
10.712253530820211
10.584462801615397
10.584521333376566
10.640870372454325
10.602901379267374
10.588651736577352
10.58870804309845
10.526230216026306
10.526288628578186
10.515516956647238
10.858735879262289
10.815911173820496
10.815961956977844
10.9660351673762
10.966094017028809
10.952741940816244
10.976307590802511
10.941725214322409
10.941781759262085
11.05671719710032
11.056784828503927
11.045883854230246
11.01793348789215
11.0085076491038
11.0086057583491
10.967649737993876
10.967762430508932
10.953311085700989
10.879242738087973
10.8715873559316
10.871642827987671
10.899010380109152
10.899068673451742
10.88089915116628
10.851699233055115
10.837254246075949
10.8374476035436
