2.500901937484741
2.500957429409027
2.5010082721710205
2.501103460788727
2.4799695014953613
2.480027735233307
2.480093777179718
2.4801507592201233
2.545615017414093
2.5456780195236206
2.5457544922828674
2.5458118319511414
2.476481556892395
2.47654128074646
2.476592004299164
2.476641058921814
2.4614375233650208
2.461501717567444
2.461549758911133
2.4615957736968994
2.4533296823501587
2.4533814787864685
2.4535070061683655
2.4535584449768066
2.4284392595291138
2.4285137057304382
2.4285884499549866
2.4286800026893616
2.469019055366516
2.4690945744514465
2.469146728515625
2.4691977500915527
2.4515347480773926
2.45160174369812
2.451657474040985
2.4517099857330322
2.8499765396118164
2.8500330448150635
2.8500829935073853
2.8501322269439697
2.826478660106659
2.826531231403351
2.8265767097473145
2.8266204595565796
2.8469170331954956
2.8469662070274353
2.847009539604187
2.847052276134491
2.83859521150589
2.83864426612854
2.8386874198913574
2.8387359976768494
2.8655741810798645
2.8656303882598877
2.8656790256500244
2.8657379150390625
2.879379689693451
2.8794384598731995
2.8794954419136047
2.879552185535431
3.0522478222846985
3.0523033142089844
3.052353024482727
3.0524009466171265
3.252026677131653
3.2520781755447388
3.2521236538887024
3.2521681785583496
3.2220925092697144
3.2221769094467163
3.222246468067169
3.2223047018051147
3.260464906692505
3.2605167031288147
3.2605634331703186
3.260608196258545
3.263259470462799
3.263320505619049
3.2633684873580933
3.263428807258606
3.211491823196411
3.2115389108657837
3.2115811705589294
3.2116296887397766
3.206816852092743
3.2068687677383423
3.2069178223609924
3.206959307193756
3.349411964416504
3.349460244178772
3.349504232406616
3.349563956260681
3.329285502433777
3.329338490962982
3.329402506351471
3.3294522166252136
3.6101481914520264
3.6102049946784973
3.6102882027626038
3.610338509082794
3.6271697878837585
3.6272172331809998
3.6272618174552917
3.627313554286957
3.606136202812195
3.6061965227127075
3.6062520146369934
3.606340229511261
3.621076822280884
3.6211817860603333
3.621241807937622
3.6212962865829468
3.5888434648513794
3.5888977646827698
3.5889484882354736
3.5890002250671387
3.7829006910324097
3.7829917073249817
3.7830424904823303
3.7830896973609924
3.9601745009422302
3.960229218006134
3.9602752327919006
3.9603702425956726
3.9623903036117554
3.9624410271644592
3.9624845385551453
3.962534487247467
3.9849578142166138
3.985018789768219
3.985066831111908
3.985110819339752
3.9821085333824158
3.982173800468445
3.982224225997925
3.9822697043418884
3.970739781856537
3.9707982540130615
3.97085177898407
3.970902740955353
3.9589287638664246
3.9590057730674744
3.9590575098991394
3.959102988243103
3.936601459980011
3.9366549253463745
3.936717987060547
3.9367802143096924
3.941603720188141
3.941651701927185
3.941695511341095
3.9417366981506348
3.8908953070640564
3.8909428119659424
3.8909857869148254
3.8910380005836487
3.8689257502555847
3.868978202342987
3.869025230407715
3.8690677881240845
3.9270052313804626
3.927058219909668
3.927107036113739
3.927152991294861
3.94191974401474
3.941970705986023
3.9420164823532104
3.9420599937438965
3.9193495512008667
3.9193978309631348
3.91944283246994
3.9194836020469666
3.9358553886413574
3.9359118938446045
3.935963988304138
3.936010479927063
4.218771278858185
4.218827784061432
4.218875288963318
4.218917012214661
4.221432030200958
4.221491754055023
4.221542775630951
4.221604824066162
4.488897979259491
4.488953948020935
4.489005267620087
4.489052712917328
4.518619775772095
4.51867151260376
4.518718481063843
4.518774569034576
4.46697598695755
4.46702516078949
4.467072248458862
4.467113733291626
4.770709991455078
4.770765483379364
4.770811498165131
4.770855009555817
4.85886949300766
4.858928322792053
4.858989238739014
4.859042525291443
5.034962475299835
5.035057783126831
5.035122215747833
5.035175204277039
5.062900066375732
5.062956809997559
5.063049077987671
5.063116073608398
5.059233486652374
5.059285044670105
5.05933153629303
5.059376418590546
5.060685038566589
5.060743510723114
5.060791790485382
5.060836017131805
5.075786828994751
5.075856804847717
5.075909972190857
5.075960993766785
5.041504919528961
5.041569650173187
5.041626214981079
5.041676700115204
5.0202319622039795
5.020289778709412
5.0203452706336975
5.0204015374183655
4.961735308170319
4.961786270141602
4.961831271648407
4.961874067783356
4.970717012882233
4.9708022475242615
4.970853328704834
4.970901310443878
5.038659751415253
5.038712739944458
5.0387638211250305
5.038842976093292
5.0752182602882385
5.0752862095832825
5.075335264205933
5.075428009033203
5.0210822224617
5.0211604833602905
5.021206796169281
5.021261692047119
5.0122047662734985
5.012263834476471
5.012366533279419
5.012409567832947
5.123925507068634
5.123980462551117
5.124037981033325
5.12408447265625
5.002744615077972
5.002814769744873
5.0028640031814575
5.002934217453003
5.1791030168533325
5.179154992103577
5.179201245307922
5.179246306419373
5.133964240550995
5.134057462215424
5.134105920791626
5.1341487765312195
5.106267511844635
5.106316268444061
5.106359779834747
5.106401741504669
5.0566792488098145
5.056767225265503
5.056825518608093
5.056872248649597
5.197901725769043
5.197959005832672
5.198020935058594
5.198074162006378
5.261736035346985
5.261801779270172
5.261856257915497
5.261906743049622
5.348298013210297
5.348373711109161
5.348438501358032
5.348494231700897
5.3707762360572815
5.370840489864349
5.37125825881958
5.371343791484833
5.479384243488312
5.479436755180359
5.4794833064079285
5.479550778865814
5.478568196296692
5.4786224365234375
5.478670001029968
5.478716433048248
5.583932280540466
5.5839884877204895
5.584035038948059
5.584079265594482
5.59209531545639
5.592153072357178
5.592241048812866
5.592320084571838
5.555332541465759
5.555388271808624
5.555438280105591
5.555485010147095
5.663879334926605
5.663965106010437
5.664018869400024
5.664067625999451
5.6219688057899475
5.622039079666138
5.622130572795868
5.6221840381622314
5.681017279624939
5.681068480014801
5.681111037731171
5.681152164936066
5.767718195915222
5.767777681350708
5.767820954322815
5.76787143945694
5.708708226680756
5.708765029907227
5.708808243274689
5.70884907245636
5.887560784816742
5.8876179456710815
5.8876625299453735
5.887709736824036
5.94928377866745
5.949382305145264
5.949434280395508
5.949482023715973
5.8956170082092285
5.895670533180237
5.895748317241669
5.895796954631805
5.989502489566803
5.989549994468689
5.989591419696808
5.989631474018097
5.961666166782379
5.961733758449554
5.961778223514557
5.961819708347321
5.983020007610321
5.983066558837891
5.983132779598236
5.983177602291107
5.85516756772995
5.855243742465973
5.855294287204742
5.855368077754974
5.815817773342133
5.815873324871063
5.815923273563385
5.8159690499305725
6.1547576785087585
6.154808759689331
6.154853463172913
6.154920220375061
6.254532694816589
6.2545812129974365
6.254624247550964
6.254671931266785
6.32927942276001
6.329334735870361
6.329381763935089
6.329427182674408
6.2601898312568665
6.260258793830872
6.26031631231308
6.260365307331085
6.118744611740112
6.118801295757294
6.118850290775299
6.118897318840027
6.100493788719177
6.100552260875702
6.100608229637146
6.10065370798111
5.976275980472565
5.976331651210785
5.976378440856934
5.976423501968384
6.106780052185059
6.1068360805511475
6.106881558895111
6.106925547122955
6.358580231666565
6.358642220497131
6.358714163303375
6.358773946762085
6.469547986984253
6.469608783721924
6.4696584939956665
6.4697059988975525
6.638283014297485
6.638360261917114
6.638411223888397
6.638461709022522
6.876315116882324
6.876368045806885
6.876421749591827
6.876469790935516
6.939140439033508
6.939197778701782
6.939247727394104
6.939295053482056
6.732337176799774
6.732393682003021
6.732444882392883
6.7324894070625305
6.996408045291901
6.996460020542145
6.996504783630371
6.996549546718597
6.720430254936218
6.720482766628265
6.7205310463905334
6.720575332641602
6.5080955028533936
6.5081507563591
6.5081945061683655
6.508235991001129
6.58382248878479
6.583870708942413
6.583913326263428
6.583960831165314
6.661143243312836
6.661200702190399
6.661244750022888
6.661286473274231
6.415418267250061
6.415487706661224
6.415538728237152
6.41558301448822
6.960077702999115
6.960128724575043
6.960173964500427
6.960218012332916
7.092970669269562
7.093037486076355
7.093088448047638
7.093136668205261
6.884154260158539
6.884211003780365
6.884263753890991
6.884332776069641
7.004320502281189
7.004372775554657
7.004419028759003
7.004481196403503
7.223443031311035
7.223520338535309
7.223568260669708
7.223613262176514
7.351570785045624
7.351623237133026
7.351668179035187
7.3517115116119385
7.148426711559296
7.14847993850708
7.148526906967163
7.1485729813575745
7.0659127831459045
7.065962016582489
7.066006243228912
7.066057741641998
7.001408576965332
7.0014618039131165
7.001507759094238
7.001554787158966
7.35564386844635
7.355695188045502
7.355740666389465
7.3557849526405334
7.317491710186005
7.3175594210624695
7.317621171474457
7.31766939163208
7.469502747058868
7.469572007656097
7.469625234603882
7.469668805599213
7.2093029618263245
7.209352731704712
7.209398508071899
7.209441006183624
7.134224236011505
7.13427871465683
7.134323477745056
7.134365975856781
7.5106059312820435
7.510659217834473
7.51070374250412
7.510746777057648
7.356378436088562
7.356434464454651
7.356478989124298
7.356520295143127
7.647211015224457
7.647259593009949
7.647302567958832
7.64734423160553
7.551141023635864
7.551190257072449
7.551233470439911
7.551275253295898
7.347726464271545
7.347777724266052
7.347824215888977
7.347885966300964
7.524927735328674
7.524981260299683
7.52507472038269
7.525124788284302
7.513824820518494
7.513942539691925
7.513993322849274
7.514078259468079
7.540658473968506
7.540716707706451
7.5407649874687195
7.5408108830451965
7.5338254570961
7.533875942230225
7.533922433853149
7.533966481685638
7.705243825912476
7.705298483371735
7.7053468227386475
7.70539253950119
8.231564462184906
8.231650710105896
8.231705248355865
8.23175448179245
7.940643489360809
7.940737783908844
7.940790057182312
7.9408387541770935
7.907336473464966
7.907394230365753
7.907445728778839
7.907496750354767
7.834438741207123
7.834504544734955
7.8345746994018555
7.834633409976959
8.034193754196167
8.034285366535187
8.03434032201767
8.034390330314636
8.026204466819763
8.026262938976288
8.02631413936615
8.026366174221039
8.52995651960373
8.530025243759155
8.530079245567322
8.530130743980408
8.224410474300385
8.224498450756073
8.224554896354675
8.22460663318634
8.37821102142334
8.378279507160187
8.378332734107971
8.378383755683899
8.596467018127441
8.596560180187225
8.596616208553314
8.596670031547546
9.432671308517456
9.432750225067139
9.432805955410004
9.432856500148773
9.631452202796936
9.631523668766022
9.631576418876648
9.631625950336456
9.54228299856186
9.542368948459625
9.542423784732819
9.542474031448364
9.807189524173737
9.807250797748566
9.807308733463287
9.807357430458069
9.883010804653168
9.883089780807495
9.883168995380402
9.883250534534454
10.159636974334717
10.159728705883026
10.159785449504852
10.159851253032684
10.148296475410461
10.148406505584717
10.148461520671844
10.148513436317444
10.171364188194275
10.171422481536865
10.171473681926727
10.171522974967957
11.064444482326508
11.064513206481934
11.06456446647644
11.064613699913025
10.87454354763031
10.874610006809235
10.874662578105927
10.87471228837967
11.007990717887878
11.008056700229645
11.008111715316772
11.0081627368927
11.495926201343536
11.496028900146484
11.496091485023499
11.496157169342041
10.914430797100067
10.914493322372437
10.91455078125
10.914600849151611
11.618587493896484
11.618649065494537
11.618700802326202
11.618750274181366
11.296884715557098
11.29695475101471
11.29700767993927
11.297058939933777
11.795726954936981
11.795788168907166
11.79583865404129
11.795888364315033
12.255958199501038
12.256039261817932
12.256091237068176
12.25614047050476
12.371197521686554
12.371271967887878
12.371325016021729
12.371376991271973
12.214763462543488
12.214829444885254
12.214881539344788
12.214931428432465
12.623474538326263
12.623551070690155
12.62360405921936
12.623653590679169
12.411814987659454
12.411885261535645
12.411937952041626
12.4119873046875
12.945472836494446
12.945533514022827
12.945585072040558
12.945633113384247
12.637689769268036
12.637765228748322
12.637819468975067
12.637871026992798
13.392941176891327
13.393010914325714
13.393064677715302
13.393118381500244
13.115009307861328
13.115067839622498
13.115118980407715
13.11517196893692
13.54234004020691
13.542411983013153
13.542463779449463
13.542518019676208
13.110455453395844
13.11051720380783
13.110568225383759
13.110616445541382
13.932983756065369
13.933041751384735
13.933092474937439
13.933141469955444
14.49738997220993
14.497459471225739
14.4975106716156
14.497561275959015
13.967549920082092
13.967612624168396
13.967663943767548
13.967713952064514
14.710089206695557
14.710149943828583
14.710201263427734
14.710257709026337
14.742675483226776
14.742749452590942
14.742802560329437
14.742851495742798
14.621915936470032
14.621979475021362
14.622027695178986
14.62207543849945
15.04667204618454
15.04673457145691
15.046785235404968
15.046833992004395
15.48208749294281
15.482158482074738
15.482210516929626
15.482259452342987
15.195393741130829
15.195459485054016
15.195511758327484
15.195561289787292
15.111725568771362
15.111797749996185
15.111848771572113
15.111896991729736
15.623261272907257
15.623332798480988
15.623383224010468
15.623431742191315
15.873468101024628
15.873526096343994
15.873577296733856
15.873626112937927
15.919553995132446
15.919615268707275
15.919665455818176
15.91971480846405
15.736158967018127
15.736220240592957
15.736270248889923
15.736318230628967
16.33912616968155
16.339191257953644
16.339241981506348
16.339304983615875
15.937027633190155
15.937098920345306
15.937152743339539
15.937202513217926
16.053114473819733
16.05317771434784
16.05322974920273
16.053279280662537
16.835146725177765
16.835214972496033
16.83526873588562
16.835319995880127
16.757717192173004
16.757797479629517
16.757853031158447
16.757902801036835
16.528106212615967
16.52817177772522
16.52822482585907
16.52827924489975
16.440533459186554
16.440598964691162
16.44065010547638
16.440698504447937
17.035273671150208
17.035344660282135
17.03539788722992
17.035448014736176
17.961756765842438
17.961817979812622
17.96186852455139
17.96192628145218
17.093737483024597
17.093803226947784
17.09385597705841
17.093906044960022
17.66729247570038
17.667353749275208
17.66740608215332
17.667455673217773
17.480435252189636
17.48049396276474
17.480545461177826
17.48059505224228
17.655097723007202
17.655154705047607
17.655206203460693
17.655256509780884
17.75026422739029
17.75033074617386
17.750382781028748
17.75043225288391
17.71341735124588
17.713484287261963
17.71354055404663
17.71358984708786
17.651277005672455
17.651332795619965
17.651381850242615
17.65142911672592
17.838325083255768
17.83839124441147
17.838442265987396
17.838490784168243
18.187948048114777
18.188013017177582
18.188066959381104
18.188113272190094
18.064290046691895
18.06437873840332
18.064431071281433
18.06447923183441
17.95208442211151
17.952138900756836
17.952187478542328
17.952234148979187
17.14632749557495
17.14638251066208
17.146431505680084
17.14647901058197
17.41385143995285
17.413910746574402
17.413960695266724
17.41401094198227
17.90368402004242
17.903739988803864
17.903788328170776
17.90383553504944
17.29832774400711
17.2983837723732
17.298444032669067
17.298495054244995
18.885656714439392
18.88571274280548
18.885760962963104
18.88580721616745
18.863733291625977
18.863788545131683
18.86383718252182
18.863883793354034
18.326671481132507
18.3267280459404
18.3267765045166
18.326826512813568
18.73248255252838
18.732538759708405
18.732588589191437
18.732637524604797
17.753313541412354
17.75336879491806
17.75342148542404
17.75346851348877
17.49234277009964
17.492402732372284
17.49245172739029
17.4924995303154
17.919954478740692
17.9200080037117
17.920056879520416
17.920106530189514
17.27659398317337
17.276648461818695
17.276696741580963
17.27674299478531
18.38447731733322
18.384536027908325
18.38458675146103
18.3846355676651
17.1366468667984
17.13670527935028
17.136756122112274
17.13680511713028
17.133211731910706
17.133266508579254
17.13331401348114
17.13336044549942
18.321451008319855
18.32150775194168
18.32155841588974
18.321608185768127
18.108593940734863
18.108648478984833
18.108696699142456
18.10874319076538
18.697798550128937
18.697861790657043
18.697911262512207
18.697957277297974
18.741787016391754
18.741860508918762
18.741908252239227
18.741953015327454
18.54788851737976
18.547947704792023
18.547995507717133
18.548041701316833
17.946605801582336
17.94666200876236
17.946710526943207
17.94675749540329
18.461284697055817
18.461349666118622
18.46141016483307
18.46146196126938
17.853699445724487
17.8537575006485
17.8538059592247
17.853852689266205
18.645624577999115
18.64567905664444
18.645736277103424
18.64578402042389
18.760029315948486
18.760083258152008
18.760129988193512
18.760176062583923
18.75562685728073
18.755682289600372
18.755730867385864
18.755777060985565
18.569139301776886
18.569196701049805
18.569243729114532
18.56928825378418
18.485930740833282
18.485995948314667
18.486045956611633
18.486092686653137
17.590109705924988
17.590161979198456
17.59020847082138
17.590253472328186
18.59531569480896
18.595369517803192
18.59541630744934
18.595465421676636
19.013953685760498
19.014019668102264
19.014071226119995
19.014121294021606
19.04086834192276
19.040923476219177
19.040971755981445
19.041018784046173
17.704706013202667
17.704764544963837
17.704813957214355
17.704861044883728
18.514241993427277
18.514299035072327
18.514346480369568
18.514392256736755
19.440519094467163
19.44057732820511
19.44062727689743
19.440676510334015
18.725790679454803
18.725846230983734
18.72589546442032
18.72595453262329
19.027834117412567
19.02789080142975
19.027940571308136
19.027989327907562
18.371125996112823
18.37118375301361
18.371233999729156
18.3712819814682
18.234797835350037
18.234853327274323
18.23490262031555
18.234953820705414
18.15849483013153
18.15855211019516
18.158602833747864
18.158653616905212
18.672731757164
18.67278778553009
18.672837615013123
18.67288887500763
18.543021976947784
18.543080747127533
18.543132781982422
18.543180763721466
18.41232568025589
18.41237998008728
18.41242778301239
18.412473797798157
18.73046749830246
18.730523765087128
18.73057222366333
18.73061901330948
19.246388733386993
19.246442675590515
19.2464901804924
19.246536433696747
18.64475643634796
18.644811689853668
18.64486050605774
18.64490693807602
19.087355196475983
19.087415277957916
19.087508976459503
19.08758455514908
18.98846584558487
18.98852103948593
18.988569796085358
18.988617062568665
19.00683754682541
19.006892561912537
19.00694102048874
19.006991267204285
19.390890300273895
19.390945971012115
19.39099472761154
19.39104175567627
18.914225339889526
18.914280116558075
18.914327561855316
18.91437429189682
18.967853724956512
18.967905938625336
18.967951774597168
18.96799600124359
18.44234299659729
18.442396223545074
18.442443251609802
18.442488729953766
18.347026467323303
18.34707796573639
18.34712427854538
18.347168505191803
18.33556693792343
18.335631012916565
18.33567923307419
18.33572518825531
18.393496215343475
18.393550992012024
18.39359575510025
18.393650233745575
18.770042777061462
18.770093262195587
18.77013772726059
18.77018976211548
18.402930200099945
18.402990221977234
18.40303671360016
18.403081476688385
18.249727308750153
18.249782502651215
18.24983024597168
18.249875485897064
18.241898000240326
18.241959989070892
18.242010295391083
18.242058098316193
18.01895898580551
18.01901602745056
18.019065499305725
18.01911324262619
18.002240002155304
18.00229501724243
18.002342522144318
18.00238823890686
18.797835052013397
18.79789447784424
18.797943770885468
18.797988533973694
18.64855456352234
18.648611962795258
18.648668229579926
18.648716807365417
18.68214648962021
18.68220818042755
18.68225747346878
18.682316958904266
19.176656246185303
19.17671573162079
19.176765024662018
19.17681246995926
19.055656254291534
19.055713534355164
19.05576330423355
19.055811762809753
19.709782481193542
19.70984399318695
19.709893763065338
19.709950268268585
20.024625778198242
20.024680256843567
20.024727761745453
20.024774074554443
19.526376843452454
19.526435256004333
19.52648401260376
19.526531040668488
19.26044136285782
19.260498106479645
19.260546803474426
19.26059353351593
18.962481439113617
18.962535738945007
18.962583780288696
18.962633669376373
18.93861597776413
18.938678920269012
18.93872618675232
18.938771426677704
19.36846947669983
19.368522226810455
19.36856871843338
19.368613481521606
19.130055248737335
19.130109071731567
19.130155742168427
19.13020271062851
19.431024610996246
19.43701261281967
19.438172101974487
19.438262164592743
19.47901976108551
19.47907727956772
19.479126751422882
19.47917503118515
19.937869429588318
19.937940895557404
19.937993466854095
19.9380464553833
19.647667229175568
19.647729456424713
19.64779371023178
19.647842407226562
19.074917316436768
19.07497203350067
19.075020611286163
19.07506650686264
19.066589295864105
19.066648304462433
19.0666965842247
19.06674301624298
19.032232224941254
19.032284796237946
19.03233104944229
19.032375276088715
18.8022803068161
18.802332758903503
18.802379310131073
18.8024240732193
18.619295954704285
18.619364500045776
18.61942172050476
18.619471490383148
19.5164937376976
19.516552448272705
19.516603767871857
19.516652703285217
19.218499839305878
19.21856051683426
19.21861380338669
19.218663036823273
18.91023325920105
18.910286784172058
18.910334289073944
18.91038078069687
18.891456425189972
18.891510665416718
18.891558706760406
18.891604959964752
18.830528736114502
18.83058500289917
18.830660223960876
18.830706417560577
19.368259251117706
19.368313252925873
19.368360996246338
19.368407011032104
18.975044012069702
18.97511202096939
18.975171744823456
18.975225806236267
19.242380499839783
19.24245047569275
19.242499470710754
19.242546021938324
19.657324254512787
19.657386541366577
19.657445013523102
19.65749418735504
19.352982938289642
19.35304021835327
19.3530912399292
19.35314291715622
19.019224286079407
19.01927947998047
19.019332766532898
19.01938146352768
18.74307155609131
18.743125915527344
18.7431737780571
18.743219792842865
19.532472252845764
19.532540798187256
19.532592236995697
19.532641530036926
19.650974929332733
19.651035964488983
19.651085197925568
19.651132464408875
19.02787095308304
19.027925491333008
19.02797293663025
19.028019189834595
19.30237901210785
19.30244106054306
19.3024942278862
19.30254101753235
19.195518970489502
19.195582270622253
19.195628762245178
19.1956729888916
19.80560475587845
19.80565708875656
19.805707275867462
19.80575180053711
19.834294259548187
19.834367752075195
19.834418773651123
19.834474980831146
19.548280775547028
19.548337936401367
19.548385977745056
19.548433005809784
19.674914240837097
19.67497831583023
19.675026774406433
19.675073266029358
20.547741413116455
20.547793924808502
20.54785794019699
20.547914385795593
20.27839905023575
20.27845424413681
20.27850705385208
20.278553009033203
19.964054942131042
19.96410846710205
19.9641552567482
19.964200735092163
19.478528678417206
19.47858065366745
19.478626430034637
19.478671431541443
19.341189980506897
19.341252744197845
19.341332018375397
19.34138971567154
20.08329200744629
20.083348512649536
20.083396434783936
20.08344292640686
19.706885278224945
19.706939816474915
19.706987977027893
19.70703774690628
19.604439795017242
19.60449308156967
19.604540526866913
19.60458678007126
19.632518708705902
19.632584273815155
19.632631719112396
19.632682144641876
19.20753699541092
19.207593739032745
19.20764422416687
19.20769226551056
19.984858989715576
19.98491472005844
19.98496502637863
19.985013961791992
19.940123796463013
19.940178275108337
19.94022572040558
19.94027203321457
19.984769463539124
19.98482322692871
19.984871208667755
19.984917283058167
19.55905330181122
19.559107780456543
19.559156239032745
19.559203267097473
19.642065703868866
19.642120480537415
19.642169713974
19.642216742038727
19.846204459667206
19.846262216567993
19.846312761306763
19.84636151790619
20.47318923473358
20.473245441913605
20.473294734954834
20.473343431949615
20.77005571126938
20.77010977268219
20.770162522792816
20.770208179950714
20.22807502746582
20.228128969669342
20.22817599773407
20.22822219133377
19.858782052993774
19.85884028673172
19.858888566493988
19.85893452167511
20.018829226493835
20.018882989883423
20.018929541110992
20.018974483013153
19.665744841098785
19.665795505046844
19.66584050655365
19.665883541107178
19.400183737277985
19.40025645494461
19.40030300617218
19.40034693479538
18.717015266418457
18.71707022190094
18.717118501663208
18.71717494726181
18.966274678707123
18.966326475143433
18.9663724899292
18.966417253017426
19.562317192554474
19.562370896339417
19.56241875886917
19.562467753887177
18.485300302505493
18.48535680770874
18.485404074192047
18.485448837280273
19.55757075548172
19.557629942893982
19.55767720937729
19.557723462581635
19.010273933410645
19.01032865047455
19.01040542125702
19.010454893112183
18.935627222061157
18.93570190668106
18.935763001441956
18.935810685157776
19.905390739440918
19.905445516109467
19.905493795871735
19.905541479587555
19.078750550746918
19.07880300283432
19.07884979248047
19.078895211219788
19.316781044006348
19.316834568977356
19.31688553094864
19.316930532455444
19.1059730052948
19.106025457382202
19.106072783470154
19.106118500232697
19.774037420749664
19.774100720882416
19.774149894714355
19.774197459220886
19.057080507278442
19.05713653564453
19.05718606710434
19.057233810424805
18.95233905315399
18.952393233776093
18.952442288398743
18.952489256858826
19.48942631483078
19.489483535289764
19.489534556865692
19.489584267139435
19.141826808452606
19.14192020893097
19.141973674297333
19.142027974128723
19.402917981147766
19.402974903583527
19.40302550792694
19.40309828519821
19.053268492221832
19.053322434425354
19.05336970090866
19.053415179252625
19.183556735515594
19.183611512184143
19.183663070201874
19.183731496334076
19.19170194864273
19.191763937473297
19.191814959049225
19.191861748695374
18.966445982456207
18.96650004386902
18.96654850244522
18.966594755649567
18.834860920906067
18.834916472434998
18.834963977336884
18.83501136302948
19.145772755146027
19.145829439163208
19.145879209041595
19.145927250385284
19.06426453590393
19.06431806087494
19.064364314079285
19.06440931558609
19.434279024600983
19.43433427810669
19.434383273124695
19.434430837631226
18.853239715099335
18.85331404209137
18.85336345434189
18.85344046354294
19.77585732936859
19.775916516780853
19.77596527338028
19.776012301445007
19.893986999988556
19.894040942192078
19.89408850669861
19.89413446187973
18.393990218639374
18.39404720067978
18.39409625530243
18.39414346218109
19.715097546577454
19.71516329050064
19.71521484851837
19.715262293815613
18.49122577905655
18.491282284259796
18.49133175611496
18.49137818813324
18.8496515750885
18.849711537361145
18.84976601600647
18.84982055425644
19.52764892578125
19.527707040309906
19.527758479118347
19.527822732925415
19.51496422290802
19.515033960342407
19.51508402824402
19.515130758285522
18.825353503227234
18.82540673017502
18.82545393705368
18.82549947500229
19.498607993125916
19.498673260211945
19.498724460601807
19.498772740364075
19.1506205201149
19.150679528713226
19.15072852373123
19.15077555179596
18.80006718635559
18.800132751464844
18.800182700157166
18.80022943019867
19.144868791103363
19.144922018051147
19.14496886730194
19.145014584064484
19.672783732414246
19.672840476036072
19.672941029071808
19.673012256622314
19.194035530090332
19.194106996059418
19.194158256053925
19.1942418217659
18.44722419977188
18.447282433509827
18.44733417034149
18.447389006614685
19.23973375558853
19.239790976047516
19.239850461483
19.23989725112915
18.390873968601227
18.390927255153656
18.39097422361374
18.391020476818085
19.313122749328613
19.313178181648254
19.313227236270905
19.313274443149567
19.286572337150574
19.286628305912018
19.28670060634613
19.286750495433807
19.226811170578003
19.226869761943817
19.22691947221756
19.226967751979828
19.34890079498291
19.348957061767578
19.349007308483124
19.34905570745468
19.260767221450806
19.260822355747223
19.260870039463043
19.26094251871109
19.66295975446701
19.66301256418228
19.663059294223785
19.66310477256775
19.396414279937744
19.396470427513123
19.396520256996155
19.39656776189804
18.96523255109787
18.965288043022156
18.96533703804016
18.965384304523468
19.171342074871063
19.171396255493164
19.171443819999695
19.17148983478546
19.23557949066162
19.235656559467316
19.23570603132248
19.235752999782562
19.874113261699677
19.8741734623909
19.874227046966553
19.87427645921707
19.638721704483032
19.63878172636032
19.638833224773407
19.63888293504715
19.466873586177826
19.466931343078613
19.46698009967804
19.467026591300964
19.355404794216156
19.3554584980011
19.35550606250763
19.355566799640656
19.07107526063919
19.071130514144897
19.071180045604706
19.071228504180908
18.735833644866943
18.735890984535217
18.735941410064697
18.735989689826965
18.962447702884674
18.962505519390106
18.96255624294281
18.962604761123657
19.253360271453857
19.253413796424866
19.253461480140686
19.253527224063873
19.493178725242615
19.49323731660843
19.49328625202179
19.493333756923676
19.63579398393631
19.63585776090622
19.635908544063568
19.635967016220093
18.950729191303253
18.950785994529724
18.950835466384888
18.950883269309998
19.697122275829315
19.697182774543762
19.69723653793335
19.697294294834137
19.640652179718018
19.64070874452591
19.640757977962494
19.640806198120117
20.071528553962708
20.071585714817047
20.071635484695435
20.071683287620544
19.07187122106552
19.071926474571228
19.07197540998459
19.072022914886475
19.551441550254822
19.551497757434845
19.551546573638916
19.55159455537796
19.882158875465393
19.882216811180115
19.882268130779266
19.88231885433197
19.23276424407959
19.23282527923584
19.232875287532806
19.23292303085327
19.895657539367676
19.895723938941956
19.895773470401764
19.895821750164032
20.069631695747375
20.06969153881073
20.069739997386932
20.06978678703308
19.687500298023224
19.687557578086853
19.68760657310486
19.68765377998352
20.22540181875229
20.225455045700073
20.2255020737648
20.225547552108765
19.857950747013092
19.858003079891205
19.858057498931885
19.858118295669556
19.516223549842834
19.51630198955536
19.51635754108429
19.51640647649765
19.74425846338272
19.744313538074493
19.74437427520752
19.744437515735626
19.99524462223053
19.995301723480225
19.99534946680069
19.995395004749298
19.329481720924377
19.329533219337463
19.32957899570465
19.329623520374298
19.342138051986694
19.342199206352234
19.342252731323242
19.34230548143387
19.90892803668976
19.908989787101746
19.909039795398712
19.909089505672455
19.110671818256378
19.110731065273285
19.11078053712845
19.110827565193176
19.515685260295868
19.515741765499115
19.515790939331055
19.515838503837585
19.24328202009201
19.243344604969025
19.243394553661346
19.243443548679352
19.43488448858261
19.434945285320282
19.434996247291565
19.43504625558853
18.764927744865417
18.76498454809189
18.765034019947052
18.765081763267517
19.4708411693573
19.470910906791687
19.470963418483734
19.47101092338562
19.261220514774323
19.261280238628387
19.26132720708847
19.261372983455658
19.178450286388397
19.178505301475525
19.178553998470306
19.17860072851181
19.192487478256226
19.19254696369171
19.192636728286743
19.19270944595337
19.736558735370636
19.736616015434265
19.736666202545166
19.736715018749237
19.202434718608856
19.202489495277405
19.202537953853607
19.202584266662598
19.92956256866455
19.929617762565613
19.929666578769684
19.92971408367157
19.486292243003845
19.48634696006775
19.486394941806793
19.486456215381622
19.697387099266052
19.69744199514389
19.697489798069
19.6975359916687
20.00352370738983
20.003583192825317
20.003635227680206
20.003681242465973
19.930157840251923
19.930206537246704
19.93024981021881
19.930291771888733
20.132302224636078
20.13236141204834
20.13240796327591
20.132452428340912
20.114566266536713
20.1146302819252
20.11467880010605
20.11472600698471
19.789607763290405
19.789668798446655
19.789716958999634
19.789762496948242
19.798451483249664
19.798507690429688
19.79855591058731
19.79860645532608
19.41912293434143
19.419183433055878
19.419228196144104
19.419276416301727
19.8402379155159
19.840294301509857
19.840340495109558
19.840395271778107
19.48986929655075
19.489928781986237
19.489978790283203
19.490026772022247
19.82353448867798
19.823599994182587
19.823651492595673
19.82370001077652
19.45464026927948
19.454696238040924
19.454745948314667
19.454793512821198
19.945869028568268
19.945962488651276
19.946013569831848
19.94606751203537
19.772013783454895
19.772067189216614
19.772114038467407
19.772159039974213
20.108529925346375
20.10861051082611
20.108672976493835
20.108724772930145
20.504217445850372
20.504282236099243
20.504334449768066
20.504418194293976
20.14124494791031
20.1413032412529
20.141349017620087
20.141393423080444
20.54455840587616
20.544614017009735
20.5446634888649
20.544722020626068
20.224575698375702
20.224640011787415
20.22469252347946
20.22474205493927
20.46798974275589
20.468061983585358
20.468129217624664
20.46819794178009
20.00083827972412
20.00089204311371
20.000938296318054
20.00098329782486
20.169875264167786
20.169942259788513
20.1700000166893
20.170053005218506
20.532631754875183
20.53274381160736
20.532820284366608
20.53287559747696
20.650956392288208
20.65101146697998
20.651059687137604
20.65110868215561
20.057567715644836
20.05762070417404
20.057667672634125
20.057713270187378
20.22503823041916
20.225090622901917
20.22513622045517
20.22518104314804
20.054729521274567
20.054786264896393
20.054835557937622
20.05488348007202
19.7469043135643
19.74696457386017
19.747015297412872
19.747064769268036
20.280196011066437
20.28025323152542
20.280303061008453
20.280351221561432
19.928721010684967
19.92878645658493
19.92883676290512
19.92888456583023
19.997681736946106
19.997736036777496
19.997783720493317
19.997829258441925
20.31456369161606
20.314619719982147
20.314668476581573
20.314715445041656
20.316567480564117
20.316631019115448
20.31667995452881
20.316725969314575
20.264495193958282
20.26454621553421
20.264590740203857
20.264633178710938
20.289913773536682
20.28999572992325
20.29006427526474
20.290113747119904
20.33629697561264
20.33635973930359
20.336417734622955
20.33646696805954
20.16042947769165
20.1605367064476
20.160586297512054
20.16063302755356
20.34509164094925
20.3451509475708
20.345199406147003
20.345245897769928
20.27857607603073
20.278650283813477
20.278702557086945
20.27875155210495
20.41847276687622
20.418527483940125
20.418575048446655
20.418624460697174
20.20496279001236
20.205020368099213
20.205071330070496
20.20512080192566
20.404898583889008
20.40495413541794
20.40500283241272
20.40504962205887
20.361872136592865
20.361927688121796
20.361976981163025
20.362024188041687
20.860645473003387
20.8607080578804
20.860758244991302
20.86080676317215
20.56092607975006
20.560981273651123
20.561029016971588
20.561075031757355
20.51589274406433
20.51594704389572
20.515995025634766
20.516041219234467
20.467773735523224
20.467823684215546
20.467868447303772
20.467911779880524
20.492176473140717
20.49223029613495
20.492277204990387
20.49232244491577
20.604827404022217
20.60489320755005
20.604960501194
20.60500603914261
20.448406517505646
20.44846147298813
20.448509454727173
20.44855672121048
20.27792227268219
20.277981996536255
20.278031766414642
20.278079450130463
20.41053819656372
20.41059273481369
20.410640478134155
20.410686194896698
20.496832072734833
20.49688583612442
20.496936798095703
20.49698281288147
20.143633246421814
20.143687546253204
20.143739223480225
20.143785536289215
20.487961530685425
20.488016486167908
20.48806530237198
20.48811274766922
20.522962987422943
20.52302348613739
20.523073196411133
20.5231214761734
20.706409990787506
20.70646971464157
20.70652449131012
20.706571757793427
20.42161077260971
20.42166644334793
20.421719014644623
20.42176604270935
20.54844069480896
20.548495411872864
20.548543453216553
20.54858922958374
20.518819510936737
20.51887947320938
20.518929481506348
20.51897782087326
20.368566513061523
20.36864799261093
20.3687002658844
20.368748009204865
20.511183202266693
20.511240541934967
20.511291980743408
20.511362731456757
20.487994015216827
20.488048255443573
20.488095223903656
20.488141238689423
20.253996789455414
20.254060745239258
20.254108011722565
20.254165768623352
20.325461983680725
20.325542211532593
20.32558971643448
20.325635313987732
