-1.0
257.75
615.5
351.75
-1.0
296.25
645.5
357.5
-1.0
320.5
652.75
332.5
-1.0
295.5
622.0
338.0
-1.0
288.0
586.5
313.0
-1.0
263.0
563.25
303.25
-1.0
245.25
523.25
285.75
-1.0
241.25
502.25
327.25
-1.0
226.75
531.25
338.25
-1.0
214.0
1186.0
1120.25
-1.0
223.5
1166.25
1085.75
-1.0
223.5
1132.75
1043.5
-1.0
257.75
1180.0
1083.0
-1.0
316.75
1226.25
1161.25
-1.0
328.75
1314.0
1121.75
-1.0
1037.25
1283.25
1217.0
-1.0
1053.75
1250.5
1998.0
-1.0
1118.75
1252.75
1952.25
-1.0
1145.5
1400.75
2022.5
-1.0
1135.75
1402.5
2096.25
-1.0
1213.25
1518.5
2063.25
-1.0
1190.75
1637.0
2024.25
-1.0
2352.75
1660.75
1987.5
-1.0
2656.75
1645.0
2159.75
-1.0
2611.5
1937.5
3358.25
-1.0
2588.75
1962.25
3504.5
-1.0
2541.0
1962.25
3588.25
-1.0
2624.25
2141.0
3750.75
-1.0
2715.5
2170.0
3748.5
-1.0
3937.0
2167.25
3729.0
908.5
3921.0
2187.5
3820.5
1007.25
3894.25
2187.5
3824.75
1008.25
4069.5
2415.75
3935.0
992.5
4215.0
2582.75
3975.0
967.5
4230.75
2624.25
4377.25
1027.25
4289.0
2814.0
4357.5
1005.25
4251.75
2829.5
4378.0
988.75
4277.0
2868.75
4381.5
968.25
4261.75
2916.5
4367.0
989.25
4305.5
2926.5
4396.5
985.5
4439.5
2953.0
4465.5
960.5
4471.25
3007.5
4470.75
958.5
4444.5
3062.75
4629.75
933.5
4401.75
3082.0
4616.0
2556.25
4499.5
3080.75
4674.0
2698.0
4509.25
3086.75
4774.25
2710.25
4489.25
4601.0
4817.25
2690.5
4493.25
4593.5
4804.5
2730.0
4772.25
4727.75
4792.5
4578.75
4758.75
4715.5
4790.0
4557.25
4807.25
4881.0
4976.5
6085.75
4815.25
5109.75
5070.5
6029.75
4826.5
5100.0
5288.25
5962.5
4835.0
5168.75
5295.0
5901.25
5317.75
5272.0
5309.0
5943.25
5345.25
5581.75
5367.0
5885.5
5442.5
5677.75
5383.75
5814.0
5472.0
5813.5
5386.75
5770.75
5709.5
5787.5
5496.75
5952.0
5709.5
5808.25
5521.25
5891.0
5717.75
5794.5
5531.25
5862.0
5766.75
5811.0
5534.25
5805.75
5775.5
5821.0
5540.0
5762.75
5782.0
5816.5
5508.0
5839.0
5834.25
6049.0
5528.5
5782.0
5925.0
6030.5
5523.75
5747.5
5925.0
6027.5
5733.75
5716.5
5942.0
6270.5
5718.0
5705.25
5940.75
6252.25
5717.75
5743.0
5957.75
6281.5
6017.75
5753.75
5979.25
6425.0
6010.0
6089.5
5995.0
6453.0
6030.0
6096.0
5982.25
6412.25
6376.25
6080.75
5974.25
6377.0
6385.5
6257.25
5990.75
6372.5
6405.75
6543.75
6383.25
6428.75
6436.5
6520.5
6408.0
6447.0
6385.0
6496.75
6427.5
6476.0
6374.25
6494.0
6412.75
6481.0
6381.75
6510.75
6425.5
6528.0
6405.25
6526.25
6368.0
6534.25
6396.0
6564.5
6356.75
6533.0
6609.25
6584.75
6360.0
6525.75
6597.25
6570.75
6340.25
6523.0
6551.25
6602.75
6348.0
6547.5
6527.5
6597.75
6357.75
6577.25
6480.75
6572.25
6357.25
6604.5
6473.25
6583.25
6348.0
6613.5
6476.5
6559.5
6336.0
6593.75
6440.25
6569.75
6369.25
6578.75
6434.5
6544.25
6391.25
6574.0
6414.25
6544.5
6391.0
6563.0
6385.75
6568.0
6412.5
6537.0
6381.75
6573.75
6418.0
6527.0
6336.75
6548.0
6409.5
6539.75
6325.75
6548.0
6352.25
6554.5
6348.0
6543.25
6309.75
6558.25
6370.75
6521.25
6280.0
6577.0
6378.75
6516.25
6239.75
6592.25
6391.75
6475.5
6222.0
6595.5
6394.0
6455.25
6222.5
6629.0
6407.5
6416.25
6225.0
6642.5
6408.75
6386.5
6250.25
6618.75
6427.75
6369.75
6240.0
6588.5
6440.25
6358.5
6241.5
6566.5
6442.25
6353.5
6236.25
6561.5
6435.25
6373.25
6215.0
6599.25
6428.75
6387.0
6227.5
6600.25
6392.5
6405.5
6248.75
6596.0
6336.75
6406.25
6266.0
6598.5
6273.0
6410.25
6270.5
6619.75
6227.0
6421.0
6273.25
6643.0
6205.5
6435.5
6267.75
6644.75
6164.75
6405.5
6285.0
6682.0
6194.5
6365.75
6278.75
6693.25
6184.25
6328.75
6273.5
6694.0
6193.0
6300.25
6244.25
6699.25
6213.25
6285.75
6211.5
6716.25
6229.75
6275.25
6219.0
6720.25
6231.5
6241.5
6210.75
6742.25
6220.75
6233.5
6202.0
6756.25
6217.5
6232.75
6196.5
6759.25
6177.75
6247.25
6210.25
6745.5
6114.25
6266.0
6211.0
6733.75
6086.0
6259.5
6171.25
6733.75
6100.5
6235.25
6174.25
6751.25
6107.0
6189.0
6174.5
6745.75
6088.25
6163.75
6185.25
6769.25
6090.75
6137.0
6179.25
6767.0
6071.5
6115.5
6198.5
6720.0
6083.75
6073.25
6204.5
6709.25
6085.75
6047.0
6205.5
6714.5
6111.75
6035.75
6208.5
6711.75
6127.5
6009.75
6221.75
6719.75
6107.25
5976.75
6234.75
6715.75
6104.0
5965.25
6263.75
6735.25
6092.25
5966.75
6299.5
6714.0
6122.0
6017.75
6353.5
6672.25
6171.5
6054.25
6400.75
6618.75
6209.75
6067.75
6432.25
6605.75
6228.0
6078.25
6487.0
6627.5
6239.5
6149.0
6548.25
6688.75
6305.0
6175.25
6582.5
6737.25
6323.0
6322.75
6646.0
6914.5
6430.75
6595.5
6703.0
7154.0
6710.25
6725.0
6696.25
7209.75
6771.0
6819.5
6722.5
7356.75
6918.25
7290.75
7109.0
7591.0
7390.25
7416.5
7380.5
7718.0
7523.25
7463.25
7421.5
7826.75
7598.5
7701.0
7663.25
8298.75
7894.0
7846.0
7698.5
8353.25
8019.25
8031.25
7899.25
8399.5
8273.25
8273.0
7948.5
8440.75
8458.5
8274.25
7997.75
8508.5
8487.5
8323.25
8049.5
8597.0
8531.25
8312.0
8095.5
8635.25
8526.5
8285.75
8122.75
8679.5
8502.25
8327.25
8136.75
8653.75
8503.5
8331.25
8201.5
8634.5
8443.5
8333.75
8193.75
8645.5
8360.25
8324.5
8191.5
8638.75
8283.0
8298.25
8173.5
8639.0
8231.25
8295.0
8145.5
8604.0
8197.5
8250.5
8130.5
8579.0
8182.0
8200.5
8108.25
8554.0
8179.25
8155.5
8078.25
8529.0
8179.25
8129.75
8039.5
8495.5
8177.25
8084.25
8034.5
8465.25
8158.0
8070.25
8021.5
8429.0
8121.25
8070.25
8015.0
8400.5
8056.25
8070.25
8011.5
8367.75
7992.5
8068.0
7997.5
8341.25
7935.25
8048.5
7968.5
8333.0
7892.0
8037.0
7942.75
8293.5
7868.75
7989.75
7932.25
8267.75
7852.25
7939.75
7932.25
8238.5
7831.5
7885.25
7920.0
8208.75
7828.0
7832.75
7903.75
8177.5
7828.0
7783.5
7888.25
8145.25
7825.0
7754.0
7884.5
8106.25
7797.25
7729.0
7884.5
8077.0
7751.5
7704.0
7884.5
8052.0
7701.5
7655.25
7884.5
8027.0
7675.25
7628.0
7867.25
8001.75
7645.0
7598.0
7838.75
7986.5
7618.75
7566.0
7813.75
7972.25
7590.0
7549.5
7773.25
7959.75
7559.5
7511.75
7722.75
7953.0
7554.5
7511.75
7673.0
7949.5
7507.75
7494.0
7623.25
7949.5
7475.25
7480.5
7569.5
7944.0
7448.0
7460.25
7531.75
7940.25
7409.75
7453.5
7499.5
7933.75
7355.25
7453.5
7474.25
7908.75
7305.5
7445.25
7453.5
7881.0
7262.25
7436.25
7422.5
7868.75
7214.5
7412.75
7397.5
7852.0
7179.75
7362.75
7372.5
7852.0
7154.75
7310.0
7347.5
7843.25
7141.25
7262.25
7332.75
7818.25
7128.75
7235.5
7305.0
7793.25
7108.25
7231.5
7281.75
7749.0
7079.75
7231.5
7245.0
7694.0
7071.5
7231.5
7217.25
7621.75
7071.5
7225.75
7191.25
7570.25
7054.75
7225.75
7167.0
7494.5
7054.75
7218.0
7145.25
7438.25
7040.5
7199.0
7128.5
7395.5
7019.0
7161.75
7110.5
7361.0
7008.75
7161.75
7067.75
7317.5
6995.0
7146.0
7044.25
7280.0
6971.75
7101.75
7041.5
7250.5
6948.25
7061.0
7006.0
7232.0
6943.0
6994.25
6984.75
7227.25
6935.75
6944.25
6984.75
7206.5
6906.5
6894.25
6984.75
7206.5
6856.5
6855.0
6984.75
7188.5
6813.75
6805.0
6980.25
7163.0
6793.75
6759.0
6967.25
7129.25
6786.5
6751.0
6942.0
7094.5
6754.5
6736.5
6905.25
7069.5
6730.75
6697.5
6896.25
7029.5
6718.75
6675.75
6866.5
6999.0
6700.75
6655.25
6823.25
6992.75
6670.75
6627.0
6791.0
6989.0
6635.0
6599.0
6766.0
6971.75
6605.25
6571.5
6738.0
6954.5
6578.0
6521.5
6713.0
6929.5
6578.0
6465.75
6682.75
6919.5
6574.0
6412.5
6668.5
6902.0
6559.0
6367.5
6649.0
6897.0
6528.5
6338.25
6601.5
6887.75
6514.5
6310.75
6554.0
6862.75
6514.5
6285.75
6501.75
6845.0
6509.5
6246.0
6451.5
6845.0
6499.5
6227.75
6407.0
6826.5
6480.75
6221.0
6383.0
6786.75
6451.25
6221.0
6353.5
6741.25
6426.25
6215.75
6321.75
6704.0
6400.5
6181.5
6302.5
6670.0
6388.0
6149.25
6292.5
6643.5
6356.75
6143.5
6263.5
6613.0
6322.0
6129.5
6235.0
6584.0
6293.5
6099.0
6203.5
6576.75
6262.75
6066.75
6165.0
6570.25
6240.0
6052.25
6116.5
6550.5
6222.75
6016.25
6110.25
6504.25
6211.25
5989.0
6102.5
6446.5
6204.0
5977.5
6088.5
6383.5
6192.5
5947.75
6084.75
6326.5
6183.0
5922.75
6084.75
6251.5
6183.0
5895.75
6082.25
6185.25
6178.75
5870.75
6082.25
6135.25
6153.75
5859.25
6077.25
6080.75
6124.75
5853.75
6075.25
6046.75
6066.25
5848.0
6055.25
6044.75
5994.0
5821.0
6020.25
6044.75
5956.0
5810.75
5964.75
6039.25
5927.25
5804.0
5909.5
6030.5
5898.0
5797.75
5853.5
6000.5
5890.25
5792.5
5788.75
5975.75
5885.0
5791.75
5713.75
5951.5
5885.0
5791.75
5638.75
5926.5
5885.0
5791.75
5563.75
5901.5
5885.0
5782.75
5501.0
5880.25
5878.0
5751.5
5452.25
5863.5
5874.75
5722.75
5400.75
5849.75
5868.75
5702.75
5345.5
5830.75
5863.0
5689.0
5306.75
5787.0
5859.25
5682.0
5285.25
5724.25
5850.5
5678.0
5261.25
5657.0
5845.75
5672.5
5253.5
5574.75
5841.25
5666.75
5241.25
5498.5
5835.5
5661.25
5227.0
5424.0
5829.75
5649.25
5223.75
5342.0
5827.0
5621.5
5221.25
5276.0
5823.25
5596.5
5221.25
5226.0
5798.25
5571.5
5221.25
5176.0
5773.25
5547.25
5216.0
5122.0
5756.75
5540.75
5204.5
5072.0
5724.75
5537.25
5189.0
5044.0
5671.75
5535.0
5180.25
5023.25
5603.5
5531.25
5172.25
5013.75
5524.75
5509.0
5169.5
5013.75
5449.75
5484.0
5169.5
5013.75
5374.75
5452.25
5166.5
5008.25
5315.0
5427.25
5146.0
5006.25
5262.5
5386.0
5126.75
4993.25
5236.0
5344.25
5106.5
4973.25
5218.0
5293.75
5099.5
4964.5
5184.25
5258.0
5092.25
4959.0
5132.75
5234.25
5082.0
4935.5
5090.25
5199.5
5074.5
4907.25
5060.75
5166.75
5068.5
4877.0
5029.75
5141.25
5049.5
4859.0
4992.25
5141.25
5021.0
4818.0
4961.75
5141.25
4996.0
4768.0
4936.75
5141.25
4971.0
4718.0
4911.75
5141.25
4946.0
4668.0
4886.75
5141.25
4921.0
4618.0
4861.75
5141.25
4891.0
4562.0
4847.75
5141.25
4866.0
4512.0
4822.75
5118.75
4841.0
4476.0
4806.25
5066.25
4807.0
4462.5
4806.25
5032.5
4784.0
4429.25
4796.25
4991.75
4766.0
4407.5
4776.75
4948.75
4743.0
4384.25
4766.0
4887.5
4732.25
4369.5
4752.75
4824.25
4721.0
4356.25
4740.5
4764.75
4703.0
4344.0
4730.25
4707.0
4680.75
4333.0
4721.25
4654.0
4657.5
4326.5
4704.0
4604.0
4632.5
4326.5
4679.0
4554.0
4607.5
4326.5
4654.0
4505.5
4581.0
4326.5
4629.0
4472.75
4566.5
4308.5
4594.25
4432.0
4554.75
4286.0
4569.25
4382.0
4554.75
4261.0
4544.25
4341.75
4554.75
4236.0
4509.5
4323.25
4544.75
4199.0
4475.0
4315.0
4544.75
4155.0
4427.25
4305.5
4526.25
4121.5
4388.75
4305.5
4501.25
4071.5
4363.75
4299.75
4472.5
4036.75
4333.0
4286.5
4432.75
4027.75
4295.0
4256.75
4388.5
4015.75
4281.0
4233.75
4341.25
4006.5
4260.5
4212.5
4296.5
3992.75
4240.25
4172.25
4266.0
3986.75
4217.0
4143.75
4236.0
3970.75
4191.5
4118.75
4211.0
3945.75
4166.5
4088.5
4180.0
3941.25
4132.25
4055.0
4149.25
3930.5
4107.25
4026.0
4121.0
3922.5
4072.5
4001.0
4085.0
3913.0
4043.0
3986.0
4048.25
3902.5
4005.25
3970.25
4019.0
3884.25
3968.5
3944.25
3996.0
3860.5
3941.25
3919.5
3970.25
3829.5
3922.75
3903.0
3919.5
3813.75
3905.75
3887.25
3880.75
3790.25
3883.75
3860.5
3853.75
3767.25
3860.5
3832.0
3830.75
3741.0
3838.25
3814.5
3803.5
3710.75
3813.25
3786.25
3781.5
3685.0
3789.25
3767.0
3754.5
3655.5
3765.0
3739.25
3733.75
3633.5
3735.5
3706.0
3709.25
3612.25
3714.5
3685.75
3679.5
3588.25
3688.5
3665.0
3657.0
3555.75
3664.25
3635.25
3633.25
3532.75
3640.75
3618.5
3603.5
3501.75
3618.25
3593.75
3579.5
3476.75
3592.0
3569.75
3550.75
3452.0
3569.5
3543.75
3524.5
3430.25
3543.5
3521.25
3499.5
3402.25
3519.0
3501.25
3475.25
3373.0
3492.5
3475.5
3451.25
3343.0
3472.25
3447.75
3428.25
3316.0
3450.0
3423.25
3407.25
3290.5
3421.0
3404.5
3372.5
3261.75
3403.25
3376.25
3343.25
3237.75
3384.75
3353.25
3322.25
3214.75
3351.75
3329.5
3297.25
3183.5
3331.75
3301.75
3273.25
3166.0
3301.0
3277.5
3250.0
3136.75
3277.75
3254.25
3217.75
3112.25
3257.75
3223.75
3199.5
3090.5
3228.25
3205.75
3175.75
3053.25
3207.25
3180.0
3144.75
3034.5
3182.75
3158.5
3124.0
3001.0
3158.5
3136.25
3089.25
2982.75
3133.75
3100.0
3071.5
2958.5
3112.0
3076.75
3045.75
2936.0
3083.5
3053.75
3019.75
2914.5
3054.0
3022.75
2998.75
2886.5
3034.0
3001.5
2970.0
2861.5
3009.0
2977.75
2946.75
2836.5
2981.0
2957.25
2914.5
2812.25
2958.0
2935.75
2891.5
2780.75
2934.0
2914.5
2861.0
2755.5
2911.0
2886.0
2839.0
2732.0
2885.0
2864.75
2817.25
2701.75
2858.25
2837.75
2789.25
2677.0
2838.0
2810.25
2760.5
2653.75
2817.5
2791.5
2733.5
2628.0
2789.0
2762.75
2710.75
2604.5
2764.0
2743.75
2677.25
2576.75
2744.25
2717.5
2660.0
2549.0
2715.5
2696.0
2628.5
2522.25
2695.25
2672.75
2601.75
2498.0
2669.5
2645.5
2579.0
2477.0
2640.5
2622.5
2550.0
2446.0
2623.5
2596.0
2527.75
2414.0
2604.25
2576.75
2501.5
2388.25
2575.5
2550.0
2473.5
2362.75
2555.75
2527.5
2448.25
2331.75
2534.5
2507.75
2425.75
2304.0
2504.5
2482.0
2399.25
2278.75
2482.0
2457.25
2373.0
2251.0
2460.75
2436.25
2356.25
2221.75
2427.75
2407.0
2321.5
2204.5
2409.0
2384.0
2300.75
2164.0
2393.25
2363.25
2273.25
2143.25
2362.25
2333.25
2248.75
2124.0
2336.0
2309.5
2224.0
2095.0
2313.5
2286.25
2198.0
2074.0
2283.75
2259.75
2179.25
2045.75
2257.25
2236.75
2163.5
2022.5
2219.25
2197.0
2140.75
2003.5
2200.75
2175.75
2130.0
1975.75
2160.5
2156.75
2116.0
1955.75
2113.5
2093.25
2107.5
1932.25
2109.0
2053.0
2097.0
1895.5
2096.5
2008.5
2077.5
1875.0
2081.0
1978.0
2070.75
1819.25
2074.0
1948.25
2053.75
1780.25
2059.75
1912.5
2034.75
1775.25
2019.5
1898.0
1995.5
1767.75
1980.75
1893.25
1981.25
1741.5
1926.0
1882.25
1974.75
1709.5
1875.5
1882.25
1937.0
1687.25
1835.5
1871.0
1912.0
1662.25
1796.75
1840.25
1884.75
1654.75
1762.25
1776.5
1882.5
1635.25
1747.75
1747.5
1876.25
1594.25
1724.0
1672.25
1863.75
1584.25
1721.75
1649.0
1836.75
1570.25
1686.0
1613.25
1806.0
1569.0
1653.75
1588.25
1773.0
1540.5
1640.25
1543.25
1749.5
1514.0
1635.25
1515.25
1740.25
1478.75
1607.75
1507.0
1730.25
1435.0
1569.75
1500.5
1719.75
1409.25
1512.5
1489.5
1675.25
1407.0
1470.25
1474.25
1631.25
1398.75
1437.75
1419.0
1600.0
1394.5
1428.5
1369.0
1575.0
1394.5
1403.5
1327.25
1561.0
1379.75
1374.0
1298.0
1531.25
1375.25
1337.5
1259.5
1503.75
1366.25
1312.5
1219.0
1494.25
1361.0
1267.75
1207.25
1488.25
1331.75
1214.75
1180.25
1473.25
1304.5
1184.0
1152.0
1449.5
1287.25
1153.25
1121.25
1426.0
1251.25
1143.5
1082.75
1398.5
1234.0
1126.75
1041.75
1363.75
1224.75
1111.75
1014.25
1296.75
1222.25
1108.75
989.5
1272.25
1204.5
1075.75
989.5
1241.0
1173.0
1038.5
989.5
1191.0
1148.0
1013.5
969.25
1154.75
1135.25
982.75
954.75
1099.5
1133.0
954.75
954.75
1049.5
1108.0
929.75
947.75
1007.75
1083.0
903.5
919.25
1003.25
1041.75
877.75
894.25
1003.25
990.5
854.0
869.25
1003.25
943.25
826.25
844.25
1003.25
918.25
776.25
799.25
1003.25
893.25
746.25
762.5
999.5
858.75
721.25
757.5
951.25
832.0
701.25
731.75
890.0
824.75
695.5
693.5
859.0
818.0
671.5
658.5
831.25
812.75
639.5
626.0
804.25
804.75
607.0
593.5
769.75
801.5
577.25
550.0
748.75
798.75
544.5
520.25
718.75
791.5
511.5
495.25
668.75
791.5
486.5
477.75
629.5
774.75
460.0
449.0
581.5
760.25
451.25
430.0
558.75
728.0
425.25
410.0
537.0
682.5
412.5
400.25
524.5
630.25
387.0
380.25
493.5
582.0
386.25
352.25
452.0
555.5
382.25
338.25
421.5
526.25
356.0
332.0
383.25
493.75
333.0
304.5
363.0
446.5
328.0
270.75
346.5
404.75
320.0
260.0
335.75
358.25
288.0
238.75
324.75
319.75
258.75
223.75
314.25
279.75
224.25
202.0
291.25
247.0
201.75
182.75
256.0
217.0
186.25
168.0
230.0
170.75
173.25
144.5
202.5
151.5
143.5
99.75
176.75
137.75
127.75
53.0
165.5
126.5
97.0
37.0
139.25
102.5
63.25
35.0
97.25
73.5
36.25
22.75
48.5
51.0
19.75
7.25
1.0
23.0
10.75
