564.125
590.375
526.25
551.75
511.75
513.75
478.5
484.375
443.125
453.75
408.125
423.875
379.875
396.25
344.625
357.625
314.625
330.375
282.0
295.0
257.125
504.625
484.125
710.125
1181.0
915.625
1168.0
925.75
1142.0
1142.375
1137.0
1135.0
1127.875
1130.5
1112.25
1121.0
1114.375
1106.5
1124.5
1089.125
1135.0
1087.5
1125.25
1122.5
1348.125
1205.125
1455.0
1605.875
1418.5
1596.375
1845.0
2190.625
2001.875
2188.375
2147.5
2252.625
2527.125
2392.875
2848.125
2532.5
2869.875
2869.875
3163.0
3156.125
3228.0
3362.0
3363.625
3423.25
3386.75
3746.0
3617.375
3977.5
3696.25
4210.375
3733.875
4186.25
3700.875
4295.125
3816.125
4288.375
3792.5
4328.75
4140.875
4436.25
4375.625
4413.5
4360.375
4484.0
4338.0
4497.875
4378.875
4460.5
4343.875
4462.5
4307.25
4427.5
4469.25
4441.75
4468.75
4512.125
4462.25
4489.25
4447.875
4475.25
4416.375
4457.625
4388.875
4431.5
4356.0
4418.25
4319.75
4387.5
4299.375
4370.375
4269.5
4338.75
4245.25
4317.875
4225.0
4289.0
4217.375
4254.375
4203.875
4219.625
4204.875
4179.5
4190.75
4130.25
4189.25
4074.625
4189.75
4016.875
4181.0
3960.375
4173.625
3904.375
4172.125
3874.0
4148.5
3849.125
4144.75
3803.625
4128.25
3763.125
4114.0
3729.25
4092.375
3703.0
4072.0
3676.25
4041.125
3641.875
4009.0
3614.0
3979.375
3584.25
3939.625
3567.375
3914.5
3557.875
3881.5
3547.375
3843.125
3528.375
3802.375
3511.625
3760.125
3490.5
3723.125
3482.0
3681.25
3488.5
3649.5
3483.125
3619.375
3488.75
3604.625
3495.5
3603.625
3523.25
3588.25
3533.0
3577.375
3548.125
3595.375
3570.75
3606.75
3578.0
3633.0
3611.25
3666.875
3636.125
3712.625
3681.25
3726.875
3742.5
3778.375
3790.75
3836.75
3885.5
3837.875
3960.375
3931.0
4004.875
3965.75
4028.5
3986.0
4022.875
4030.875
3982.0
4018.5
3931.25
3993.375
3887.375
3980.0
3836.0
3952.875
3776.0
3933.125
3709.5
3902.125
3643.375
3858.125
3587.875
3810.75
3535.25
3761.125
3484.875
3699.875
3446.125
3641.625
3404.375
3606.625
3339.375
3576.0
3270.0
3544.375
3201.625
3497.0
3149.0
3447.0
3099.0
3408.5
3037.5
3351.75
2994.25
3282.625
2963.375
3210.75
2935.25
3148.125
2897.875
3079.0
2867.0
3009.875
2836.125
2940.75
2805.25
2892.75
2753.25
2833.0
2713.0
2769.5
2676.5
2707.25
2638.75
2645.75
2600.25
2583.75
2562.25
2528.125
2517.875
2487.0
2459.0
2441.75
2404.25
2391.0
2355.0
2339.25
2306.75
2282.0
2264.0
2231.0
2215.0
2182.25
2163.75
2132.125
2113.875
2084.625
2061.375
2027.0
2019.0
1976.5
1969.5
1930.125
1915.875
1881.375
1864.625
1834.625
1811.375
1779.625
1766.375
1727.875
1718.125
1679.375
1666.625
1624.375
1621.625
1574.875
1571.125
1526.875
1519.125
1481.25
1464.75
1428.125
1417.875
1377.625
1368.375
1330.375
1315.625
1281.5
1264.5
1234.125
1211.875
1182.0
1164.0
1133.0
1113.0
1081.375
1064.625
1029.125
1016.875
982.0
964.0
933.25
912.75
889.125
856.875
829.375
816.625
773.0
773.0
738.875
707.125
694.875
651.125
653.875
592.125
608.625
537.375
553.0
493.0
499.75
446.25
451.25
394.75
386.375
359.625
343.875
302.125
305.125
240.875
261.625
184.375
208.5
137.5
142.875
103.125
56.625
89.375
16.5
29.5
