2.540291517972946
2.540383905172348
2.5318905413150787
2.531991124153137
2.569384664297104
2.5694926381111145
2.566981941461563
2.56707102060318
2.5692511200904846
2.5693297386169434
2.5851410925388336
2.585243195295334
2.608578532934189
2.608649432659149
2.613907754421234
2.6140845119953156
2.644965648651123
2.645063102245331
2.6727935671806335
2.6728743612766266
2.8067423701286316
2.806841254234314
2.9770541191101074
2.9771119952201843
3.3710517585277557
3.371152013540268
3.3951401114463806
3.3951993584632874
3.5145746171474457
3.514653891324997
3.572571784257889
3.572632759809494
3.5612415075302124
3.561304986476898
3.5665131211280823
3.566573977470398
3.5770593881607056
3.5771252810955048
3.5838240683078766
3.583896577358246
3.6152996122837067
3.615389585494995
3.6278853118419647
3.6279480159282684
3.679937034845352
3.679996430873871
3.727367103099823
3.72744283080101
3.764572322368622
3.7646394670009613
3.7939577400684357
3.794036090373993
3.834799200296402
3.834864228963852
3.904160648584366
3.9042486250400543
3.9743394255638123
3.9744136333465576
4.020269274711609
4.020335167646408
4.040704727172852
4.040787607431412
4.219780832529068
4.219872623682022
4.265653729438782
4.265748381614685
4.322842627763748
4.322969496250153
4.409762501716614
4.409853994846344
4.4833482801914215
4.48341566324234
4.557637184858322
4.557717114686966
4.559493750333786
4.559560626745224
4.654652297496796
4.6547384560108185
4.6900506019592285
4.6901286244392395
4.766570329666138
4.7666840851306915
4.905129969120026
4.905201941728592
4.926028460264206
4.926095128059387
4.926407188177109
4.926477879285812
4.97971972823143
4.979789972305298
4.99615404009819
4.996217846870422
4.971403986215591
4.97147262096405
4.9185134172439575
4.918575286865234
4.933976024389267
4.934042811393738
5.011915236711502
5.011979669332504
5.1602329313755035
5.160293132066727
5.1362228989601135
5.13628563284874
5.1018016040325165
5.101857513189316
5.148476600646973
5.148532271385193
5.197727769613266
5.197796136140823
5.111334443092346
5.111388444900513
5.238670766353607
5.2387323677539825
5.131810128688812
5.131886392831802
5.104473352432251
5.104694962501526
5.5386254489421844
5.538697361946106
5.326488882303238
5.3265670239925385
5.461856961250305
5.461920768022537
5.7807298600673676
5.78079292178154
5.49687197804451
5.4969282746315
5.4228218495845795
5.422895222902298
5.879480987787247
5.879541337490082
5.778884768486023
5.7789561450481415
5.597253501415253
5.597324371337891
5.895799249410629
5.895863384008408
5.879631131887436
5.879730045795441
6.007675617933273
6.007736146450043
6.26240348815918
6.262485533952713
5.981696516275406
5.984898000955582
6.66630345582962
6.666378051042557
6.63654962182045
6.6366236209869385
6.669597715139389
6.66966900229454
6.5367074608802795
6.53678959608078
6.533937990665436
6.533997893333435
6.197517067193985
6.197587460279465
6.6331159472465515
6.633179068565369
6.863986492156982
6.864066481590271
6.516663014888763
6.516758352518082
7.300342381000519
7.3004186153411865
7.117127001285553
7.117192208766937
6.98637929558754
6.986433029174805
7.232909739017487
7.232973754405975
7.248957693576813
7.249029994010925
7.487238705158234
7.487301409244537
7.82126322388649
7.8213329911231995
7.7947375774383545
7.794813483953476
7.698665380477905
7.698728114366531
7.610905975103378
7.6109717190265656
7.581222295761108
7.58128222823143
7.54140242934227
7.541470319032669
7.797190964221954
7.79726168513298
7.668078690767288
7.668167471885681
7.608899623155594
7.608980119228363
8.526915192604065
8.52700200676918
8.866045117378235
8.866131633520126
9.026893258094788
9.026966631412506
8.881967097520828
8.882030099630356
9.143692910671234
9.143766611814499
9.326282382011414
9.326347589492798
9.186538338661194
9.186617761850357
9.646359860897064
9.646431118249893
9.81223875284195
9.81230553984642
9.565604865550995
9.565670996904373
9.821454912424088
9.821511000394821
10.633683264255524
10.633751630783081
10.438532650470734
10.438591629266739
10.464311927556992
10.464374631643295
10.996982425451279
10.997040897607803
10.586484879255295
10.586546182632446
11.11742427945137
11.117488771677017
11.148417264223099
11.148493438959122
11.446628242731094
11.446688264608383
11.480130910873413
11.480206429958344
11.054033726453781
11.054095089435577
11.405572414398193
11.405642658472061
11.280501246452332
11.280564278364182
11.077842384576797
11.077900260686874
12.072660207748413
12.072732478380203
12.045419126749039
12.045488625764847
12.600878179073334
12.60094928741455
13.313079595565796
13.313152194023132
13.258862495422363
13.258916556835175
12.898463994264603
12.898521840572357
13.084098398685455
13.084168523550034
12.871789515018463
12.87184762954712
12.639301419258118
12.639359593391418
12.597883999347687
12.597939997911453
12.836072862148285
12.836137980222702
12.749837696552277
12.749896913766861
13.141640990972519
13.141702353954315
13.013859361410141
13.013917446136475
13.100450783967972
13.100511372089386
12.946693629026413
12.946749418973923
12.817805260419846
12.81786334514618
12.690670132637024
12.69073697924614
12.864289551973343
12.86435553431511
12.701351881027222
12.70140939950943
12.766373425722122
12.766431421041489
12.94346934556961
12.94352263212204
12.858322829008102
12.858383119106293
12.83440911769867
12.834460139274597
12.922790199518204
12.922847777605057
12.76922231912613
12.769277900457382
12.811865776777267
12.811925649642944
12.840836822986603
12.840896934270859
12.630560845136642
12.630633980035782
12.77700561285019
12.777075082063675
12.69080325961113
12.690882623195648
12.77334064245224
12.77341341972351
12.649943351745605
12.650008380413055
12.60234871506691
12.602425575256348
12.689480602741241
12.68955883383751
12.620107382535934
12.620173513889313
12.583371132612228
12.58344155550003
12.412734657526016
12.41281658411026
12.559616953134537
12.562629163265228
12.501653343439102
12.501728981733322
12.491662114858627
12.49173852801323
12.438517272472382
12.43859812617302
12.504798352718353
12.504863858222961
12.68522235751152
12.685293465852737
12.494599312543869
12.494678527116776
12.633716613054276
12.633790791034698
12.768221765756607
12.768288761377335
12.511030614376068
12.511102944612503
12.709650486707687
12.709711819887161
12.887579888105392
12.887663215398788
12.575381696224213
12.575441390275955
12.718720823526382
12.718789160251617
12.48047137260437
12.480546712875366
12.473032116889954
12.473098367452621
12.35895112156868
12.359007120132446
12.275387793779373
12.275454640388489
12.590999811887741
12.591058433055878
12.346851110458374
12.346924394369125
12.326106280088425
12.326186954975128
12.62683653831482
12.626898527145386
12.34788715839386
12.347950756549835
12.391757845878601
12.391815274953842
12.361151695251465
12.361209720373154
12.171676248311996
12.171755284070969
12.119689494371414
12.119758635759354
