3.2096245288848877
3.2097184658050537
3.474684476852417
3.4747999906539917
3.6620163917541504
3.6620789766311646
3.660297989845276
3.66035795211792
3.869107961654663
3.8703179359436035
4.172130465507507
4.17220151424408
4.452717065811157
4.452796101570129
4.705366492271423
4.70675802230835
4.928341627120972
4.928415060043335
5.065804958343506
5.065868496894836
5.33463191986084
5.3347073793411255
5.464404940605164
5.464486002922058
5.463839054107666
5.463902473449707
5.423871397972107
5.4239349365234375
5.490350961685181
5.4904268980026245
5.464121341705322
5.4641804695129395
5.522897481918335
5.522964000701904
5.532003045082092
5.532065987586975
5.530446529388428
5.530508041381836
5.532811522483826
5.532872557640076
5.603873014450073
5.6039464473724365
5.6396719217300415
5.639734387397766
5.600104451179504
5.600165009498596
5.6571364402771
5.657217860221863
5.675487995147705
5.675558567047119
5.683685064315796
5.683755040168762
5.736999869346619
5.737061500549316
5.714301943778992
5.714363098144531
5.714096546173096
5.714155077934265
5.755139470100403
5.755199074745178
5.75019645690918
5.750255465507507
5.751461863517761
5.751521944999695
5.75786554813385
5.7579275369644165
5.94167959690094
5.9417420625686646
5.979990482330322
5.980077505111694
5.9473758935928345
5.947439074516296
5.960408449172974
5.960466980934143
6.008152365684509
6.008278846740723
6.008316516876221
6.008489966392517
5.951305627822876
5.9513654708862305
5.974075078964233
5.9741450548172
5.999331474304199
5.999426603317261
6.0119545459747314
6.012019038200378
6.012349963188171
6.012418627738953
6.022929430007935
6.022989988327026
6.021783828735352
6.021844506263733
6.070379972457886
6.070440411567688
6.098645448684692
6.098704934120178
6.070935487747192
6.070996522903442
6.063380002975464
6.06344199180603
6.118692398071289
6.118754029273987
6.091898560523987
6.091960549354553
6.152995586395264
6.1530550718307495
6.156431436538696
6.156493425369263
6.147161483764648
6.147224068641663
6.234280943870544
6.234344005584717
6.201782584190369
6.201845049858093
6.245178937911987
6.245239973068237
6.226975083351135
6.227039098739624
6.234030365943909
6.234094500541687
6.285650849342346
6.2857139110565186
6.277544975280762
6.27763044834137
6.349907040596008
6.349969983100891
6.32056999206543
6.320633053779602
6.288396596908569
6.288487434387207
6.347305536270142
6.34736692905426
6.393791556358337
6.393854022026062
6.3681440353393555
6.368208050727844
6.3515379428863525
6.351600408554077
6.321345567703247
6.321408033370972
6.325462579727173
6.325525641441345
6.333785533905029
6.333849549293518
6.325183033943176
6.325244069099426
6.301139950752258
6.301203370094299
6.432608485221863
6.432672500610352
6.40620481967926
6.4062793254852295
6.394163489341736
6.394223570823669
6.463960409164429
6.464022994041443
6.43574333190918
6.435805439949036
6.414728045463562
6.414791107177734
6.561789393424988
6.561851501464844
6.5274800062179565
6.527539968490601
6.652700424194336
6.652761936187744
6.633642911911011
6.633704900741577
6.68342399597168
6.68348753452301
6.677385449409485
6.677449941635132
6.71338951587677
6.713452935218811
6.68931245803833
6.689377069473267
6.674062013626099
6.674126029014587
6.682778000831604
6.682870507240295
7.084135413169861
7.084198474884033
7.1050790548324585
7.105141520500183
7.38775110244751
7.387817025184631
7.0833740234375
7.083440899848938
7.068559050559998
7.068622946739197
7.034916520118713
7.034979939460754
6.801258563995361
6.801323056221008
7.0674920082092285
7.067554950714111
7.035411357879639
7.035479426383972
7.008424997329712
7.008498430252075
7.5425639152526855
7.54262900352478
7.511451482772827
7.511550068855286
7.1959065198898315
7.19602906703949
7.170697569847107
7.17076313495636
7.15324854850769
7.153313517570496
7.134713411331177
7.134780406951904
6.808809041976929
6.808872580528259
7.139678478240967
7.139742970466614
6.793648600578308
6.793713092803955
7.131469488143921
7.131535530090332
7.679408550262451
7.67947256565094
7.351550936698914
7.351614952087402
7.677590012550354
7.677654504776001
7.717081427574158
7.717146873474121
7.699054956436157
7.699173450469971
7.313143849372864
7.313205003738403
7.300048470497131
7.300112962722778
7.273436546325684
7.273500561714172
7.65691339969635
7.656980872154236
7.6365745067596436
7.636639952659607
7.327106475830078
7.3271729946136475
7.194391489028931
7.194455981254578
7.234886527061462
7.234952926635742
7.627100467681885
7.6271644830703735
7.497374534606934
7.497440934181213
7.2674720287323
7.267537474632263
7.229420900344849
7.229485869407654
7.508480429649353
7.508544564247131
7.929530501365662
7.929597496986389
7.930750012397766
7.930813550949097
7.916016340255737
7.916080951690674
7.919644474983215
7.919712066650391
7.909103989601135
7.909167528152466
7.875753045082092
7.8758156299591064
7.853368520736694
7.853432059288025
7.3788615465164185
7.37892746925354
7.359201908111572
7.359285950660706
7.616187691688538
7.616252660751343
7.611968040466309
7.612034559249878
7.80458664894104
7.804652094841003
7.786476373672485
7.786543011665344
7.764685392379761
7.764748930931091
7.87488853931427
7.874952554702759
7.910648941993713
7.910718083381653
7.804885983467102
7.804951071739197
7.794742107391357
7.794805407524109
8.250529408454895
8.25059199333191
8.247096061706543
8.247162103652954
8.230589985847473
8.230676412582397
8.231645941734314
8.23171591758728
8.839021563529968
8.839083552360535
8.823341131210327
8.823403120040894
8.699414491653442
8.699478030204773
8.690932512283325
8.69099497795105
8.666548132896423
8.666608095169067
8.632622480392456
8.632686495780945
8.620319962501526
8.620386004447937
8.756433606147766
8.756498098373413
8.739995002746582
8.74005901813507
8.718140482902527
8.718205094337463
8.70851755142212
8.708582043647766
8.701250553131104
8.701334476470947
8.672027945518494
8.672089338302612
8.644235968589783
8.644352912902832
8.658068060874939
8.658132076263428
8.662703037261963
8.66279149055481
8.830850005149841
8.830915451049805
8.812908053398132
8.812972068786621
8.813497424125671
8.813588976860046
8.796168565750122
8.796231985092163
8.781221508979797
8.781285047531128
8.781763434410095
8.781825423240662
8.75801694393158
8.758092403411865
8.704183101654053
8.70425009727478
9.206241369247437
9.206306457519531
8.908766388893127
8.908828854560852
8.95885455608368
8.958919048309326
9.038936018943787
9.038998484611511
9.023580551147461
9.023668050765991
9.008458018302917
9.008518934249878
9.206012606620789
9.206075668334961
9.19440495967865
9.19446849822998
9.495369911193848
9.495433807373047
9.224229454994202
9.224292993545532
9.21756100654602
9.21762490272522
9.452884554862976
9.452947497367859
9.175823450088501
9.175884485244751
9.44607698917389
9.446141004562378
9.397294044494629
9.397358536720276
9.365414023399353
9.365477919578552
9.350798964500427
9.350863933563232
9.326717495918274
9.326781034469604
9.308494567871094
9.308558106422424
9.278596043586731
9.27865993976593
9.402982950210571
9.403046488761902
9.393137097358704
9.393200039863586
9.37845253944397
9.378516554832458
9.364493370056152
9.364556074142456
9.338482975959778
9.33854591846466
9.316503524780273
9.316566467285156
9.316452026367188
9.316515564918518
9.318429350852966
9.318494439125061
9.490784049034119
9.490848064422607
9.460482001304626
9.460548996925354
9.32144010066986
9.321506023406982
9.348417520523071
9.348482012748718
9.477030396461487
9.47709345817566
9.393081426620483
9.393145084381104
9.475352048873901
9.475414514541626
9.459195852279663
9.459256887435913
9.43834912776947
9.438411593437195
9.422443866729736
9.422508001327515
9.430022478103638
9.430085062980652
9.514678478240967
9.514740943908691
9.612972974777222
9.613034963607788
9.595054984092712
9.595118880271912
9.591302037239075
9.591365456581116
9.575134992599487
9.57519793510437
9.550666451454163
9.55072796344757
9.554173946380615
9.55424439907074
9.601832509040833
9.601894974708557
9.587214589118958
9.587279558181763
9.699102401733398
9.699167013168335
10.206357479095459
10.206423997879028
10.206401467323303
10.206466436386108
10.18406343460083
10.184128046035767
10.18874990940094
10.188813924789429
10.167563557624817
10.16762900352478
10.145954012870789
10.146018028259277
10.515911102294922
10.515974044799805
10.121467351913452
10.121532440185547
10.116373062133789
10.116436958312988
10.099411964416504
10.099477052688599
10.097217917442322
10.097290992736816
10.683019042015076
10.6830815076828
10.702150106430054
10.702314138412476
10.684105038642883
10.684169054031372
10.661762595176697
10.661828517913818
10.632330536842346
10.632395029067993
10.615324020385742
10.6153883934021
10.582103490829468
10.582167625427246
10.580909013748169
10.580973505973816
10.57192850112915
10.57199251651764
10.591008424758911
10.591075420379639
10.568705081939697
10.568769931793213
10.48841106891632
10.488475918769836
10.608384013175964
10.608450531959534
10.281505942344666
10.281572461128235
10.610042929649353
10.610108017921448
10.5885009765625
10.58856749534607
11.25075900554657
11.250823020935059
11.23267650604248
11.232742309570312
11.227718591690063
11.227784514427185
10.92039704322815
10.920460939407349
11.050471901893616
11.050537467002869
11.29153859615326
11.291604399681091
11.283560395240784
11.283622860908508
11.392711997032166
11.392778038978577
11.376015067100525
11.376081585884094
11.36501395702362
11.365079998970032
11.348781108856201
11.348849534988403
11.448520541191101
11.448586106300354
11.4340740442276
11.434138894081116
11.400670528411865
11.400735974311829
11.396191477775574
11.396257877349854
11.385494947433472
11.385560989379883
11.390265822410583
11.390331387519836
11.282099962234497
11.282166481018066
11.270829916000366
11.270894408226013
11.260498046875
11.260562539100647
11.675625443458557
11.675700426101685
11.652391910552979
11.65246045589447
11.653955936431885
11.654019951820374
11.594571471214294
11.594635605812073
11.570582032203674
11.570648550987244
11.654623031616211
11.654688000679016
11.742202043533325
11.742265462875366
11.758497476577759
11.758598566055298
11.676005959510803
11.67607855796814
11.624310612678528
11.62445342540741
11.608971118927002
11.609037637710571
11.606765031814575
11.60682988166809
11.4903085231781
11.490370035171509
11.78637146949768
11.786465406417847
11.793678879737854
11.793774962425232
11.892529487609863
11.892595529556274
11.878708958625793
11.878774523735046
11.776743531227112
11.7768075466156
11.77809464931488
11.778160095214844
11.735416889190674
11.735482335090637
11.719317555427551
11.719383120536804
11.742599487304688
11.742667078971863
11.724831461906433
11.72489845752716
11.906442046165466
11.906506538391113
12.133828163146973
12.133893609046936
12.11871349811554
12.11878788471222
12.20332646369934
12.203390955924988
12.162229657173157
12.162296175956726
12.44505250453949
12.44520902633667
12.422082901000977
12.422146439552307
12.429588913917542
12.429654479026794
12.417837023735046
12.41790509223938
12.415898442268372
12.415962934494019
12.388240933418274
12.388306498527527
12.386708617210388
12.386786103248596
12.11745548248291
12.117519974708557
12.208500504493713
12.208566069602966
12.434772491455078
12.43483853340149
12.198487520217896
12.198562979698181
12.186635494232178
12.186912059783936
12.17866861820221
12.17874300479889
12.619463562965393
12.61953890323639
12.295865058898926
12.29593050479889
12.275108575820923
12.275172472000122
12.513442039489746
12.513505935668945
12.499696493148804
12.499762415885925
12.476809978485107
12.476874947547913
12.548196911811829
12.54826295375824
12.532264947891235
12.532330513000488
12.50580096244812
12.50587809085846
12.502522468566895
12.502586603164673
12.51736056804657
12.517425537109375
12.493939399719238
12.494007468223572
12.545421957969666
12.54548692703247
12.60785698890686
12.607923030853271
12.589002013206482
12.589066982269287
12.547158002853394
12.547221541404724
12.509206652641296
12.50927209854126
12.523010015487671
12.523074507713318
12.544862389564514
12.544927477836609
12.529516100883484
12.529581069946289
12.52776551246643
12.527830004692078
12.93093991279602
12.931006908416748
12.630877375602722
12.630942463874817
13.018329381942749
13.018394470214844
12.995925903320312
12.995990991592407
12.968521475791931
12.968585968017578
12.993754625320435
12.993820667266846
12.980484008789062
12.980550050735474
12.956346035003662
12.956484079360962
12.909059047698975
12.9091215133667
12.889342427253723
12.889410972595215
12.968185067176819
12.96831202507019
12.966009020805359
12.966073393821716
13.116847038269043
13.116937041282654
12.893956899642944
12.894021391868591
12.881858944892883
12.881922483444214
12.95234203338623
12.952407598495483
12.951117992401123
12.951184511184692
12.92139446735382
12.921460032463074
13.024374008178711
13.024439454078674
13.0096914768219
13.009759545326233
12.941202998161316
12.94126808643341
12.92392897605896
12.92399263381958
12.908829927444458
12.90889298915863
12.917194485664368
12.917261481285095
13.079482078552246
13.079548478126526
13.472635507583618
13.472699046134949
13.288016557693481
13.288081526756287
13.283838987350464
13.283907532691956
13.48997950553894
13.49004602432251
13.485621571540833
13.485687017440796
13.468654990196228
13.46872103214264
13.45749545097351
13.45756185054779
13.441077947616577
13.441141963005066
13.429352402687073
13.429444432258606
13.40841794013977
13.408509016036987
13.462156534194946
13.46222460269928
13.457220435142517
13.457287549972534
13.575297355651855
13.575364470481873
14.05079996585846
14.05087947845459
14.046056985855103
14.046122550964355
14.021446466445923
14.021512031555176
14.008765459060669
14.008829951286316
13.990369200706482
13.990437150001526
13.97439694404602
13.974475026130676
13.964848518371582
13.964913487434387
14.099696040153503
14.099761962890625
14.0741286277771
14.074194550514221
13.896186113357544
13.896250605583191
14.080707430839539
14.080773949623108
14.061923027038574
14.06199049949646
14.111712574958801
14.111783981323242
14.108853459358215
14.108983516693115
14.090485453605652
14.090551376342773
14.076418995857239
14.07648503780365
14.279205918312073
14.279269933700562
14.414743900299072
14.414809465408325
14.389414429664612
14.38947856426239
14.415251016616821
14.415315985679626
14.64048707485199
14.640551567077637
14.590309500694275
14.590373516082764
14.36515748500824
14.365296363830566
14.343595027923584
14.34369945526123
14.304370403289795
14.304436445236206
14.379289507865906
14.379356503486633
14.594995498657227
14.59506106376648
15.08280897140503
15.082873463630676
14.814602971076965
14.814669132232666
14.80533254146576
14.805400013923645
15.075462579727173
15.075586557388306
15.036373019218445
15.036459565162659
14.78851044178009
14.788578033447266
14.764947056770325
14.765015006065369
14.447663068771362
14.447729468345642
14.885540962219238
14.88560938835144
14.732842564582825
14.732911467552185
14.762131452560425
14.762200593948364
14.730534434318542
14.730602502822876
14.725757002830505
14.725825428962708
14.726695537567139
14.726766467094421
14.750795602798462
14.750865459442139
14.741087436676025
14.741155982017517
14.750371932983398
14.750472903251648
14.754755973815918
14.754837989807129
14.801463007926941
14.80152952671051
14.839333891868591
14.839403867721558
14.861704587936401
14.861781001091003
14.78059208393097
14.780697464942932
15.022329568862915
15.022458553314209
15.334912538528442
15.334998488426208
15.339402079582214
15.33946943283081
15.094363570213318
15.09443199634552
15.091906428337097
15.091977000236511
15.084277510643005
15.084344029426575
15.032976031303406
15.033046960830688
15.167494535446167
15.167582035064697
15.028943538665771
15.02901041507721
15.099843621253967
15.099911093711853
15.670945048332214
15.671013593673706
16.039034008979797
16.039103031158447
15.729026436805725
15.729094862937927
15.81768798828125
15.81775450706482
15.806753039360046
15.8068208694458
15.76754343509674
15.76760995388031
15.772915482521057
15.772983074188232
15.742943406105042
15.743011951446533
15.293328881263733
15.293398022651672
15.27690052986145
15.276970028877258
15.520920872688293
15.520990490913391
15.519390106201172
15.519458055496216
15.766276001930237
15.766343474388123
15.746708393096924
15.746775388717651
15.743677973747253
15.743746995925903
15.885223031044006
15.885288000106812
15.874437928199768
15.874542355537415
15.860827445983887
15.860896348953247
15.792522549629211
15.792648911476135
15.79377007484436
15.793838500976562
15.862972974777222
15.863040924072266
15.771723985671997
15.77184545993805
16.052926898002625
16.0529944896698
16.054073572158813
16.05414092540741
15.794112920761108
15.794181942939758
15.831584453582764
15.831652998924255
15.835416913032532
15.835522532463074
15.817325949668884
15.817393898963928
15.767038464546204
15.767106890678406
15.944637060165405
15.944702506065369
15.863960027694702
15.86405062675476
15.847748398780823
15.847817540168762
16.10078454017639
16.100852489471436
16.077957034111023
16.07802450656891
16.1766494512558
16.176717519760132
16.215293645858765
16.215360522270203
16.201597571372986
16.201666474342346
16.310113549232483
16.310182452201843
16.1954026222229
16.195497035980225
16.185922980308533
16.18599045276642
16.42226552963257
16.422334909439087
16.413697481155396
16.41376554965973
16.232441067695618
16.23250961303711
16.229395508766174
16.22946298122406
16.26353108882904
16.263596057891846
16.264262914657593
16.264328479766846
16.272695422172546
16.272770047187805
16.25783395767212
16.257900953292847
16.257485508918762
16.25755548477173
16.388190150260925
16.38825809955597
16.87086844444275
16.87093698978424
16.67581796646118
16.675893425941467
16.791222095489502
16.79128909111023
16.767602920532227
16.76767098903656
16.757691979408264
16.757759928703308
16.759079456329346
16.759146332740784
16.747488021850586
16.747556924819946
16.886314153671265
16.886382579803467
16.86065638065338
16.860726475715637
16.858479022979736
16.8585444688797
16.846361994743347
16.84642744064331
16.834423899650574
16.8345764875412
16.831457018852234
16.83153200149536
16.820590019226074
16.820657968521118
16.822533011436462
16.822598457336426
16.807981491088867
16.808051466941833
16.7958824634552
16.795949578285217
16.776403427124023
16.776471972465515
16.762027621269226
16.762095093727112
16.828333377838135
16.82845151424408
16.80898344516754
16.809053540229797
