7484.5
8797.5
11377.5
12399.0
12348.0
12349.0
12298.0
12299.0
12248.0
12249.0
12198.0
12199.0
12148.0
12149.0
12098.0
12099.0
12048.0
12049.0
11998.0
11999.0
11948.0
11949.0
11898.0
11899.0
11848.0
11849.0
11798.0
11799.0
11748.0
11749.0
11698.0
11699.0
11648.0
11649.0
11598.0
11599.0
11548.0
11549.0
11498.0
11499.0
11448.0
11449.0
11398.0
11399.0
11348.0
11349.0
11298.0
11299.0
11248.0
11249.0
11198.0
11199.0
11148.0
11149.0
11098.0
11099.0
11048.0
11049.0
10998.0
10999.0
10948.0
10949.0
10898.0
10899.0
10848.0
10849.0
10798.0
10799.0
10748.0
10749.0
10698.0
10699.0
10648.0
10649.0
10598.0
10599.0
10548.0
10549.0
10498.0
10499.0
10448.0
10449.0
10398.0
10399.0
10348.0
10349.0
10298.0
10299.0
10248.0
10249.0
10198.0
10199.0
10148.0
10149.0
10098.0
10099.0
10048.0
10049.0
9998.0
9999.0
9948.0
9949.0
9898.0
9899.0
9848.0
9849.0
9798.0
9799.0
9748.0
9749.0
9698.0
9699.0
9648.0
9649.0
9598.0
9599.0
9548.0
9549.0
9498.0
9499.0
9448.0
9449.0
9398.0
9399.0
9348.0
9349.0
9298.0
9299.0
9248.0
9249.0
9198.0
9199.0
9148.0
9149.0
9098.0
9099.0
9048.0
9049.0
8998.0
8999.0
8948.0
8949.0
8898.0
8899.0
8848.0
8849.0
8798.0
8799.0
8748.0
8749.0
8698.0
8699.0
8648.0
8649.0
8598.0
8599.0
8548.0
8549.0
8498.0
8499.0
8448.0
8449.0
8398.0
8399.0
8348.0
8349.0
8298.0
8299.0
8248.0
8249.0
8198.0
8199.0
8148.0
8149.0
8098.0
8099.0
8048.0
8049.0
7998.0
7999.0
7948.0
7949.0
7898.0
7899.0
7848.0
7849.0
7798.0
7799.0
7748.0
7749.0
7698.0
7699.0
7648.0
7649.0
7598.0
7599.0
7548.0
7549.0
7498.0
7499.0
7448.0
7449.0
7398.0
7399.0
7348.0
7349.0
7298.0
7299.0
7248.0
7249.0
7198.0
7199.0
7148.0
7149.0
7098.0
7099.0
7048.0
7049.0
6998.0
6999.0
6948.0
6949.0
6898.0
6899.0
6848.0
6849.0
6798.0
6799.0
6748.0
6749.0
6698.0
6699.0
6648.0
6649.0
6598.0
6599.0
6548.0
6549.0
6498.0
6499.0
6448.0
6449.0
6398.0
6399.0
6348.0
6349.0
6298.0
6299.0
6248.0
6249.0
6198.0
6199.0
6148.0
6149.0
6098.0
6099.0
6048.0
6049.0
5998.0
5999.0
5948.0
5949.0
5898.0
5899.0
5848.0
5849.0
5798.0
5799.0
5748.0
5749.0
5698.0
5699.0
5648.0
5649.0
5598.0
5599.0
5548.0
5549.0
5498.0
5499.0
5448.0
5449.0
5398.0
5399.0
5348.0
5349.0
5298.0
5299.0
5248.0
5249.0
5198.0
5199.0
5148.0
5149.0
5098.0
5099.0
5048.0
5049.0
4998.0
4999.0
4962.0
17435.0
4962.0
17335.0
4962.0
17235.0
4962.0
17135.0
4962.0
17035.0
4962.0
16935.0
4962.0
16835.0
4962.0
16735.0
4962.0
16635.0
4962.0
16535.0
4962.0
16435.0
4962.0
16335.0
4962.0
16235.0
4962.0
16135.0
4962.0
16035.0
4962.0
15935.0
4962.0
15835.0
4962.0
15735.0
4962.0
15635.0
4962.0
15535.0
4962.0
15435.0
4962.0
15335.0
4962.0
15235.0
4962.0
15135.0
4962.0
15035.0
4962.0
14935.0
4962.0
14835.0
4962.0
14735.0
4962.0
14635.0
4962.0
14535.0
4962.0
14435.0
4962.0
14335.0
4962.0
14235.0
4962.0
14135.0
4962.0
14035.0
4962.0
13935.0
4962.0
13835.0
4962.0
13735.0
4962.0
13635.0
4962.0
13535.0
4962.0
13435.0
4962.0
13335.0
4962.0
13235.0
4962.0
13135.0
4962.0
13035.0
4962.0
12935.0
4962.0
12835.0
4962.0
12735.0
4962.0
12635.0
4962.0
12535.0
4962.0
12435.0
4962.0
12335.0
4962.0
12235.0
4962.0
12135.0
4962.0
12035.0
4962.0
11935.0
4962.0
11835.0
4962.0
11735.0
4962.0
11635.0
4962.0
11535.0
4962.0
11435.0
4962.0
11335.0
4962.0
11235.0
4962.0
11135.0
4962.0
11035.0
4962.0
10935.0
4962.0
10835.0
4962.0
10735.0
4962.0
10635.0
4962.0
10535.0
4962.0
10435.0
4962.0
10335.0
4962.0
10235.0
4962.0
10135.0
4962.0
10035.0
4962.0
9935.0
4962.0
9835.0
4962.0
9735.0
4962.0
9635.0
4962.0
9535.0
4962.0
9435.0
4962.0
9335.0
4962.0
9235.0
4962.0
9135.0
4962.0
9035.0
4962.0
8935.0
4962.0
8835.0
4962.0
8735.0
4962.0
8635.0
4962.0
8535.0
4962.0
8435.0
4962.0
8335.0
4962.0
8235.0
4962.0
8135.0
4962.0
8035.0
4962.0
7935.0
4962.0
7835.0
4962.0
7735.0
4962.0
7635.0
4962.0
7535.0
17411.5
7484.5
17361.5
7434.5
17311.5
7384.5
17261.5
7334.5
17211.5
7284.5
17161.5
7234.5
17111.5
7184.5
17061.5
7134.5
17011.5
7084.5
16961.5
7034.5
16911.5
6984.5
16861.5
6934.5
16811.5
6884.5
16761.5
6834.5
16711.5
6784.5
16661.5
6734.5
16611.5
6684.5
16561.5
6634.5
16511.5
6584.5
16461.5
6534.5
16411.5
6484.5
16361.5
6434.5
16311.5
6384.5
16261.5
6334.5
16211.5
6284.5
16161.5
6234.5
16111.5
6184.5
16061.5
6134.5
16011.5
6084.5
15961.5
6034.5
15911.5
5984.5
15861.5
5934.5
15811.5
5884.5
15761.5
5834.5
15711.5
5784.5
15661.5
5734.5
15611.5
5684.5
15561.5
5634.5
15511.5
5584.5
15461.5
5534.5
15411.5
5484.5
15361.5
5434.5
15311.5
5384.5
15261.5
5334.5
15211.5
5284.5
15161.5
5234.5
15111.5
5184.5
15061.5
5134.5
15011.5
5084.5
14961.5
5034.5
14911.5
4984.5
14861.5
4934.5
14811.5
4884.5
14761.5
4834.5
14711.5
4784.5
14661.5
4734.5
14611.5
4684.5
14527.0
4669.0
14427.0
4669.0
14327.0
4669.0
14227.0
4669.0
14127.0
4669.0
14027.0
4669.0
13927.0
4669.0
13827.0
4669.0
13727.0
4669.0
13627.0
4669.0
13527.0
4669.0
13427.0
4669.0
13327.0
4669.0
13227.0
4669.0
13127.0
4669.0
13027.0
4669.0
12927.0
4669.0
12827.0
4669.0
12727.0
4669.0
12627.0
4669.0
12527.0
4669.0
12427.0
4669.0
12327.0
4669.0
12227.0
4669.0
12127.0
4669.0
12027.0
4669.0
11927.0
4669.0
11827.0
4669.0
11727.0
4669.0
11627.0
4669.0
11527.0
4669.0
11427.0
4669.0
11327.0
4669.0
11227.0
4669.0
11127.0
4669.0
11027.0
4669.0
10927.0
4669.0
10827.0
4669.0
10727.0
4669.0
10627.0
4669.0
10527.0
4669.0
10427.0
4669.0
10327.0
4669.0
10227.0
4669.0
10127.0
4669.0
10027.0
4669.0
9927.0
4669.0
9827.0
4669.0
9727.0
4669.0
9627.0
4669.0
9527.0
4669.0
9427.0
4669.0
9327.0
4669.0
9227.0
4669.0
9127.0
4669.0
9027.0
4669.0
8927.0
4669.0
8827.0
4669.0
8727.0
4669.0
8627.0
4669.0
8527.0
4669.0
8427.0
4669.0
8327.0
4669.0
8227.0
4669.0
8127.0
4669.0
8027.0
4669.0
7927.0
4669.0
7827.0
4669.0
7727.0
4669.0
7627.0
4669.0
7527.0
4669.0
7427.0
4669.0
7327.0
4669.0
7227.0
4669.0
7127.0
4669.0
7027.0
4669.0
6927.0
4669.0
6827.0
4669.0
6727.0
4669.0
6668.5
4627.5
6618.5
4577.5
6568.5
4527.5
6518.5
4477.5
6468.5
4427.5
6418.5
4377.5
6368.5
4327.5
6318.5
4277.5
6268.5
4227.5
6218.5
4177.5
6168.5
4127.5
6118.5
4077.5
6068.5
4027.5
6018.5
3977.5
5968.5
3927.5
5918.5
3877.5
5868.5
3827.5
5818.5
3777.5
5768.5
3727.5
5718.5
3677.5
5668.5
3627.5
5618.5
3577.5
5568.5
3527.5
5518.5
3477.5
5468.5
3427.5
5418.5
3377.5
5368.5
3327.5
5318.5
3277.5
5268.5
3227.5
5218.5
3177.5
5168.5
3127.5
5118.5
3077.5
5068.5
3027.5
5018.5
2977.5
4968.5
2927.5
4918.5
2877.5
4868.5
2827.5
4818.5
2777.5
4768.5
2727.5
4718.5
2677.5
4668.5
2627.5
4618.5
2577.5
4568.5
2527.5
4518.5
2477.5
4468.5
2427.5
4418.5
2377.5
4368.5
2327.5
4318.5
2277.5
4268.5
2227.5
4218.5
2177.5
4168.5
2127.5
4118.5
2077.5
4068.5
2027.5
4018.5
1977.5
3968.5
1927.5
3918.5
1877.5
3868.5
1827.5
3818.5
1777.5
3768.5
1727.5
3718.5
1677.5
3668.5
1627.5
3618.5
1577.5
3568.5
1527.5
3518.5
1477.5
3468.5
1427.5
3418.5
1377.5
3368.5
1327.5
3318.5
1277.5
3268.5
1227.5
3218.5
1177.5
3168.5
1127.5
3118.5
1077.5
3068.5
1027.5
3018.5
977.5
2968.5
927.5
2918.5
877.5
2868.5
827.5
2818.5
777.5
2768.5
727.5
2718.5
677.5
2668.5
627.5
2618.5
577.5
2568.5
527.5
2518.5
477.5
2468.5
427.5
2418.5
377.5
2368.5
327.5
2318.5
277.5
2268.5
227.5
2218.5
177.5
2168.5
127.5
2118.5
77.5
2068.5
27.5
1998.0
-2.0
1898.0
-2.0
1798.0
-2.0
1698.0
-2.0
1598.0
-2.0
1498.0
-2.0
1398.0
-2.0
1298.0
-2.0
1198.0
-2.0
1098.0
-2.0
998.0
-2.0
898.0
-2.0
798.0
-2.0
698.0
-2.0
598.0
-2.0
498.0
-2.0
398.0
-2.0
298.0
-2.0
198.0
-2.0
98.0
-2.0
-2.0
-2.0
