2.87065052986145
2.8707220554351807
2.939881920814514
2.9406585693359375
3.016616463661194
3.016690969467163
3.0861029624938965
3.0861876010894775
3.1843149662017822
3.184380054473877
3.336082935333252
3.3362090587615967
3.4782625436782837
3.4783250093460083
3.547810435295105
3.5478734970092773
3.6384549140930176
3.6385269165039062
3.7212635278701782
3.721337080001831
3.797030448913574
3.7970974445343018
3.8996100425720215
3.899668574333191
3.9904513359069824
3.9905824661254883
4.090444564819336
4.090514063835144
4.173790454864502
4.173866391181946
4.4316699504852295
4.431809425354004
4.523581504821777
4.523653984069824
4.7820364236831665
4.782109022140503
4.8653868436813354
4.865462899208069
5.0134395360946655
5.013504981994629
5.088368892669678
5.089246988296509
5.16866397857666
5.169534921646118
5.2330485582351685
5.233109474182129
5.3754565715789795
5.37552547454834
5.432988405227661
5.433164954185486
5.496448040008545
5.496518015861511
5.583219528198242
5.5832929611206055
5.6660380363464355
5.66610848903656
5.753964066505432
5.754070043563843
5.821120381355286
5.821182489395142
5.911532998085022
5.911594986915588
5.959197998046875
5.959261536598206
6.095880508422852
6.0959625244140625
6.1919474601745605
6.192010998725891
6.308012008666992
6.308076024055481
6.4875264167785645
6.487638354301453
6.5701799392700195
6.570252895355225
6.6453330516815186
6.64541494846344
6.729874849319458
6.729938864707947
6.8368295431137085
6.836923003196716
6.958174467086792
6.958245396614075
7.060863494873047
7.060926079750061
7.1147390604019165
7.114839553833008
7.125439524650574
7.125503063201904
7.147324442863464
7.147388458251953
7.163906931877136
7.163967967033386
7.165619492530823
7.165682911872864
7.166527032852173
7.166589021682739
7.181365489959717
7.181429028511047
7.21250855922699
7.212570548057556
7.232348084449768
7.2324100732803345
7.235941410064697
7.236003518104553
7.229526519775391
7.229591012001038
7.2471150159835815
7.247177481651306
7.264483451843262
7.264546513557434
7.277559995651245
7.2776219844818115
7.3277270793914795
7.327816009521484
7.326816439628601
7.326882004737854
7.3267189264297485
7.3267810344696045
7.339835524559021
7.339898467063904
7.326536536216736
7.326600074768066
7.326510906219482
7.326573371887207
7.3283679485321045
7.328429937362671
7.330522418022156
7.330588459968567
7.364412426948547
7.364479422569275
7.5270819664001465
7.527147531509399
7.547582030296326
7.5476449728012085
7.551101088523865
7.55116605758667
7.560721516609192
7.560786008834839
7.581239461898804
7.581305503845215
7.598190903663635
7.598254919052124
7.598666548728943
7.598730444908142
7.600938439369202
7.601004004478455
7.616348385810852
7.616411447525024
7.635126948356628
7.635200023651123
7.640893459320068
7.640959978103638
7.618672847747803
7.618737459182739
7.627499938011169
7.6275634765625
7.678410530090332
7.678475618362427
7.692898511886597
7.69296658039093
7.698019981384277
7.698086500167847
7.729650497436523
7.729716897010803
7.776330471038818
7.776443958282471
7.807467460632324
7.807531952857971
7.814165949821472
7.8142324686050415
7.853551149368286
7.8536165952682495
7.87331235408783
7.873405337333679
7.891643047332764
7.891705393791199
7.898604989051819
7.898669481277466
7.9548423290252686
7.9549078941345215
7.938507080078125
7.9385764598846436
7.996435165405273
7.996507525444031
8.015163898468018
8.015229940414429
8.018743395805359
8.018808484077454
8.03043246269226
8.030496001243591
8.059884071350098
8.059947490692139
8.102842450141907
8.102906465530396
8.113184094429016
8.113247156143188
8.152333498001099
8.15240204334259
8.179790377616882
8.179875016212463
8.183708548545837
8.183773517608643
8.181654572486877
8.181719541549683
8.210426568984985
8.21049153804779
8.228479981422424
8.228545427322388
8.268702507019043
8.26876413822174
8.238924503326416
8.238990545272827
8.276445508003235
8.276517987251282
8.255708932876587
8.255772948265076
8.27880311012268
8.278865933418274
8.289970874786377
8.290037512779236
8.30914855003357
8.309213042259216
8.34066355228424
8.340764045715332
8.342623472213745
8.342689394950867
8.36408793926239
8.364153027534485
8.38667106628418
8.386733651161194
8.393876075744629
8.393939971923828
8.39932656288147
8.399390578269958
8.423105597496033
8.423171043395996
8.440605878829956
8.440670371055603
8.447911381721497
8.447975516319275
8.455228924751282
8.45529294013977
8.459993958473206
8.460057020187378
8.489078402519226
8.489142417907715
8.523795008659363
8.523876070976257
8.547419309616089
8.547483801841736
8.577644944190979
8.577710032463074
8.59684705734253
8.596910953521729
8.604912519454956
8.604976058006287
8.629633903503418
8.629698395729065
8.673585057258606
8.673650026321411
8.695896029472351
8.695960521697998
8.704888939857483
8.704955577850342
8.715763568878174
8.71583092212677
8.724665999412537
8.724734544754028
8.761393547058105
8.761459469795227
8.799643993377686
8.7997145652771
8.81031048297882
8.810455560684204
8.834149956703186
8.83421802520752
8.859237551689148
8.859305024147034
8.870968461036682
8.871083974838257
8.882011651992798
8.882076621055603
8.88883650302887
8.888903975486755
8.911799550056458
8.911868572235107
8.933334589004517
8.933401465415955
8.940346956253052
8.94041359424591
8.960454940795898
8.960518956184387
8.979858994483948
8.979925513267517
9.00465202331543
9.004721999168396
9.02772843837738
9.027796506881714
9.037912964820862
9.038010001182556
9.047622919082642
9.047690510749817
9.054920077323914
9.055002093315125
9.077857971191406
9.077924132347107
9.10277795791626
9.102883458137512
9.11013388633728
9.110204458236694
9.116768956184387
9.116834044456482
9.123301148414612
9.12336814403534
9.147056937217712
9.147125005722046
9.169307589530945
9.169374585151672
9.178462505340576
9.178533434867859
9.187030911445618
9.187127470970154
9.194955110549927
9.195025563240051
9.22211503982544
9.222181558609009
9.250352501869202
9.250419974327087
9.259820103645325
9.259900450706482
9.261804938316345
9.261898398399353
9.268709063529968
9.268777132034302
9.276295900344849
9.276362419128418
9.299978494644165
9.30004596710205
9.323477029800415
9.32355260848999
9.347574591636658
9.347643494606018
9.369782090187073
9.369848489761353
9.375661492347717
9.37572956085205
9.398787498474121
9.398854970932007
9.42761754989624
9.42768406867981
9.436170101165771
9.436237454414368
9.442717552185059
9.442782521247864
9.465328931808472
9.46540892124176
9.490191459655762
9.490260481834412
9.497120022773743
9.49718689918518
9.502993941307068
9.503060936927795
9.509328007698059
9.509393095970154
9.52990996837616
9.529978394508362
9.552423357963562
9.552491426467896
9.561550498008728
9.561616063117981
9.570663928985596
9.570759415626526
9.575518012046814
9.57562804222107
9.596716523170471
9.596783995628357
9.618979454040527
9.61904788017273
9.628616452217102
9.628684401512146
9.639575004577637
9.639650583267212
9.662141919136047
9.66220998764038
9.682411074638367
9.682480573654175
9.690851926803589
9.690917491912842
9.698588490486145
9.69866156578064
9.703431010246277
9.703498840332031
9.72237491607666
9.722442984580994
9.744273066520691
9.744338512420654
9.754335522651672
9.75440239906311
9.766734600067139
9.766801118850708
9.790663003921509
9.790730476379395
9.819344520568848
9.819414019584656
9.829272508621216
9.829376459121704
9.83415150642395
9.834218382835388
9.855243444442749
9.855309963226318
9.877015948295593
9.877131938934326
9.88497793674469
9.885043978691101
9.892812967300415
9.892879962921143
9.895792007446289
9.895859956741333
9.916669964790344
9.916738867759705
9.940163016319275
9.940234065055847
9.946520447731018
9.946587443351746
9.951576590538025
9.951643109321594
9.956186413764954
9.95628297328949
9.961923003196716
9.962006449699402
9.984639525413513
9.984706997871399
10.012033939361572
10.012099504470825
10.0227609872818
10.022828936576843
10.029813051223755
10.02987802028656
10.03555142879486
10.035618543624878
10.0650235414505
10.065091967582703
10.094727039337158
10.09479546546936
10.103209614753723
10.103277683258057
10.108185291290283
10.108255386352539
10.11489450931549
10.114960551261902
10.137344479560852
10.13741159439087
10.164516568183899
10.16458511352539
10.175204515457153
10.175270557403564
10.182766556739807
10.18283462524414
10.207229018211365
10.207296013832092
10.21082353591919
10.210893988609314
10.231986045837402
10.232052564620972
10.237178921699524
10.237281918525696
10.243088364601135
10.243155479431152
10.249221920967102
10.249291062355042
10.27194356918335
10.272013068199158
10.276029586791992
10.276096940040588
10.297430992126465
10.297496914863586
10.30566143989563
10.305728435516357
10.324735045433044
10.324801564216614
10.358680486679077
10.358746886253357
10.382015943527222
10.382081389427185
10.39023745059967
10.390302896499634
10.395588517189026
10.395655989646912
10.403345584869385
10.403432011604309
10.423854112625122
10.423922538757324
10.452112555503845
10.452181577682495
10.46293294429779
10.463000416755676
10.460212469100952
10.460278034210205
11.820475578308105
11.820536613464355
13.181692957878113
13.181755423545837
13.178444981575012
13.178508043289185
13.174863934516907
13.17492687702179
13.170087933540344
13.170149445533752
13.182021498680115
13.182085871696472
13.193012475967407
13.193077445030212
13.189278483390808
13.189341068267822
13.183706998825073
13.183770060539246
13.177956461906433
13.178019046783447
13.194335103034973
13.194398045539856
13.193385004997253
13.19344699382782
13.218289375305176
13.21835446357727
13.21315598487854
13.213221549987793
13.224896550178528
13.224960088729858
13.239796996116638
13.239861488342285
13.235976457595825
13.236039996147156
13.411213397979736
13.411276936531067
13.422203063964844
13.422266125679016
13.431598544120789
13.431660532951355
13.426243543624878
13.426305532455444
13.6499605178833
13.650025010108948
13.645323395729065
13.645387530326843
13.640570044517517
13.640634059906006
13.651001453399658
13.651064991950989
13.646947503089905
13.647055506706238
13.658754825592041
13.658814907073975
13.65532648563385
13.655388474464417
13.58914852142334
13.589210987091064
13.60025155544281
13.600314974784851
13.593266010284424
13.593329429626465
13.608205080032349
13.608281016349792
13.495075464248657
13.495139837265015
13.487524032592773
13.48758852481842
13.627024412155151
13.627090454101562
13.641011476516724
13.641074657440186
13.640841126441956
13.640904545783997
13.802342534065247
13.802416563034058
13.813534021377563
13.813625574111938
13.825698494911194
13.82576060295105
13.821582555770874
13.82164752483368
13.758044481277466
13.758108496665955
13.750919461250305
13.750982403755188
13.759150505065918
13.75921356678009
13.678215026855469
13.678277969360352
13.671887516975403
13.671950578689575
13.663958549499512
13.664020538330078
13.657495975494385
13.657559394836426
13.667550444602966
13.667616367340088
13.678753018379211
13.678825616836548
13.673901438713074
13.673967957496643
13.84395444393158
13.844020366668701
14.016788482666016
14.016855597496033
14.010495066642761
14.010559916496277
14.021527528762817
14.021594047546387
14.017402648925781
14.01746654510498
13.90275490283966
13.902819395065308
14.018561005592346
14.018630504608154
14.028255581855774
14.028320550918579
13.96078109741211
13.960846543312073
13.95674204826355
13.956807971000671
13.951850533485413
13.951929092407227
13.953572988510132
13.953638076782227
13.971727013587952
13.971792936325073
14.102203488349915
14.102269530296326
14.10140836238861
14.101471543312073
14.101059436798096
14.101128458976746
14.155527472496033
14.155591368675232
14.156094551086426
14.156158447265625
14.16876745223999
14.168832898139954
14.16883647441864
14.168899893760681
14.164368033409119
14.164435029029846
14.175533890724182
14.1756010055542
14.188607454299927
14.188710927963257
14.184592962265015
14.184659004211426
14.182011008262634
14.18207859992981
14.192965149879456
14.193029642105103
14.188252449035645
14.188316464424133
14.201704978942871
14.201770424842834
14.198350071907043
14.19841754436493
14.195918917655945
14.196016907691956
14.191923975944519
14.19198763370514
14.21052098274231
14.210590124130249
14.224778056144714
14.224870443344116
14.226160526275635
14.226224541664124
14.221976041793823
14.222042560577393
14.233163952827454
14.233230590820312
14.229655981063843
14.22972297668457
14.24394166469574
14.244006037712097
14.243789196014404
14.243854999542236
14.262927055358887
14.262993454933167
14.277500033378601
14.277565479278564
14.279953956604004
14.280019998550415
14.276771903038025
14.276844382286072
14.272965550422668
14.27303159236908
14.285212516784668
14.285279035568237
14.28232753276825
14.282394528388977
14.295680046081543
14.295746564865112
14.29668402671814
14.296855449676514
14.299904942512512
14.299970507621765
14.322257041931152
14.322324514389038
14.321696519851685
14.321797013282776
14.34278953075409
14.342854499816895
14.338940978050232
14.339005470275879
14.350629925727844
14.350696444511414
14.345454096794128
14.34552001953125
14.358201622962952
14.35826849937439
14.354314088821411
14.354381561279297
14.35360848903656
14.35367488861084
14.37393605709076
14.374003529548645
14.375757098197937
14.375823020935059
14.397308945655823
14.397375464439392
14.396335482597351
14.396401047706604
14.392602920532227
14.392670392990112
14.389849066734314
14.389916062355042
14.385776996612549
14.385843873023987
14.405871033668518
14.405938625335693
14.412518501281738
14.412619471549988
14.419281482696533
14.419367551803589
14.414489030838013
14.414599537849426
14.42655599117279
14.42662513256073
14.422417044639587
14.42248260974884
14.418585896492004
14.418688893318176
14.429038524627686
14.429105043411255
14.42477798461914
14.424879431724548
14.444408893585205
14.444499969482422
14.439409017562866
14.439473986625671
14.453201413154602
14.45326840877533
14.448307514190674
14.448370933532715
14.445164561271667
14.445229530334473
14.457014083862305
14.457077622413635
14.468631029129028
14.468698620796204
14.481768012046814
14.4818354845047
14.494890809059143
14.494956493377686
14.5098375082016
14.509904026985168
14.509397029876709
14.509464025497437
14.522831916809082
14.522900462150574
15.219364047050476
15.219429016113281
15.214415431022644
15.214481949806213
15.209679961204529
15.209743976593018
15.22170352935791
15.22176742553711
15.220242023468018
15.220308542251587
15.23803997039795
15.2381089925766
15.236530661582947
15.236597180366516
15.255542516708374
15.25560998916626
15.251206040382385
15.251280546188354
15.265664935112
15.26573097705841
15.260990023612976
15.261056065559387
15.259109497070312
15.259173512458801
15.271031498908997
15.27109706401825
15.269598960876465
15.26966404914856
15.280908942222595
15.2809739112854
15.277938961982727
15.278005957603455
15.273385047912598
15.273449540138245
15.285675525665283
15.285743117332458
15.281795978546143
15.28187096118927
15.298989057540894
15.299054503440857
15.293623208999634
15.293687105178833
15.290836453437805
15.290902972221375
15.302401542663574
15.302517533302307
15.297731399536133
15.297794938087463
15.297886967658997
15.297951459884644
15.309019088745117
15.30908453464508
16.212738513946533
16.212815523147583
16.231871366500854
16.23193645477295
15.819051027297974
15.819115042686462
15.816938996315002
15.817005395889282
15.83073103427887
15.830796957015991
15.825395464897156
15.82546091079712
15.82263696193695
15.822702527046204
15.834676504135132
15.834742069244385
15.835882067680359
15.835948586463928
15.8311288356781
15.831195950508118
15.844618558883667
15.844699025154114
15.864327430725098
15.864394068717957
15.860179543495178
15.860246062278748
15.860469579696655
15.860534071922302
15.858821988105774
15.858895897865295
15.887718915939331
15.887784004211426
15.888692498207092
15.888756394386292
15.886781454086304
15.886847019195557
15.88279139995575
15.88285744190216
15.894226551055908
15.89429247379303
15.909561038017273
15.909635066986084
15.904808521270752
15.904889583587646
15.90510642528534
15.90517246723175
15.901198506355286
15.901264548301697
15.914610028266907
15.914674997329712
16.565414547920227
16.56548011302948
16.57878351211548
16.57886290550232
16.576383471488953
16.576449990272522
16.57154154777527
16.57160758972168
16.583473086357117
16.583540081977844
16.577879071235657
16.577943444252014
16.58989191055298
16.589959383010864
16.585864543914795
16.58593201637268
16.588644981384277
16.588720560073853
16.58415961265564
16.58422553539276
16.58661949634552
16.58668553829193
16.603204488754272
16.603272557258606
16.597636461257935
16.597705960273743
16.605602979660034
16.60567057132721
16.599859476089478
16.599924445152283
16.61166203022003
16.61172652244568
16.606126070022583
16.606188654899597
16.620164036750793
16.62022840976715
16.61548352241516
16.61555004119873
16.62445640563965
16.62452244758606
16.635905504226685
16.63597059249878
16.631402015686035
16.63146662712097
16.645187973976135
16.64525306224823
16.643715500831604
16.64378046989441
16.639725923538208
16.639801859855652
16.635969400405884
16.63603389263153
16.647863030433655
16.647930026054382
16.66165602207184
16.66172206401825
16.658235549926758
16.65829849243164
16.654381036758423
16.65444505214691
16.67059552669525
16.670661568641663
16.667083382606506
16.667149424552917
16.662642002105713
16.66270899772644
16.673479080200195
16.673545479774475
16.669139981269836
16.669206023216248
16.685787558555603
16.68585205078125
16.680133938789368
16.680197954177856
16.67707109451294
16.677138090133667
16.693612933158875
16.69367754459381
16.690722584724426
16.690788984298706
16.70797288417816
16.708062887191772
16.706674456596375
16.706738471984863
16.70160162448883
16.701664090156555
16.71330988407135
16.713382959365845
16.709630966186523
16.70970344543457
16.72284746170044
16.722919464111328
16.723344445228577
16.72343397140503
16.74220311641693
16.74228000640869
16.767287969589233
16.767356872558594
16.767836451530457
16.767933011054993
16.76335859298706
16.763426065444946
16.75834858417511
16.758412957191467
16.77115261554718
16.77127754688263
16.788536548614502
16.78860306739807
16.78891098499298
16.788975954055786
16.78569805622101
16.78577196598053
16.80800712108612
16.808073043823242
16.824829578399658
16.824896097183228
16.82455801963806
16.82462453842163
16.819908499717712
16.819971442222595
16.831166625022888
16.831228137016296
16.825389981269836
16.825453996658325
16.82151758670807
16.821582674980164
