10483.5
10843.5
12186.0
12399.0
12348.0
12349.0
12298.0
12299.0
12248.0
12249.0
12198.0
12199.0
12148.0
12149.0
12098.0
12099.0
12048.0
12049.0
11998.0
11999.0
11948.0
11949.0
11898.0
11899.0
11848.0
11849.0
11798.0
11799.0
11748.0
11749.0
11698.0
11699.0
11648.0
11649.0
11598.0
11599.0
11548.0
11549.0
11498.0
11499.0
11448.0
11449.0
11398.0
11399.0
11348.0
11349.0
11298.0
11299.0
11248.0
11249.0
11198.0
11199.0
11148.0
11149.0
11098.0
11099.0
11048.0
11049.0
10998.0
10999.0
10948.0
10949.0
10898.0
10899.0
10848.0
10849.0
10798.0
10799.0
10748.0
10749.0
10698.0
10699.0
10648.0
10649.0
10598.0
10599.0
10548.0
10549.0
10498.0
10499.0
10448.0
10449.0
10398.0
10399.0
10348.0
10349.0
10298.0
10299.0
10248.0
10249.0
10198.0
10199.0
10148.0
10149.0
10098.0
10099.0
10048.0
10049.0
9998.0
9999.0
9948.0
9949.0
9898.0
9899.0
9848.0
9849.0
9798.0
9799.0
9748.0
9749.0
9698.0
9699.0
9648.0
9649.0
9598.0
9599.0
9548.0
9549.0
9498.0
9499.0
9448.0
9449.0
9398.0
9399.0
9348.0
9349.0
9298.0
9299.0
9248.0
9249.0
9198.0
9199.0
9148.0
9149.0
9098.0
9099.0
9048.0
9049.0
8998.0
8999.0
8948.0
8949.0
8898.0
8899.0
8848.0
8849.0
8798.0
8799.0
8748.0
8749.0
8698.0
8699.0
8648.0
8649.0
8598.0
8599.0
8548.0
8549.0
8498.0
8499.0
8448.0
8449.0
8398.0
8399.0
8348.0
8349.0
8298.0
8299.0
8248.0
8249.0
8198.0
8199.0
8148.0
8149.0
8098.0
8099.0
8048.0
8049.0
7998.0
7999.0
7948.0
7949.0
7898.0
7899.0
7848.0
7849.0
7798.0
7799.0
7748.0
7749.0
7698.0
7699.0
7648.0
7649.0
7598.0
7599.0
7548.0
7549.0
7498.0
7499.0
7448.0
7449.0
7398.0
7399.0
7348.0
7349.0
7298.0
7299.0
7248.0
7249.0
7198.0
7199.0
7148.0
7149.0
7098.0
7099.0
7048.0
7049.0
6998.0
6999.0
6948.0
6949.0
6898.0
6899.0
6848.0
6849.0
6798.0
6799.0
6748.0
6749.0
6698.0
6699.0
6648.0
6649.0
6598.0
6599.0
6548.0
6549.0
6498.0
6499.0
6448.0
6449.0
6398.0
6399.0
6348.0
6349.0
6298.0
6299.0
6248.0
6249.0
6198.0
6199.0
6148.0
6149.0
6098.0
6099.0
6048.0
6049.0
5998.0
5999.0
5948.0
5949.0
5898.0
5899.0
5848.0
5849.0
5798.0
5799.0
5748.0
5749.0
5698.0
5699.0
5648.0
5649.0
5598.0
5599.0
5548.0
5549.0
5498.0
5499.0
5448.0
5449.0
5398.0
5399.0
5348.0
5349.0
5298.0
5299.0
5248.0
5249.0
5198.0
5199.0
5148.0
5149.0
5098.0
5099.0
5048.0
5049.0
4998.0
4999.0
4948.0
4949.0
4898.0
4899.0
4848.0
4849.0
4798.0
4799.0
4748.0
4749.0
4698.0
4699.0
4648.0
4649.0
4598.0
4599.0
4548.0
4549.0
4498.0
4499.0
4448.0
4449.0
4398.0
4399.0
4348.0
4349.0
4298.0
4299.0
4248.0
4249.0
4198.0
4199.0
4148.0
4149.0
4098.0
4099.0
4048.0
4049.0
3998.0
3999.0
3948.0
3949.0
3898.0
3899.0
3848.0
3849.0
3798.0
3799.0
3748.0
3749.0
3698.0
3699.0
3648.0
3649.0
3598.0
3599.0
3548.0
3549.0
3498.0
3499.0
3448.0
3449.0
3398.0
3399.0
3348.0
3349.0
3298.0
3299.0
3248.0
3249.0
3198.0
3199.0
3148.0
3149.0
3098.0
3099.0
3048.0
3049.0
2998.0
2999.0
2948.0
2949.0
2898.0
2899.0
2848.0
2849.0
2798.0
2799.0
2748.0
2749.0
2698.0
2699.0
2648.0
2649.0
2598.0
2599.0
2548.0
2549.0
2498.0
2499.0
2448.0
2449.0
2398.0
2399.0
2348.0
2349.0
2298.0
2299.0
2248.0
2249.0
2198.0
2199.0
2148.0
2149.0
2098.0
2099.0
2048.0
2049.0
1998.0
1999.0
1948.0
1949.0
1898.0
1899.0
1848.0
1849.0
1798.0
1799.0
1748.0
1749.0
1698.0
1699.0
1648.0
1649.0
1598.0
1599.0
1548.0
1549.0
1498.0
1499.0
1448.0
1449.0
1398.0
1399.0
1348.0
1349.0
1298.0
1299.0
1248.0
1249.0
1198.0
1199.0
1148.0
1149.0
1098.0
1099.0
1048.0
1049.0
998.0
999.0
948.0
949.0
898.0
899.0
848.0
849.0
798.0
799.0
748.0
749.0
698.0
699.0
648.0
649.0
598.0
599.0
548.0
549.0
498.0
499.0
448.0
449.0
398.0
399.0
348.0
349.0
298.0
299.0
248.0
249.0
198.0
199.0
148.0
149.0
98.0
99.0
48.0
49.0
-1.5
12498.5
12448.0
12448.0
12398.0
12398.0
12348.0
12348.0
12298.0
12298.0
12248.0
12248.0
12198.0
12198.0
12148.0
12148.0
12098.0
12098.0
12048.0
12048.0
11998.0
11998.0
11948.0
11948.0
11898.0
11898.0
11848.0
11848.0
11798.0
11798.0
11748.0
11748.0
11698.0
11698.0
11648.0
11648.0
11598.0
11598.0
11548.0
11548.0
11498.0
11498.0
11448.0
11448.0
11398.0
11398.0
11348.0
11348.0
11298.0
11298.0
11248.0
11248.0
11198.0
11198.0
11148.0
11148.0
11098.0
11098.0
11048.0
11048.0
10998.0
10998.0
10948.0
10948.0
10898.0
10898.0
10848.0
10848.0
10798.0
10798.0
10748.0
10748.0
10698.0
10698.0
10648.0
10648.0
10598.0
10598.0
10548.0
10548.0
10498.0
10498.0
10448.0
10448.0
10398.0
10398.0
10348.0
10348.0
10298.0
10298.0
10248.0
10248.0
10198.0
10198.0
10148.0
10148.0
10098.0
10098.0
10048.0
10048.0
9998.0
9998.0
9948.0
9948.0
9898.0
9898.0
9848.0
9848.0
9798.0
9798.0
9748.0
9748.0
9698.0
9698.0
9648.0
9648.0
9598.0
9598.0
9548.0
9548.0
9498.0
9498.0
9448.0
9448.0
9398.0
9398.0
9348.0
9348.0
9298.0
9298.0
9248.0
9248.0
9198.0
9198.0
9148.0
9148.0
9098.0
9098.0
9048.0
9048.0
8998.0
8998.0
8948.0
8948.0
8898.0
8898.0
8848.0
8848.0
8798.0
8798.0
8748.0
8748.0
8698.0
8698.0
8648.0
8648.0
8598.0
8598.0
8548.0
8548.0
8498.0
8498.0
8448.0
8448.0
8398.0
8398.0
8348.0
8348.0
8298.0
8298.0
8248.0
8248.0
8198.0
8198.0
8148.0
8148.0
8098.0
8098.0
8048.0
8048.0
7998.0
7998.0
7948.0
7948.0
7898.0
7898.0
7848.0
7848.0
7798.0
7798.0
7748.0
7748.0
7698.0
7698.0
7648.0
7648.0
7598.0
7598.0
7548.0
7548.0
7498.0
7498.0
7448.0
7448.0
7398.0
7398.0
7348.0
7348.0
7298.0
7298.0
7248.0
7248.0
7198.0
7198.0
7148.0
7148.0
7098.0
7098.0
7048.0
7048.0
6998.0
6998.0
6948.0
6948.0
6898.0
6898.0
6848.0
6848.0
6798.0
6798.0
6748.0
6748.0
6698.0
6698.0
6648.0
6648.0
6598.0
6598.0
6548.0
6548.0
6498.0
6498.0
6448.0
6448.0
6398.0
6398.0
6348.0
6348.0
6298.0
6298.0
6248.0
6248.0
6198.0
6198.0
6148.0
6148.0
6098.0
6098.0
6048.0
6048.0
5998.0
5998.0
5948.0
5948.0
5898.0
5898.0
5848.0
5848.0
5798.0
5798.0
5748.0
5748.0
5698.0
5698.0
5648.0
5648.0
5598.0
5598.0
5548.0
5548.0
5498.0
5498.0
5448.0
5448.0
5398.0
5398.0
5348.0
5348.0
5298.0
5298.0
5248.0
5248.0
5198.0
5198.0
5148.0
5148.0
5098.0
5098.0
5048.0
5048.0
4998.0
4998.0
4948.0
4948.0
4898.0
4898.0
4848.0
4848.0
4798.0
4798.0
4748.0
4748.0
4698.0
4698.0
4648.0
4648.0
4598.0
4598.0
4548.0
4548.0
4498.0
4498.0
4448.0
4448.0
4398.0
4398.0
4348.0
4348.0
4298.0
4298.0
4248.0
4248.0
4198.0
4198.0
4148.0
4148.0
4098.0
4098.0
4048.0
4048.0
3998.0
3998.0
3948.0
3948.0
3898.0
3898.0
3848.0
3848.0
3798.0
3798.0
3748.0
3748.0
3698.0
3698.0
3648.0
3648.0
3598.0
3598.0
3548.0
3548.0
3498.0
3498.0
3448.0
3448.0
3398.0
3398.0
3348.0
3348.0
3298.0
3298.0
3248.0
3248.0
3198.0
3198.0
3148.0
3148.0
3098.0
3098.0
3048.0
3048.0
2998.0
2998.0
2948.0
2948.0
2898.0
2898.0
2848.0
2848.0
2798.0
2798.0
2748.0
2748.0
2698.0
2698.0
2648.0
2648.0
2598.0
2598.0
2548.0
2548.0
2498.0
2498.0
2448.0
2448.0
2398.0
2398.0
2348.0
2348.0
2298.0
2298.0
2248.0
2248.0
2198.0
2198.0
2148.0
2148.0
2098.0
2098.0
2048.0
2048.0
1998.0
1998.0
1948.0
1948.0
1898.0
1898.0
1848.0
1848.0
1798.0
1798.0
1748.0
1748.0
1698.0
1698.0
1648.0
1648.0
1598.0
1598.0
1548.0
1548.0
1498.0
1498.0
1448.0
1448.0
1398.0
1398.0
1348.0
1348.0
1298.0
1298.0
1248.0
1248.0
1198.0
1198.0
1148.0
1148.0
1098.0
1098.0
1048.0
1048.0
998.0
998.0
948.0
948.0
898.0
898.0
848.0
848.0
798.0
798.0
748.0
748.0
698.0
698.0
648.0
648.0
598.0
598.0
548.0
548.0
498.0
498.0
448.0
448.0
398.0
398.0
348.0
348.0
298.0
298.0
248.0
248.0
198.0
198.0
148.0
148.0
98.0
98.0
48.0
48.0
-2.0
-2.0
