2.794390559196472
2.7944639921188354
2.7945250272750854
2.7953195571899414
2.79539954662323
2.795462965965271
2.7956650257110596
2.8067325353622437
2.9998635053634644
2.999953508377075
3.0000163316726685
3.000079870223999
3.000565528869629
3.000823974609375
3.000893473625183
3.0009524822235107
3.2919504642486572
3.292020559310913
3.292080044746399
3.292137026786804
3.2949925661087036
3.3039575815200806
3.3061145544052124
3.313287138938904
3.463633894920349
3.4638689756393433
3.464416027069092
3.4646328687667847
3.4647079706192017
3.4654749631881714
3.4838719367980957
3.492701530456543
3.706966519355774
3.7070339918136597
3.707093596458435
3.717333436012268
3.718469500541687
3.7185534238815308
3.7199615240097046
3.7213940620422363
3.987770915031433
3.9878604412078857
3.988695979118347
3.991189479827881
3.991270899772644
3.9914979934692383
3.9915854930877686
3.991647958755493
4.041374087333679
4.041795492172241
4.041881561279297
4.049379467964172
4.049471616744995
4.050340056419373
4.050912499427795
4.050994515419006
4.201889991760254
4.201956510543823
4.202015042304993
4.202070951461792
4.202164530754089
4.203457951545715
4.203529000282288
4.203584551811218
4.427961468696594
4.428025960922241
4.428083419799805
4.428407430648804
4.428475022315979
4.428531527519226
4.428586483001709
4.428639531135559
4.361286997795105
4.361352920532227
4.36145293712616
4.361514449119568
4.36823046207428
4.368311524391174
4.368369460105896
4.3684234619140625
4.5587499141693115
4.558937072753906
4.55901300907135
4.559070944786072
4.559134006500244
4.559187531471252
4.559240937232971
4.559292554855347
4.528883457183838
4.52894651889801
4.529003024101257
4.529056549072266
4.529115438461304
4.529170513153076
4.529229402542114
4.529281973838806
4.368942379951477
4.369007468223572
4.3690654039382935
4.369120001792908
4.369174480438232
4.369229435920715
4.369282364845276
4.369335412979126
4.42805552482605
4.42812192440033
4.428181052207947
4.428238391876221
4.42829442024231
4.42834997177124
4.4284034967422485
4.428457021713257
4.498089909553528
4.4981529712677
4.498208999633789
4.498265504837036
4.498320460319519
4.498405456542969
4.498480439186096
4.498560547828674
4.476498484611511
4.476559400558472
4.476613998413086
4.476667046546936
4.476718544960022
4.476769924163818
4.476820945739746
4.476871013641357
4.438081383705139
4.438143491744995
4.438199996948242
4.438253045082092
4.438305020332336
4.438356041908264
4.438410997390747
4.438461542129517
4.596004009246826
4.59606659412384
4.596121549606323
4.596173048019409
4.596224069595337
4.596275091171265
4.596326589584351
4.596376061439514
4.55066192150116
4.550723910331726
4.55077850818634
4.550831913948059
4.550883889198303
4.5509350299835205
4.5509854555130005
4.551035404205322
4.408149480819702
4.408210515975952
4.408264517784119
4.408346056938171
4.408401966094971
4.408454060554504
4.408505439758301
4.408581614494324
4.480610489845276
4.480692982673645
4.480750560760498
4.4808269739151
4.480881571769714
4.480934500694275
4.480986475944519
4.481037020683289
4.452478051185608
4.4525370597839355
4.45258891582489
4.452639102935791
4.452689051628113
4.452738046646118
4.452786564826965
4.452832937240601
4.3748699426651
4.374927997589111
4.374986052513123
4.375040411949158
4.375090003013611
4.375140070915222
4.37519097328186
4.375239014625549
4.3151633739471436
4.315222501754761
4.315275549888611
4.315324425697327
4.315372943878174
4.3154215812683105
4.315469026565552
4.315515995025635
4.267004132270813
4.267065167427063
4.2671215534210205
4.267173528671265
4.26722514629364
4.26727557182312
4.26732611656189
4.267375588417053
4.641676545143127
4.641737937927246
4.6417930126190186
4.641847014427185
4.641898989677429
4.641950964927673
4.642001986503601
4.642052888870239
4.568432569503784
4.568490386009216
4.568544983863831
4.5685955286026
4.568645477294922
4.568694472312927
4.568743467330933
4.568790912628174
4.687079548835754
4.68713653087616
4.687193036079407
4.6872429847717285
4.687296509742737
4.687345027923584
4.687394022941589
4.687443017959595
4.787390351295471
4.787454962730408
4.787510871887207
4.787564992904663
4.787616491317749
4.787668943405151
4.787721514701843
4.787773370742798
4.727041482925415
4.727103590965271
4.72715950012207
4.727213025093079
4.727264046669006
4.727315545082092
4.727366089820862
4.727415561676025
4.636568069458008
4.6366260051727295
4.636681437492371
4.636733055114746
4.636782884597778
4.636833906173706
4.636883974075317
4.6369324922561646
4.711076974868774
4.711150527000427
4.711206912994385
4.711260437965393
4.711313486099243
4.711366891860962
4.711418986320496
4.71147096157074
5.169107437133789
5.169168472290039
5.169222950935364
5.169278502464294
5.1693339347839355
5.169398546218872
5.169471502304077
5.169525980949402
5.270627021789551
5.270697474479675
5.270751595497131
5.270805597305298
5.270858526229858
5.270913600921631
5.270966649055481
5.271017074584961
5.19381046295166
5.19387149810791
5.193922996520996
5.193974494934082
5.194023013114929
5.194074034690857
5.194123983383179
5.19417142868042
5.187853455543518
5.187918543815613
5.187975525856018
5.188030958175659
5.188082456588745
5.188135504722595
5.188187479972839
5.188237547874451
5.247518539428711
5.247580647468567
5.247634649276733
5.247688174247742
5.247738480567932
5.247793674468994
5.247849106788635
5.247899651527405
5.200307488441467
5.2003690004348755
5.200422525405884
5.2004770040512085
5.20052695274353
5.200582027435303
5.200637578964233
5.200686931610107
5.2492899894714355
5.24934995174408
5.249403953552246
5.249459385871887
5.249512553215027
5.249565362930298
5.2496174573898315
5.249667406082153
5.350205421447754
5.350269436836243
5.350323438644409
5.350377917289734
5.350429534912109
5.350482940673828
5.350535035133362
5.350585460662842
5.3748619556427
5.374921083450317
5.3749730587005615
5.3750269412994385
5.375075936317444
5.375126004219055
5.3751749992370605
5.375222444534302
5.2875224351882935
5.2875823974609375
5.287633895874023
5.287686467170715
5.287735939025879
5.28778600692749
5.287835955619812
5.287885427474976
5.332064509391785
5.33212947845459
5.332184553146362
5.332237005233765
5.332288026809692
5.332339406013489
5.332390546798706
5.33244001865387
5.290459990501404
5.29052197933197
5.290579915046692
5.290632963180542
5.2906835079193115
5.290739417076111
5.290790915489197
5.290839433670044
5.189777970314026
5.1898380517959595
5.189891934394836
5.189944505691528
5.189993977546692
5.190045118331909
5.190096974372864
5.190146446228027
5.182567119598389
5.182635545730591
5.182716012001038
5.182772994041443
5.1828495264053345
5.182907581329346
5.182960033416748
5.183008551597595
5.156287431716919
5.156350016593933
5.156405568122864
5.15645956993103
5.156511068344116
5.156563997268677
5.1566160917282104
5.1566654443740845
5.1333839893341064
5.133448004722595
5.133501410484314
5.133555889129639
5.133607029914856
5.133659482002258
5.133710503578186
5.133760929107666
5.219549059867859
5.219612002372742
5.219666123390198
5.219720125198364
5.219776034355164
5.219827651977539
5.219878554344177
5.219927549362183
5.464598894119263
5.464658498764038
5.46470844745636
5.464758515357971
5.464807391166687
5.4648919105529785
5.464944958686829
5.465022921562195
5.58854603767395
5.588603377342224
5.588653564453125
5.5887064933776855
5.588756084442139
5.588807463645935
5.588858485221863
5.588907480239868
5.600321531295776
5.600382566452026
5.6004356145858765
5.6005165576934814
5.6005730628967285
5.600629568099976
5.600710034370422
5.600774168968201
5.534129500389099
5.534189939498901
5.534241557121277
5.534294486045837
5.534345030784607
5.534396529197693
5.534447550773621
5.534496545791626
5.466252446174622
5.466310977935791
5.466359972953796
5.4664119482040405
5.466461896896362
5.466512441635132
5.466566443443298
5.4666149616241455
5.46319305896759
5.463255047798157
5.463306546211243
5.463361978530884
5.463412523269653
5.463463544845581
5.463520050048828
5.463601589202881
5.39661717414856
5.396676063537598
5.396737098693848
5.396796107292175
5.396847128868103
5.396900057792664
5.396953582763672
5.397005677223206
5.352593541145325
5.3526540994644165
5.352705597877502
5.352758049964905
5.352808952331543
5.352860450744629
5.352911949157715
5.352960467338562
5.49621856212616
5.496277093887329
5.496327519416809
5.496378540992737
5.49642813205719
5.496479034423828
5.4965291023254395
5.496577620506287
5.756616473197937
5.756680488586426
5.756733536720276
5.756786465644836
5.756837487220764
5.75688910484314
5.7569379806518555
5.756986975669861
5.75754702091217
5.757606506347656
5.757657527923584
5.757711887359619
5.7577619552612305
5.757812023162842
5.757860898971558
5.757908463478088
5.818281888961792
5.818343997001648
5.818395495414734
5.818449854850769
5.81849992275238
5.818550944328308
5.8185999393463135
5.818648338317871
5.737651944160461
5.737712383270264
5.737763524055481
5.73781943321228
5.737869501113892
5.737921476364136
5.737971544265747
5.738028407096863
5.5746990442276
5.574761509895325
5.574813961982727
5.574874997138977
5.574925065040588
5.574975967407227
5.575024485588074
5.575073003768921
5.879406929016113
5.879467844963074
5.879527926445007
5.879580497741699
5.879629373550415
5.879679918289185
5.879728317260742
5.879776477813721
5.778917551040649
5.778977990150452
5.779032468795776
5.779086947441101
5.779136061668396
5.779186487197876
5.779235482215881
5.77928352355957
5.71992552280426
5.719987511634827
5.720038890838623
5.720092415809631
5.720141410827637
5.720191955566406
5.720240950584412
5.720290541648865
5.763468623161316
5.7635321617126465
5.763585090637207
5.763639688491821
5.7636905908584595
5.763742685317993
5.763791561126709
5.763840675354004
5.699579954147339
5.699638485908508
5.6996893882751465
5.69974684715271
5.699796915054321
5.699849963188171
5.699898958206177
5.699947953224182
5.817317008972168
5.817379474639893
5.817431926727295
5.81748640537262
5.817537903785706
5.817589998245239
5.817640542984009
5.817690014839172
5.768653035163879
5.7687294483184814
5.768791556358337
5.768848538398743
5.768903493881226
5.768954634666443
5.769003510475159
5.769052028656006
5.878026962280273
5.878119111061096
5.8781739473342896
5.87822949886322
5.878283500671387
5.878336548805237
5.8783875703811646
5.878438591957092
5.818210005760193
5.818269610404968
5.818320035934448
5.818372130393982
5.818421125411987
5.8184720277786255
5.818521022796631
5.81856894493103
5.867702603340149
5.867778539657593
5.867831110954285
5.867884159088135
5.867934584617615
5.8679856061935425
5.868035078048706
5.868083596229553
5.745588541030884
5.745679497718811
5.745736002922058
5.745790481567383
5.745839953422546
5.745890498161316
5.74594247341156
5.745990514755249
5.55159854888916
5.551658987998962
5.551709532737732
5.551859498023987
5.551911473274231
5.551964044570923
5.552017569541931
5.55206561088562
5.579956531524658
5.580015063285828
5.580076098442078
5.580129027366638
5.580176591873169
5.5802260637283325
5.580272436141968
5.580318570137024
5.46364951133728
5.463711977005005
5.463759422302246
5.463806867599487
5.463851451873779
5.463905453681946
5.463949918746948
5.46399450302124
5.666387557983398
5.666447043418884
5.666496992111206
5.666548013687134
5.666597485542297
5.666648030281067
5.666695952415466
5.66676664352417
5.75159752368927
5.751657485961914
5.751707911491394
5.751760959625244
5.751810550689697
5.751860976219177
5.751909971237183
5.751956939697266
5.653449058532715
5.653508543968201
5.653559565544128
5.653612017631531
5.653660535812378
5.6537104845047
5.6537580490112305
5.65380597114563
5.541056513786316
5.541115045547485
5.5412150621414185
5.541281580924988
5.541333556175232
5.541388988494873
5.541438579559326
5.541486024856567
5.494219660758972
5.494280695915222
5.49433159828186
5.494385600090027
5.494434595108032
5.49448561668396
5.4945350885391235
5.4945831298828125
5.426026105880737
5.426085948944092
5.4261369705200195
5.426191091537476
5.426241040229797
5.4262940883636475
5.426344990730286
5.426393985748291
5.359679460525513
5.359740972518921
5.359790921211243
5.35984194278717
5.359889984130859
5.359939455986023
5.359999895095825
5.360047459602356
5.563832521438599
5.563891410827637
5.56394100189209
5.563992500305176
5.564040422439575
5.564089417457581
5.564136028289795
5.564182877540588
5.801149010658264
5.801207065582275
5.801262617111206
5.801315546035767
5.80136501789093
5.801414489746094
5.801463007926941
5.801510572433472
5.727223992347717
5.727284550666809
5.727335453033447
5.727387428283691
5.727439045906067
5.727491497993469
5.727540493011475
5.727588057518005
5.661504030227661
5.661563992500305
5.661615014076233
5.661668062210083
5.661735534667969
5.66178560256958
5.661834478378296
5.661882519721985
6.020034909248352
6.0200968980789185
6.020147442817688
6.020205855369568
6.020258903503418
6.020310401916504
6.0203598737716675
6.020408391952515
5.6134644746780396
5.613526940345764
5.6135793924331665
5.613632082939148
5.613682985305786
5.613733530044556
5.61378288269043
5.613831996917725
5.671658992767334
5.671716928482056
5.671778440475464
5.671830534934998
5.671883463859558
5.67193341255188
5.6719828844070435
5.67203152179718
5.598629593849182
5.598690509796143
5.59874153137207
5.5987935066223145
5.59884250164032
5.598893523216248
5.598942041397095
5.598991513252258
5.550698399543762
5.550760984420776
5.550813555717468
5.550867557525635
5.550918459892273
5.550971031188965
5.551020503044128
5.551069974899292
6.03418505191803
6.03424859046936
6.034301042556763
6.034357070922852
6.034408092498779
6.034458041191101
6.034509062767029
6.0345646142959595
6.294034004211426
6.294113516807556
6.294167518615723
6.294221997261047
6.2942750453948975
6.294324517250061
6.294374465942383
6.294424057006836
6.495083451271057
6.495154500007629
6.4952075481414795
6.495262980461121
6.49531352519989
6.495363116264343
6.495416522026062
6.495465517044067
6.497901558876038
6.497961044311523
6.498012065887451
6.498067021369934
6.498118042945862
6.498166561126709
6.498216032981873
6.498265027999878
6.5167354345321655
6.516795516014099
6.516846418380737
6.51690149307251
6.516952991485596
6.517002582550049
6.517051458358765
6.517101526260376
6.500670552253723
6.500739932060242
6.500799536705017
6.500877499580383
6.500935435295105
6.500987887382507
6.501039028167725
6.5010905265808105
6.4643731117248535
6.46443247795105
6.464483976364136
6.464539527893066
6.464590549468994
6.464640498161316
6.464691519737244
6.464741468429565
6.396300554275513
6.396359086036682
6.396412014961243
6.396465063095093
6.396514058113098
6.396562576293945
6.396610617637634
6.3966591358184814
6.659154057502747
6.659214019775391
6.65926456451416
6.6593180894851685
6.659367084503174
6.659415602684021
6.65946352481842
6.659519076347351
6.589521050453186
6.589581489562988
6.5896315574646
6.589685082435608
6.589735507965088
6.5897849798202515
6.589834570884705
6.589883089065552
6.479640007019043
6.479697585105896
6.479745507240295
6.479797005653381
6.479846477508545
6.479894518852234
6.479942440986633
6.479989409446716
6.564339995384216
6.564403057098389
6.564455509185791
6.56451153755188
6.564563035964966
6.564614534378052
6.56466805934906
6.564718008041382
6.695583939552307
6.695644974708557
6.695696949958801
6.695752382278442
6.695803880691528
6.695854544639587
6.695939898490906
6.696004509925842
6.5998615026474
6.599922060966492
6.599983096122742
6.600036978721619
6.600087523460388
6.60013747215271
6.600187540054321
6.600237488746643
6.432372450828552
6.432431578636169
6.432510137557983
6.4326090812683105
6.432665586471558
6.432718634605408
6.432769536972046
6.432818531990051
6.4864925146102905
6.486563563346863
6.4866180419921875
6.486676096916199
6.486730456352234
6.486782550811768
6.48683500289917
6.486887574195862
6.3863584995269775
6.386420011520386
6.386472463607788
6.386529445648193
6.386581897735596
6.386633038520813
6.386684894561768
6.386736512184143
6.57493793964386
6.575002431869507
6.575056433677673
6.575130462646484
6.575184941291809
6.575236439704895
6.575300931930542
6.575352430343628
6.527041435241699
6.527103066444397
6.527167439460754
6.527233958244324
6.527289032936096
6.52736496925354
6.527420401573181
6.527472972869873
6.464000582695007
6.464066982269287
6.4641560316085815
6.46422004699707
6.464304566383362
6.464362621307373
6.464418530464172
6.464475035667419
6.561871528625488
6.561938047409058
6.562015652656555
6.5620810985565186
6.562135577201843
6.562189102172852
6.562242150306702
6.56229305267334
6.500352621078491
6.500417113304138
6.500470995903015
6.500527501106262
6.500633478164673
6.500701069831848
6.500772595405579
6.500839591026306
6.350208878517151
6.350273013114929
6.350327014923096
6.350383520126343
6.350435495376587
6.350486993789673
6.350539445877075
6.350592494010925
6.301090955734253
6.301151990890503
6.301204442977905
6.301260948181152
6.301313400268555
6.3013670444488525
6.301424503326416
6.3014750480651855
6.38910698890686
6.389169454574585
6.3892234563827515
6.389280080795288
6.389333486557007
6.389389514923096
6.389443039894104
6.3894959688186646
6.556789517402649
6.556850552558899
6.5569024085998535
6.556959509849548
6.557012557983398
6.557063937187195
6.557114958763123
6.557165026664734
6.548379898071289
6.548440933227539
6.548491954803467
6.5485475063323975
6.548597931861877
6.548646450042725
6.548697471618652
6.5487459897994995
6.387670516967773
6.387728929519653
6.387778997421265
6.387834072113037
6.387886047363281
6.387935042381287
6.387984037399292
6.38803243637085
6.468229413032532
6.468290448188782
6.4683414697647095
6.468400001525879
6.468452334403992
6.468505501747131
6.468557000160217
6.4686055183410645
6.62450110912323
6.624561071395874
6.624613046646118
6.624675035476685
6.6247276067733765
6.624780535697937
6.624831557273865
6.624884128570557
6.494080901145935
6.494141459465027
6.494192957878113
6.494248986244202
6.494301438331604
6.494350910186768
6.4944024085998535
6.494451522827148
6.430794954299927
6.430854916572571
6.4309059381484985
6.430992364883423
6.431049346923828
6.431110382080078
6.431165337562561
6.431216359138489
6.367047548294067
6.36711061000824
6.367161989212036
6.367217063903809
6.367267608642578
6.367375135421753
6.367429137229919
6.367502570152283
6.305363893508911
6.305424451828003
6.305478930473328
6.305562496185303
6.305618524551392
6.305684447288513
6.30574095249176
6.305792450904846
6.256152987480164
6.256216049194336
6.256272554397583
6.256328463554382
6.256423473358154
6.256481051445007
6.25656795501709
6.2566365003585815
6.841628432273865
6.841695427894592
6.841753005981445
6.841811418533325
6.841865539550781
6.841918468475342
6.841971516609192
6.84202241897583
6.781679034233093
6.781745076179504
6.781799912452698
6.781858444213867
6.781912922859192
6.781979441642761
6.7820329666137695
6.782087087631226
7.011396646499634
7.0114710330963135
7.0115275382995605
7.011587023735046
7.011641502380371
7.011695027351379
7.011750102043152
7.011802554130554
6.81949770450592
6.819559097290039
6.819611072540283
6.81966757774353
6.819720149040222
6.819770097732544
6.8198206424713135
6.819870114326477
6.757007479667664
6.757068514823914
6.757121443748474
6.757179617881775
6.757236957550049
6.757289528846741
6.757347583770752
6.757400035858154
6.729495048522949
6.729558110237122
6.72961151599884
6.729668021202087
6.7297199964523315
6.729772090911865
6.729823112487793
6.729874491691589
6.6678160429000854
6.667878031730652
6.667930960655212
6.667987585067749
6.668040633201599
6.6680930852890015
6.668146014213562
6.668198585510254
6.543123960494995
6.543208956718445
6.5432939529418945
6.5433595180511475
6.543413996696472
6.543465971946716
6.5435415506362915
6.543606519699097
7.024063348770142
7.024125933647156
7.024177432060242
7.024234414100647
7.024284482002258
7.024334907531738
7.02438747882843
7.024438977241516
7.308399319648743
7.308458924293518
7.30851149559021
7.308576941490173
7.308626413345337
7.308677911758423
7.308734893798828
7.308785915374756
7.320362567901611
7.320421576499939
7.320473074913025
7.3205260038375854
7.320574045181274
7.320624113082886
7.3207011222839355
7.320754528045654
7.526450514793396
7.526507496833801
7.526558041572571
7.526612401008606
7.526660919189453
7.52671205997467
7.526763081550598
7.52681291103363
7.538564562797546
7.538648009300232
7.53870153427124
7.538761615753174
7.538811445236206
7.53886353969574
7.538915038108826
7.5389649868011475
7.577067017555237
7.577123522758484
7.577173471450806
7.577227473258972
7.577276587486267
7.577327609062195
7.577378511428833
7.5774301290512085
7.517033100128174
7.517088055610657
7.51713764667511
7.51719057559967
7.517238616943359
7.517287611961365
7.517336964607239
7.5173856019973755
7.448895335197449
7.448948502540588
7.448996424674988
7.449047923088074
7.449093818664551
7.4491413831710815
7.4491883516311646
7.449234843254089
7.6911256313323975
7.691183090209961
7.691233038902283
7.691294550895691
7.691343069076538
7.691397070884705
7.691448092460632
7.691497087478638
7.625869989395142
7.625928044319153
7.625977993011475
7.626034140586853
7.626083016395569
7.626136064529419
7.626186013221741
7.6262359619140625
7.624157428741455
7.624213933944702
7.624263525009155
7.624317049980164
7.624365448951721
7.624414920806885
7.62446391582489
7.624512434005737
7.714033484458923
7.714089035987854
7.714137434959412
7.714189529418945
7.7142369747161865
7.714284896850586
7.714332938194275
7.714380502700806
7.727007985115051
7.72706151008606
7.727112531661987
7.7271645069122314
7.727212429046631
7.727262020111084
7.727309346199036
7.727357387542725
7.6235129833221436
7.62356698513031
7.623615026473999
7.6236666440963745
7.623713970184326
7.623761534690857
7.623809576034546
7.623856544494629
7.482036471366882
7.482090950012207
7.482138514518738
7.482190489768982
7.482274055480957
7.482329487800598
7.482380986213684
7.4824298620224
7.42283296585083
7.4228880405426025
7.42293643951416
7.4229888916015625
7.423035979270935
7.4230839014053345
7.423133015632629
7.42318058013916
7.542996048927307
7.543048977851868
7.543096423149109
7.543147444725037
7.543227553367615
7.543299555778503
7.54335355758667
7.543437480926514
7.394136905670166
7.394192934036255
7.394241452217102
7.394328951835632
7.394387483596802
7.394439458847046
7.394489049911499
7.394536972045898
7.627946496009827
7.628023982048035
7.628077387809753
7.6281338930130005
7.628182411193848
7.628250479698181
7.628327488899231
7.628405451774597
7.616754651069641
7.616832613945007
7.616882085800171
7.616937637329102
7.616986155509949
7.617046594619751
7.61711061000824
7.6171605587005615
7.499561071395874
7.499616622924805
7.499665141105652
7.499718070030212
7.499765157699585
7.499873161315918
7.499933481216431
7.4999840259552
7.4302250146865845
7.430279970169067
7.430327892303467
7.430380940437317
7.4304279088974
7.430475473403931
7.430523991584778
7.4305949211120605
7.523345112800598
7.523402571678162
7.523452043533325
7.5235066413879395
7.523555040359497
7.523605108261108
7.523703575134277
7.52376401424408
7.597495436668396
7.597551465034485
7.597600340843201
7.597654938697815
7.5977044105529785
7.597758889198303
7.597809910774231
7.597859501838684
7.46893584728241
7.46899950504303
7.469049453735352
7.469106912612915
7.469155430793762
7.469205021858215
7.469254851341248
7.469303369522095
7.397741436958313
7.397794008255005
7.397841930389404
7.397907376289368
7.397953987121582
7.398002982139587
7.398051977157593
7.398100018501282
7.34294593334198
7.343003988265991
7.3430540561676025
7.343108415603638
7.343156933784485
7.343206524848938
7.343255519866943
7.343303918838501
7.2928314208984375
7.292890906333923
7.292943000793457
7.293001413345337
7.293051481246948
7.293103456497192
7.2931554317474365
7.293221950531006
7.439234018325806
7.439292550086975
7.4393439292907715
7.439401030540466
7.4394519329071045
7.439505934715271
7.4395599365234375
7.439612030982971
7.368165016174316
7.368223547935486
7.368274092674255
7.3683295249938965
7.368378639221191
7.36842954158783
7.368480563163757
7.368531107902527
7.302278995513916
7.302334547042847
7.30238401889801
7.302439570426941
7.3024879693984985
7.3025360107421875
7.302585005760193
7.30263352394104
7.512783527374268
7.5128384828567505
7.512887477874756
7.512940406799316
7.512987375259399
7.513035416603088
7.5130839347839355
7.513131380081177
7.737607002258301
7.737664461135864
7.737734079360962
7.737802505493164
7.737855076789856
7.7379070520401
7.737959027290344
7.738006949424744
7.678495526313782
7.678551435470581
7.678604483604431
7.678658485412598
7.678707003593445
7.678756475448608
7.67880654335022
7.678853988647461
8.215636491775513
8.215692043304443
8.215741038322449
8.21579360961914
8.21584153175354
8.215890049934387
8.215938448905945
8.215984582901001
8.155323028564453
8.15537941455841
8.155429005622864
8.155485033988953
8.155534505844116
8.155584931373596
8.155635476112366
8.155683875083923
7.851473569869995
7.851531028747559
7.851580023765564
7.851633548736572
7.8516809940338135
7.851729512214661
7.851778507232666
7.85182511806488
7.778069496154785
7.778124570846558
7.778172492980957
7.778224468231201
7.778271555900574
7.778319478034973
7.77836799621582
7.778413534164429
7.982076525688171
7.982131361961365
7.9821789264678955
7.982231020927429
7.982280969619751
7.982327461242676
7.982374548912048
7.982419013977051
8.04127049446106
8.041324496269226
8.041373372077942
8.0414320230484
8.0414799451828
8.041529059410095
8.041577935218811
8.04162347316742
7.9766645431518555
7.976755976676941
7.976809978485107
7.976867437362671
7.976917505264282
7.97696852684021
7.977019548416138
7.977068066596985
8.007237911224365
8.007315993309021
8.007369995117188
8.00742793083191
8.007477879524231
8.00752854347229
8.00757896900177
8.007627010345459
7.943993926048279
7.9440494775772095
7.944097399711609
7.944150447845459
7.94419801235199
7.944246530532837
7.9442960023880005
7.944342494010925
8.057152032852173
8.057206511497498
8.057254552841187
8.057305932044983
8.057352542877197
8.057400107383728
8.057451128959656
8.05749762058258
8.111984610557556
8.112038016319275
8.112085580825806
8.112136483192444
8.1121826171875
8.112230062484741
8.112277030944824
8.112321496009827
8.052448034286499
8.05250358581543
8.052553057670593
8.05260705947876
8.052654504776001
8.052704572677612
8.052753567695618
8.052800059318542
7.980198979377747
7.9802550077438354
7.980302929878235
7.980356454849243
7.980403900146484
7.980455994606018
7.980504512786865
7.980550050735474
7.963342666625977
7.963433027267456
7.963486671447754
7.963544607162476
7.963594079017639
7.963646173477173
7.963697075843811
7.963744044303894
7.912381172180176
7.912437081336975
7.912494540214539
7.912546515464783
7.912593603134155
7.912641525268555
7.912688612937927
7.912734031677246
8.168521523475647
8.168576955795288
8.168626070022583
8.168679475784302
8.168726563453674
8.168776512145996
8.168825507164001
8.168871998786926
8.273124933242798
8.273178458213806
8.273225545883179
8.273277521133423
8.273324012756348
8.27336859703064
8.273415923118591
8.273460984230042
8.285021543502808
8.285077452659607
8.285127520561218
8.285181522369385
8.285229444503784
8.28527557849884
8.285323977470398
8.285369992256165
8.3828444480896
8.382901430130005
8.382960438728333
8.383014440536499
8.383062958717346
8.383110404014587
8.383160471916199
8.383208513259888
8.403335452079773
8.403390526771545
8.403439044952393
8.403491497039795
8.4035404920578
8.403586983680725
8.403635501861572
8.403681993484497
8.447309970855713
8.447365999221802
8.44742739200592
8.447479486465454
8.447526574134827
8.447571516036987
8.447618961334229
8.447664022445679
8.365142464637756
8.365197896957397
8.365248084068298
8.365301966667175
8.365350484848022
8.365397453308105
8.3654465675354
8.365492939949036
8.423123478889465
8.423181056976318
8.423235058784485
8.423289060592651
8.423337578773499
8.423384070396423
8.423433661460876
8.42348051071167
8.524662494659424
8.524720907211304
8.524784922599792
8.524853467941284
8.524906873703003
8.524955868721008
8.525005340576172
8.525052428245544
8.34135913848877
8.341429591178894
8.3414785861969
8.34153163433075
8.341578125953674
8.341623544692993
8.341670513153076
8.341715574264526
8.373478889465332
8.373534917831421
8.373582482337952
8.373635053634644
8.373685002326965
8.373729467391968
8.373777031898499
8.373823046684265
8.323271036148071
8.323328137397766
8.323378562927246
8.323432087898254
8.32348108291626
8.323527455329895
8.323576092720032
8.323622465133667
8.239779114723206
8.239835619926453
8.239886164665222
8.239940166473389
8.239988565444946
8.24003517627716
8.240086078643799
8.240165114402771
8.363962531089783
8.364019513130188
8.364068508148193
8.364121913909912
8.364169478416443
8.36421549320221
8.364264965057373
8.364311933517456
8.415326952934265
8.41538155078888
8.415430068969727
8.415485978126526
8.415540933609009
8.4155855178833
8.415632963180542
8.415678024291992
8.381608486175537
8.381664514541626
8.38171398639679
8.381766438484192
8.381813883781433
8.381860375404358
8.381914019584656
8.381960988044739
8.306029438972473
8.306087493896484
8.30613899230957
8.306193470954895
8.3062424659729
8.306289076805115
8.306338548660278
8.30638599395752
8.30385160446167
8.30390751361847
8.303956031799316
8.304008603096008
8.30405604839325
8.304102063179016
8.304150581359863
8.304196119308472
8.358973622322083
8.359031558036804
8.359081029891968
8.359158515930176
8.3592129945755
8.359260559082031
8.35930848121643
8.359354019165039
8.300289034843445
8.30034351348877
8.300391554832458
8.300442934036255
8.300490021705627
8.300535559654236
8.300583124160767
8.300629019737244
8.293942093849182
8.29399847984314
8.29404866695404
8.294103145599365
8.294151067733765
8.294199109077454
8.294247508049011
8.294293999671936
8.483639478683472
8.483697891235352
8.483749389648438
8.492979407310486
8.493037462234497
8.493088960647583
8.493141055107117
8.49319040775299
8.727707982063293
8.727763533592224
8.727813005447388
8.727867007255554
8.727915048599243
8.727962493896484
8.72801148891449
8.728058099746704
8.655367970466614
8.655424952507019
8.655473470687866
8.655526518821716
8.655572891235352
8.655617952346802
8.655669569969177
8.655714988708496
8.44087302684784
8.440924525260925
8.440978527069092
8.44102954864502
8.44107460975647
8.441117525100708
8.441163063049316
8.441223621368408
8.338899612426758
8.338953018188477
8.33900010585785
8.339050531387329
8.33909559249878
8.339138984680176
8.339184522628784
8.33922803401947
8.369210958480835
8.369266390800476
8.369319438934326
8.369374513626099
8.369422435760498
8.369468569755554
8.369516968727112
8.36956250667572
8.593999981880188
8.594052910804749
8.594100952148438
8.59415352344513
8.594200015068054
8.594245076179504
8.594292521476746
8.594336986541748
8.555248379707336
8.55530333518982
8.555351376533508
8.555404424667358
8.5554518699646
8.55549693107605
8.555545330047607
8.555590867996216
8.490175485610962
8.490228414535522
8.490275502204895
8.490326523780823
8.490371465682983
8.49041497707367
8.49045991897583
8.490502953529358
8.428675413131714
8.428727507591248
8.428773880004883
8.42882490158081
8.428871512413025
8.428915858268738
8.428962469100952
8.429007411003113
8.355220437049866
8.35527503490448
8.355322480201721
8.355373501777649
8.35542356967926
8.355481028556824
8.355527997016907
8.355572581291199
8.706475496292114
8.706531524658203
8.70658004283905
8.70663297176361
8.7066810131073
8.706727504730225
8.706777453422546
8.706825017929077
9.002991557121277
9.003051042556763
9.003101468086243
9.003153443336487
9.003202557563782
9.003254890441895
9.003304958343506
9.003353476524353
8.933582544326782
8.933640956878662
8.933691501617432
8.933742880821228
8.933790445327759
8.933837413787842
8.933889508247375
8.933936476707458
8.940487384796143
8.940542340278625
8.940591812133789
8.940643429756165
8.940691828727722
8.940739393234253
8.940789341926575
8.940836906433105
8.859972953796387
8.860031962394714
8.860082864761353
8.860134482383728
8.860183000564575
8.860229849815369
8.860284924507141
8.860333919525146
8.912574529647827
8.912632584571838
8.91268503665924
8.912737011909485
8.912786602973938
8.912835001945496
8.912886500358582
8.912935614585876
8.990927577018738
8.990987539291382
8.991092085838318
8.991160154342651
8.991231560707092
8.991293668746948
8.991348505020142
8.991398572921753
8.913288950920105
8.913350462913513
8.913403391838074
8.913457036018372
8.913506865501404
8.913556933403015
8.913632988929749
8.913691401481628
8.85337245464325
8.853431463241577
8.85348391532898
8.853535532951355
8.853585481643677
8.853633999824524
8.85368549823761
8.853733897209167
9.141975998878479
9.142032980918884
9.142082571983337
9.142133593559265
9.142181515693665
9.142229080200195
9.14230751991272
9.142364025115967
9.065563917160034
9.065618515014648
9.065667986869812
9.06571900844574
9.065765500068665
9.06581199169159
9.065860509872437
9.065908074378967
9.018280386924744
9.018339037895203
9.018391013145447
9.01844346523285
9.018492937088013
9.018542528152466
9.018594980239868
9.018643975257874
8.92552900314331
8.925590872764587
8.925644993782043
8.925700426101685
8.925751566886902
8.925801873207092
8.925854444503784
8.925904512405396
9.09598994255066
9.096046447753906
9.096096992492676
9.09614896774292
9.096199035644531
9.096246480941772
9.0962975025177
9.09634554386139
9.030644416809082
9.030734419822693
9.030786991119385
9.030838012695312
9.030885457992554
9.030930995941162
9.030982494354248
9.031029462814331
9.214293122291565
9.214353561401367
9.214409470558167
9.214460968971252
9.214507460594177
9.214560985565186
9.214609980583191
9.214656472206116
9.027770042419434
9.027864933013916
9.02791953086853
9.027972102165222
9.02802062034607
9.028067946434021
9.028121590614319
9.028245568275452
9.109055519104004
9.109113574028015
9.109163999557495
9.109214663505554
9.109262585639954
9.109308958053589
9.109359502792358
9.109407544136047
8.952357649803162
8.95241367816925
8.952462553977966
8.952511548995972
8.952558040618896
8.952603101730347
8.952653050422668
8.952699542045593
9.020208597183228
9.020263910293579
9.020317077636719
9.020367503166199
9.02041494846344
9.020460486412048
9.020509481430054
9.020557045936584
9.324138879776001
9.324196934700012
9.324248433113098
9.324300408363342
9.324354887008667
9.324403405189514
9.324455976486206
9.324503421783447
9.300755143165588
9.30081307888031
9.30086350440979
9.300915479660034
9.300963997840881
9.301011562347412
9.301063060760498
9.301111102104187
9.271708488464355
9.271765947341919
9.271816968917847
9.27186894416809
9.27191698551178
9.271965026855469
9.272015452384949
9.272063493728638
9.116455554962158
9.116515040397644
9.11656641960144
9.116618990898132
9.11666750907898
9.116715431213379
9.116766929626465
9.116815567016602
9.125754952430725
9.125810980796814
9.125859379768372
9.12593698501587
9.125988960266113
9.126037001609802
9.126093029975891
9.126139998435974
9.063606977462769
9.063664078712463
9.063712477684021
9.063761472702026
9.063807487487793
9.063852548599243
9.063905000686646
9.063951015472412
9.010810494422913
9.010870933532715
9.010923027992249
9.010977029800415
9.011026978492737
9.011075496673584
9.011129975318909
9.011205911636353
9.263607501983643
9.263665914535522
9.263715982437134
9.263767957687378
9.263815999031067
9.263862013816833
9.263912439346313
9.263960480690002
9.56547498703003
9.565528512001038
9.565575957298279
9.565626502037048
9.565672039985657
9.565717458724976
9.565765500068665
9.565811395645142
9.577513575553894
9.577572464942932
9.57762897014618
9.57768201828003
9.577731490135193
9.57778000831604
9.577832460403442
9.577881097793579
9.511538863182068
9.511593461036682
9.51164197921753
9.511692523956299
9.511738896369934
9.5117849111557
9.511834502220154
9.51188051700592
9.502171516418457
9.502227067947388
9.502275466918945
9.502353072166443
9.50240409374237
9.502451539039612
9.502500534057617
9.502546072006226
9.565906405448914
9.56596028804779
9.566007852554321
9.566057324409485
9.566103458404541
9.56614887714386
9.566197872161865
9.566244959831238
9.491716027259827
9.49176812171936
9.49181354045868
9.491860628128052
9.491904616355896
9.491947054862976
9.4919935464859
9.492037177085876
9.994655013084412
9.99470841884613
9.994755983352661
9.994805455207825
9.994852900505066
9.994897961616516
9.9949449300766
9.995001554489136
9.926492094993591
9.926547527313232
9.926595568656921
9.926646113395691
9.926692605018616
9.926737546920776
9.926786184310913
9.92683207988739
9.823026895523071
9.823080897331238
9.823134422302246
9.823184370994568
9.82323145866394
9.823277354240417
9.823327422142029
9.823372960090637
9.624966144561768
9.625019073486328
9.625066041946411
9.625114560127258
9.625160098075867
9.625204086303711
9.625251650810242
9.625296115875244
9.554741024971008
9.55479347705841
9.554839491844177
9.554887413978577
9.55493152141571
9.554975509643555
9.555024981498718
9.555074095726013
9.75125503540039
9.751307487487793
9.751355528831482
9.751405000686646
9.751451969146729
9.751497030258179
9.751549005508423
9.75159502029419
9.685869932174683
9.68592643737793
9.685974359512329
9.686024904251099
9.686071395874023
9.68611741065979
9.686166882514954
9.686213850975037
9.62510597705841
9.6251620054245
9.625212550163269
9.625264048576355
9.625315546989441
9.625370025634766
9.62541949748993
9.625466108322144
9.555197477340698
9.555253505706787
9.555302023887634
9.555361986160278
9.55540943145752
9.555455565452576
9.55550503730774
9.55555248260498
9.992988109588623
9.993042469024658
9.99308955669403
9.993138074874878
9.993183016777039
9.993228077888489
9.993271589279175
9.99331510066986
9.989142060279846
9.989196062088013
9.989245057106018
9.989302039146423
9.989349603652954
9.989396095275879
9.989441514015198
9.989489078521729
10.012875437736511
10.012930512428284
10.01297903060913
10.013028025627136
10.013074040412903
10.013154029846191
10.013204455375671
10.013251543045044
9.96433401107788
9.964388370513916
9.964436888694763
9.964490413665771
9.964537501335144
9.964582920074463
9.96463143825531
9.964676976203918
9.930541515350342
9.930596590042114
9.930654525756836
9.930704474449158
9.930752038955688
9.930799126625061
9.930845618247986
9.930891633033752
10.139524459838867
10.139580368995667
10.13962996006012
10.139681458473206
10.139729976654053
10.139776468276978
10.139822959899902
10.13986885547638
10.101418375968933
10.101490497589111
10.101540923118591
10.101593375205994
10.101640462875366
10.101686477661133
10.1017324924469
10.101776957511902
10.251240015029907
10.251294493675232
10.251342415809631
10.251389026641846
10.251433968544006
10.251478552818298
10.251522898674011
10.251567482948303
10.284361362457275
10.284415483474731
10.284463047981262
10.284508347511292
10.284553408622742
10.284597873687744
10.284642457962036
10.284687399864197
10.32125210762024
10.32130753993988
10.321357011795044
10.321404099464417
10.321451544761658
10.321497559547424
10.32154405117035
10.321589469909668
10.237630486488342
10.23771846294403
10.237777471542358
10.237828493118286
10.23787808418274
10.237927079200745
10.237975478172302
10.23802399635315
10.183751940727234
10.183810353279114
10.183861374855042
10.183910489082336
10.183960437774658
10.184007406234741
10.18405544757843
10.184102416038513
10.271759867668152
10.27181589603424
10.271865844726562
10.271913409233093
10.271960496902466
10.272006869316101
10.27205240726471
10.272098898887634
10.431513547897339
10.431580066680908
10.431629538536072
10.431676030158997
10.431723475456238
10.431769013404846
10.431814432144165
10.431859493255615
10.476378917694092
10.476435542106628
10.476488471031189
10.476536989212036
10.476588487625122
10.476635575294495
10.47668206691742
10.476729035377502
10.395538926124573
10.395595908164978
10.3956618309021
10.395718455314636
10.3957679271698
10.3958158493042
10.395862460136414
10.39591896533966
10.56568157672882
10.565739035606384
10.565788984298706
10.565837144851685
10.565883040428162
10.565929532051086
10.565975546836853
10.566038608551025
10.495466470718384
10.495520949363708
10.495569586753845
10.495616555213928
10.495662450790405
10.495708465576172
10.495754599571228
10.495799541473389
10.235645055770874
10.235698938369751
10.235803484916687
10.235867023468018
10.235916495323181
10.235962510108948
10.236008524894714
10.236053466796875
10.493625044822693
10.493682622909546
10.49373209476471
10.493780493736267
10.493831992149353
10.493879079818726
10.49392545223236
10.493972063064575
10.298776984214783
10.29883360862732
10.298883080482483
10.298930048942566
10.298975944519043
10.299021482467651
10.29906702041626
10.299112558364868
10.383764505386353
10.383832573890686
10.383883476257324
10.38392949104309
10.3839750289917
10.384019494056702
10.384063959121704
10.384107947349548
10.262621998786926
10.26268446445465
10.262731909751892
10.2627774477005
10.262822389602661
10.262866497039795
10.26291036605835
10.262954354286194
10.280787110328674
10.280839562416077
10.280887603759766
10.280933499336243
10.280979037284851
10.281023979187012
10.281068563461304
10.28112506866455
10.270243048667908
10.270299434661865
10.270349979400635
10.270396947860718
10.270443558692932
10.270491003990173
10.270540475845337
10.27058744430542
10.240736484527588
10.240791916847229
10.240840911865234
10.240888476371765
10.240978956222534
10.241031885147095
10.241080045700073
10.241127014160156
10.167089581489563
10.167144536972046
10.16719400882721
10.167242527008057
10.167289018630981
10.167335033416748
10.167380571365356
10.167425990104675
10.151713013648987
10.151767611503601
10.151816010475159
10.151862502098083
10.151908040046692
10.151952981948853
10.151998043060303
10.152043581008911
10.161741018295288
10.161795973777771
10.161844849586487
10.161890983581543
10.161936521530151
10.161980867385864
10.162025451660156
10.162069916725159
10.089946508407593
10.090000987052917
10.090049028396606
10.090094447135925
10.090139031410217
10.09018349647522
10.090228080749512
10.090271949768066
10.222012996673584
10.222065448760986
10.222113013267517
10.222158074378967
10.22220253944397
10.222246408462524
10.222290515899658
10.222334504127502
10.205498933792114
10.205557942390442
10.20560896396637
10.205657005310059
10.2057044506073
10.20575201511383
10.205798864364624
10.20584499835968
10.142379522323608
10.14243745803833
10.142488479614258
10.142536997795105
10.142592072486877
10.142639994621277
10.142686605453491
10.142732977867126
10.06983995437622
10.069896459579468
10.069945931434631
10.069993495941162
10.070040941238403
10.070087552070618
10.070132970809937
10.070179462432861
10.387320041656494
10.387377977371216
10.387426972389221
10.387473464012146
10.387519001960754
10.387564539909363
10.387609481811523
10.387654542922974
10.42251741886139
10.422572493553162
10.422623991966248
10.422669529914856
10.422716975212097
10.4227614402771
10.422805070877075
10.42284893989563
10.352381587028503
10.352436542510986
10.352484583854675
10.352530002593994
10.352573990821838
10.35261845588684
10.352663040161133
10.352707624435425
10.339027643203735
10.339083671569824
10.33913266658783
10.339179039001465
10.339224576950073
10.33927047252655
10.339316010475159
10.339361667633057
10.270256996154785
10.270374536514282
10.270425915718079
10.270472407341003
10.270516991615295
10.270561456680298
10.270610451698303
10.270655035972595
10.202409386634827
10.202462911605835
10.202509880065918
10.202554941177368
10.202599048614502
10.202642440795898
10.202685952186584
10.202728986740112
10.006904006004333
10.006960034370422
10.007009506225586
10.007056474685669
10.007107496261597
10.007153511047363
10.00720202922821
10.007247567176819
10.511494040489197
10.511550545692444
10.511600494384766
10.511647582054138
10.511693000793457
10.511739015579224
10.51178503036499
10.511870980262756
10.429857015609741
10.42991304397583
10.429961562156677
10.430007457733154
10.43005657196045
10.430100560188293
10.43014407157898
10.430187940597534
10.46109390258789
10.461152911186218
10.461198568344116
10.46125853061676
10.461300492286682
10.461341977119446
10.461382985115051
10.461423993110657
10.46768045425415
10.46774446964264
10.467790484428406
10.467833995819092
10.46787691116333
10.467918992042542
10.467960953712463
10.468002438545227
10.421799659729004
10.42185652256012
10.421907186508179
10.421955108642578
10.422002077102661
10.422049522399902
10.422109007835388
10.42215609550476
10.37090253829956
10.370962500572205
10.37101411819458
10.371063590049744
10.37111246585846
10.371160984039307
10.37120795249939
10.37125551700592
10.464242577552795
10.464300513267517
10.464352011680603
10.464401483535767
10.464449524879456
10.464496970176697
10.464545130729675
10.464592456817627
10.731863021850586
10.731920599937439
10.731971144676208
10.732019186019897
10.732066631317139
10.732113599777222
10.732160091400146
10.732206583023071
10.664587616920471
10.664643049240112
10.664692163467407
10.66473913192749
10.664786100387573
10.664831638336182
10.664877653121948
10.664928555488586
10.59597897529602
10.596034526824951
10.596083402633667
10.596130847930908
10.596177458763123
10.59622347354889
10.596269488334656
10.596314907073975
10.549698948860168
10.549753069877625
10.54980194568634
10.549847960472107
10.549894452095032
10.54993999004364
10.5499849319458
10.55003046989441
10.481433987617493
10.481489539146423
10.481539011001587
10.481585502624512
10.481631517410278
10.481677532196045
10.481722593307495
10.481767535209656
10.41640591621399
10.416457891464233
10.416504383087158
10.416549444198608
10.416594505310059
10.416638016700745
10.4166818857193
10.416725516319275
10.364219546318054
10.364273428916931
10.36432158946991
10.364372491836548
10.364418029785156
10.364462494850159
10.364507555961609
10.364551544189453
10.480082511901855
10.480134010314941
10.48017954826355
10.480222582817078
10.480266094207764
10.480307936668396
10.480350017547607
10.48039197921753
10.412297010421753
10.412347555160522
10.412396430969238
10.412440538406372
10.412488579750061
10.4125394821167
10.412580966949463
10.412622451782227
10.572439551353455
10.57249653339386
10.572545528411865
10.572591423988342
10.572637557983398
10.572682499885559
10.572728037834167
10.572772026062012
10.74016547203064
10.740213990211487
10.740257978439331
10.7403005361557
10.740341544151306
10.74038302898407
10.740424394607544
10.74046540260315
10.68446409702301
10.684518575668335
10.684568047523499
10.684633493423462
10.684723496437073
10.684782028198242
10.684834957122803
10.684883952140808
10.627086520195007
10.62713897228241
10.627185583114624
10.627231001853943
10.627275586128235
10.627320051193237
10.62736439704895
10.627408504486084
10.562291026115417
10.562343001365662
10.562389016151428
10.562432527542114
10.562479972839355
10.562522530555725
10.562564492225647
10.562606930732727
10.750648498535156
10.750699043273926
10.750743389129639
10.750794529914856
10.750837922096252
10.750880479812622
10.750922918319702
10.750990986824036
10.724897027015686
10.72495150566101
10.724998950958252
10.72504460811615
10.725088477134705
10.725132465362549
10.725176095962524
10.72521960735321
10.962939620018005
10.962987542152405
10.963030099868774
10.96307110786438
10.96311104297638
10.963151097297668
10.963200569152832
10.963240623474121
10.889144659042358
10.889199137687683
10.889248490333557
10.88929557800293
10.889342665672302
10.88938856124878
10.889434576034546
10.889480471611023
10.823895454406738
10.82395052909851
10.82399845123291
10.824044466018677
10.824094533920288
10.824140071868896
10.824188590049744
10.82423198223114
10.760379433631897
10.760433435440063
10.760481476783752
10.760526895523071
10.760571956634521
10.760616540908813
10.760660409927368
10.76070499420166
10.691022038459778
10.691076517105103
10.691128015518188
10.69119906425476
10.691248536109924
10.69129502773285
10.691340565681458
10.691385507583618
11.169363498687744
11.169416069984436
11.16946256160736
11.169507622718811
11.169551014900208
11.169595122337341
11.16963803768158
11.169681549072266
10.971986889839172
10.972042083740234
10.972089529037476
10.97213590145111
10.972180485725403
10.972224950790405
10.97226893901825
10.972313046455383
10.912428379058838
10.912481904029846
10.91257894039154
10.912645936012268
10.91270649433136
10.91275441646576
10.912800431251526
10.912846446037292
10.858579993247986
10.858636379241943
10.858687043190002
10.858733892440796
10.85878050327301
10.858826994895935
10.858873009681702
10.85891842842102
10.83035159111023
10.830407500267029
10.830456614494324
10.830504536628723
10.83055055141449
10.830596089363098
10.830642104148865
10.830687522888184
10.763596653938293
10.763651490211487
10.763701558113098
10.763748526573181
10.763795018196106
10.763842105865479
10.763887524604797
10.763936519622803
10.886378049850464
10.886432886123657
10.886481523513794
10.88652753829956
10.886572480201721
10.886617422103882
10.886662006378174
10.886707067489624
10.92505395412445
10.925108909606934
10.92515754699707
10.92520296573639
10.925248980522156
10.925293564796448
10.925338387489319
10.92538297176361
10.850502133369446
10.85055661201477
10.850608587265015
10.85065507888794
10.850700616836548
10.85074508190155
10.850789666175842
10.850834012031555
10.943082571029663
10.943141102790833
10.94319212436676
10.943240642547607
10.943288087844849
10.94333553314209
10.943382143974304
10.943429112434387
11.03946304321289
11.03952145576477
11.039576888084412
11.039625406265259
11.039674997329712
11.039743423461914
11.039799451828003
11.039848923683167
10.975475192070007
10.9755300283432
10.975579619407654
10.975626587867737
10.975672602653503
10.975718021392822
10.975763082504272
10.975808143615723
10.91535496711731
10.915408968925476
10.915456056594849
10.915501475334167
10.915546536445618
10.91559100151062
10.91563594341278
10.915680527687073
10.852286458015442
10.852338910102844
10.852385520935059
10.852429986000061
10.85247802734375
10.852522492408752
10.85256552696228
10.852609038352966
11.233835577964783
11.233892560005188
11.233943104743958
11.233991980552673
11.234040021896362
11.234086513519287
11.234135031700134
11.234182596206665
11.182957530021667
11.183014869689941
11.183090567588806
11.18314242362976
11.183191418647766
11.183238983154297
11.18328595161438
11.183333396911621
11.106332063674927
11.106390118598938
11.106441497802734
11.10649061203003
11.106537938117981
11.106585502624512
11.106632590293884
11.106679558753967
11.21038544178009
11.210443019866943
11.210493445396423
11.21054196357727
11.210589408874512
11.210636973381042
11.210705876350403
11.210766434669495
11.147410035133362
11.147507071495056
11.147562384605408
11.147611021995544
11.147657990455627
11.14770495891571
11.147756934165955
11.147806525230408
11.0724515914917
11.072508454322815
11.072558045387268
11.072605609893799
11.072651505470276
11.072697520256042
11.072743535041809
11.07278859615326
11.02331554889679
11.023399591445923
11.023452997207642
11.023503541946411
11.023553013801575
11.02360200881958
11.023651480674744
11.02369999885559
11.145529508590698
11.145588994026184
11.145641446113586
11.14569103717804
11.145739436149597
11.145787000656128
11.145835041999817
11.145882487297058
11.305105566978455
11.305166125297546
11.305219054222107
11.305269122123718
11.305318593978882
11.3053959608078
11.305449604988098
11.305500030517578
11.423948526382446
11.424006938934326
11.424059510231018
11.42410945892334
11.424158573150635
11.424206972122192
11.424255609512329
11.424303531646729
11.364217519760132
11.364277601242065
11.364330053329468
11.36438000202179
11.364428520202637
11.364477515220642
11.364525437355042
11.364573955535889
11.299262523651123
11.299322128295898
11.299373030662537
11.299439549446106
11.299494624137878
11.299548983573914
11.299598574638367
11.299672603607178
11.23039698600769
11.23045551776886
11.230507493019104
11.230561017990112
11.230610013008118
11.230658888816833
11.230706453323364
11.230754017829895
11.240674018859863
11.240748047828674
11.240823984146118
11.24087655544281
11.240925073623657
11.240972518920898
11.24101996421814
11.24106752872467
11.179377555847168
11.179437041282654
11.179487943649292
11.179548501968384
11.179596424102783
11.179643988609314
11.179690957069397
11.17973804473877
11.272285461425781
11.272348999977112
11.272408604621887
11.272461533546448
11.27251148223877
11.272561073303223
11.27260947227478
11.272659063339233
11.287906527519226
11.287966966629028
11.288062930107117
11.288116574287415
11.288166522979736
11.28826355934143
11.2883859872818
11.28844690322876
11.291009426116943
11.291065454483032
11.291116952896118
11.291165351867676
11.291213989257812
11.291261434555054
11.306502938270569
11.306557893753052
11.749041080474854
11.74910306930542
11.749155044555664
11.749237537384033
11.749290943145752
11.749340534210205
11.74938952922821
11.749438047409058
11.678781032562256
11.678841590881348
11.678892970085144
11.678942561149597
11.678990960121155
11.679044008255005
11.679093956947327
11.679141521453857
11.612455606460571
11.612514972686768
11.612566590309143
11.612615942955017
11.612672567367554
11.6127210855484
11.6127690076828
11.61281704902649
11.549016118049622
11.549077033996582
11.54913055896759
11.54918110370636
11.549229979515076
11.54927909374237
11.549327492713928
11.549376606941223
11.470818042755127
11.470877408981323
11.47092890739441
11.470980525016785
11.47102952003479
11.471076965332031
11.471124410629272
11.471171975135803
11.529757022857666
11.52981436252594
11.52986490726471
11.529913425445557
11.529960989952087
11.53000795841217
11.530054926872253
11.530102491378784
11.786904454231262
11.786962032318115
11.787011504173279
11.78705894947052
11.787105441093445
11.787152409553528
11.787198543548584
11.787244439125061
11.722560048103333
11.722617983818054
11.722668528556824
11.722717523574829
11.72276496887207
11.722811937332153
11.722863554954529
11.722916007041931
11.669770002365112
11.669830560684204
11.669883489608765
11.66996955871582
11.67002809047699
11.670079588890076
11.67012906074524
11.670177578926086
11.61007308959961
11.610131025314331
11.610182523727417
11.61023199558258
11.61028003692627
11.610327959060669
11.610376000404358
11.610424041748047
11.750054955482483
11.750112414360046
11.750162959098816
11.750210881233215
11.750258326530457
11.750305533409119
11.750352025032043
11.75040590763092
11.67712152004242
11.67717695236206
11.67722737789154
11.677275538444519
11.67732286453247
11.677369952201843
11.677417516708374
11.67746388912201
11.610146522521973
11.610201954841614
11.610251069068909
11.610298156738281
11.610344529151917
11.610390067100525
11.610435485839844
11.610480546951294
11.623065948486328
11.623122453689575
11.623170971870422
11.623217463493347
11.623263001441956
11.623308420181274
11.623353481292725
11.623397946357727
11.571751475334167
11.571807026863098
11.571856498718262
11.57190454006195
11.571951508522034
11.571998596191406
11.572044968605042
11.572091460227966
12.000412464141846
12.000469088554382
12.000518918037415
12.000566482543945
12.000613570213318
12.000667572021484
12.000722885131836
12.000790476799011
11.923754334449768
11.923808932304382
11.92385745048523
11.923903465270996
11.923947930335999
11.923992991447449
11.924037337303162
11.924082398414612
11.855599045753479
11.855653405189514
11.855700969696045
11.855746984481812
11.855793476104736
11.855839014053345
11.855884432792664
11.855929970741272
11.791359066963196
11.791413426399231
11.791465997695923
11.791512489318848
11.791558027267456
11.791603446006775
11.791648983955383
11.791694402694702
11.728014945983887
11.728070497512817
11.7281174659729
11.728163480758667
11.728208541870117
11.728253483772278
11.728297591209412
11.728342413902283
11.919236540794373
11.919290661811829
11.91933810710907
11.919385075569153
11.919430613517761
11.919475436210632
11.919524073600769
11.919568657875061
11.912237524986267
11.912291526794434
11.912338495254517
11.912383556365967
11.912428498268127
11.912472009658813
11.912516474723816
11.912559986114502
11.846740484237671
11.846792459487915
11.846837878227234
11.846881985664368
11.846924901008606
11.846967935562134
11.847010850906372
11.847052335739136
11.866255044937134
11.866307020187378
11.866353511810303
11.866398572921753
11.86644697189331
11.866491079330444
11.86653447151184
11.866577982902527
11.793767094612122
11.793830513954163
11.793877005577087
11.793922066688538
11.793972611427307
11.794016122817993
11.79405951499939
11.79410207271576
11.941036939620972
11.941089034080505
11.941139459609985
11.941184043884277
11.941227436065674
11.941270470619202
11.94131350517273
11.941355466842651
12.102521061897278
12.102572083473206
12.102618098258972
12.102663040161133
12.102707147598267
12.102750539779663
12.102794528007507
12.102837562561035
12.047545433044434
12.0475994348526
12.047648549079895
12.04769504070282
12.047740936279297
12.047787427902222
12.047834515571594
12.047879934310913
11.977383494377136
11.977439522743225
11.97748851776123
11.977534532546997
11.977579951286316
11.977625012397766
11.977674007415771
11.977719068527222
11.904181003570557
11.904233574867249
11.904281616210938
11.904334545135498
11.904379606246948
11.904423594474792
11.904467582702637
11.904511451721191
11.876260995864868
11.876315951347351
11.87636399269104
11.876410484313965
11.876455426216125
11.876500487327576
11.876544952392578
11.87658953666687
12.403367638587952
12.403421521186829
12.403468489646912
12.403550028800964
12.403600096702576
12.403646469116211
12.403691530227661
12.403736472129822
12.331071972846985
12.331125497817993
12.331172466278076
12.331217050552368
12.331260919570923
12.331332445144653
12.331391453742981
12.331438541412354
12.26558792591095
12.265642881393433
12.26569139957428
12.265737414360046
12.265782475471497
12.265826344490051
12.265870928764343
12.265915513038635
12.211406946182251
12.21146047115326
12.211508393287659
12.211555004119873
12.211600065231323
12.211645483970642
12.211691498756409
12.211737036705017
12.139528512954712
12.139617562294006
12.13967251777649
12.1397225856781
12.139769554138184
12.139816403388977
12.13986349105835
12.139909029006958
12.092717409133911
12.092773914337158
12.092823028564453
12.092869520187378
12.092915415763855
12.092960953712463
12.093006014823914
12.093051552772522
12.30416738986969
12.304225444793701
12.304274916648865
12.304322481155396
12.304368376731873
12.304413914680481
12.304459929466248
12.304505467414856
12.398879528045654
12.398934602737427
12.398983001708984
12.39902949333191
12.399074077606201
12.39911949634552
12.399163484573364
12.399207592010498
12.32848060131073
12.328532457351685
12.328585028648376
12.328630924224854
12.328675985336304
12.328720450401306
12.328765988349915
12.328810572624207
12.260156393051147
12.260209918022156
12.260256886482239
12.260311961174011
12.260356426239014
12.260400891304016
12.26044499874115
12.260488510131836
12.193203091621399
12.193259477615356
12.193307518959045
12.193353533744812
12.19339907169342
12.193443536758423
12.193490505218506
12.193535447120667
12.22683298587799
12.22688889503479
12.226938009262085
12.22698450088501
12.227029919624329
12.227074980735779
12.227119445800781
12.227164506912231
12.159956455230713
12.160010933876038
12.160058975219727
12.160104870796204
12.160149931907654
12.160195469856262
12.160239338874817
12.160283923149109
12.65964150428772
12.659696459770203
12.65974497795105
12.659791469573975
12.65984046459198
12.659886002540588
12.659929871559143
12.65997850894928
12.580864071846008
12.580917477607727
12.58096444606781
12.581010460853577
12.581055045127869
12.581099033355713
12.581141948699951
12.581185579299927
12.51084291934967
12.510898470878601
12.510945916175842
12.510991930961609
12.511036992073059
12.511081576347351
12.511155009269714
12.51120400428772
12.45552146434784
12.455577492713928
12.455626606941223
12.455673575401306
12.455719590187073
12.455764412879944
12.455809473991394
12.455854535102844
12.400622010231018
12.40067994594574
12.400728940963745
12.400775909423828
12.400822043418884
12.400872468948364
12.400917887687683
12.400963544845581
12.333815574645996
12.33387303352356
12.333922028541565
12.333969473838806
12.33401608467102
12.334062576293945
12.334113121032715
12.334159016609192
12.26752483844757
12.267588376998901
12.267638325691223
12.267685413360596
12.267731428146362
12.267775893211365
12.267820358276367
12.26786482334137
12.504441857337952
12.504493951797485
12.504539966583252
12.504583358764648
12.504626393318176
12.504669427871704
12.504711866378784
12.504753947257996
12.425650477409363
12.425704002380371
12.425750494003296
12.425795435905457
12.425840497016907
12.425884008407593
12.42592740058899
12.425971388816833
12.640708088874817
12.640761494636536
12.640809059143066
12.640853881835938
12.64089846611023
12.640942573547363
12.64098596572876
12.641029477119446
12.590455055236816
12.590511083602905
12.590559482574463
12.590605974197388
12.590651988983154
12.590697526931763
12.590742468833923
12.59078848361969
12.5278799533844
12.527930974960327
12.527976512908936
12.528019905090332
12.528081059455872
12.528123497962952
12.52816653251648
12.528216481208801
12.462164521217346
12.462228059768677
12.46227502822876
12.462321519851685
12.462366580963135
12.462411046028137
12.462456107139587
12.462501049041748
12.626515507698059
12.626587629318237
12.62666654586792
12.626718044281006
12.626765966415405
12.626813054084778
12.62686002254486
12.626906037330627
12.565130472183228
12.565186023712158
12.565235495567322
12.565282464027405
12.56532907485962
12.565374970436096
12.56542444229126
12.565470933914185
12.692333579063416
12.692387580871582
12.69245958328247
12.69251000881195
12.692556500434875
12.6926029920578
12.692663073539734
12.692736983299255
12.615676879882812
12.615739583969116
12.615795016288757
12.615843057632446
12.615888953208923
12.615934491157532
12.615978956222534
12.616023540496826
12.55468499660492
12.554736495018005
12.55478048324585
12.554823875427246
12.554865956306458
12.554907441139221
12.554948925971985
12.55498993396759
12.77754545211792
12.777598023414612
12.777644038200378
12.777687430381775
12.777730464935303
12.777772426605225
12.777814984321594
12.777856588363647
12.721530437469482
12.721598505973816
12.721648931503296
12.721695899963379
12.721741437911987
12.721787452697754
12.721834421157837
12.721880435943604
12.952705025672913
12.952765941619873
12.952816009521484
12.952864050865173
12.952914476394653
12.952961564064026
12.953006982803345
12.953052997589111
12.902295112609863
12.902352571487427
12.902402997016907
12.902451515197754
12.902503490447998
12.902551054954529
12.902601599693298
12.902648568153381
12.843457579612732
12.84351658821106
12.843568086624146
12.84361708164215
12.84366500377655
12.84372103214264
12.84376859664917
12.843815088272095
12.781798601150513
12.781855583190918
12.781904578208923
12.781952619552612
12.781999111175537
12.78204607963562
12.782092571258545
12.78213906288147
12.975755453109741
12.97580897808075
12.97585642337799
12.975903511047363
12.975948929786682
12.975993394851685
12.976037979125977
12.97608196735382
12.90783143043518
12.907885551452637
12.90793251991272
12.907978057861328
12.90802252292633
12.908066987991333
12.908111453056335
12.908156037330627
12.843262076377869
12.843317031860352
12.843364119529724
12.843409538269043
12.843454122543335
12.843498468399048
12.843548059463501
12.843618512153625
12.827975511550903
12.828033447265625
12.828082919120789
12.828132390975952
12.828179001808167
12.828225493431091
12.828271389007568
12.828316926956177
13.079260468482971
13.079320073127747
13.079371571540833
13.079420447349548
13.079469561576843
13.079517483711243
13.079565405845642
13.079612970352173
13.010581016540527
13.01064145565033
13.010695457458496
13.010746002197266
13.010795593261719
13.010844945907593
13.01089346408844
13.010942578315735
12.941936492919922
12.941990971565247
12.942038893699646
12.94208538532257
12.942131400108337
12.942176461219788
12.942225456237793
12.942270874977112
13.046033501625061
13.04608702659607
13.046139478683472
13.046186447143555
13.046231985092163
13.046276926994324
13.046321511268616
13.046365857124329
12.973436117172241
12.97348952293396
12.973538041114807
12.97358250617981
12.973626494407654
12.97367012500763
12.973713636398315
12.973756551742554
12.899290561676025
12.899344086647034
12.899391055107117
12.899435997009277
12.899479508399963
12.899523615837097
12.899566531181335
12.899610042572021
12.857516527175903
12.857573509216309
12.857624053955078
12.857671976089478
12.857719540596008
12.85776698589325
12.857918977737427
12.857970476150513
13.292731523513794
13.292788624763489
13.29283857345581
13.292886018753052
13.292932510375977
13.292979001998901
13.29302453994751
13.293070077896118
13.218421578407288
13.218480587005615
13.218531012535095
13.218578457832336
13.21862804889679
13.218674540519714
13.218720555305481
13.21876609325409
13.150447487831116
13.150502443313599
13.15055501461029
13.15060305595398
13.150649428367615
13.150695562362671
13.150745034217834
13.15079152584076
13.090267658233643
13.09032154083252
13.090368628501892
13.0904141664505
13.090458631515503
13.090502500534058
13.090546607971191
13.090590596199036
13.029621362686157
13.029686450958252
13.029736876487732
13.029784917831421
13.029831409454346
13.029903888702393
13.02995491027832
13.030027866363525
13.244767904281616
13.244822382926941
13.24487042427063
13.244916915893555
13.244961857795715
13.24500846862793
13.24505341053009
13.245097517967224
13.188878536224365
13.188932418823242
13.18898057937622
13.18902587890625
13.1890709400177
13.189115524291992
13.189159512519836
13.18920350074768
13.35087263584137
13.350926518440247
13.3509761095047
13.351023077964783
13.351073622703552
13.351120114326477
13.351165652275085
13.35121214389801
13.276816487312317
13.276870965957642
13.276919960975647
13.276967406272888
13.277012944221497
13.277058959007263
13.277108907699585
13.277154445648193
13.206621408462524
13.206676959991455
13.206725001335144
13.20677661895752
13.20684552192688
13.206894516944885
13.206940531730652
13.206985473632812
13.153464436531067
13.153517961502075
13.153565526008606
13.153611540794373
13.153656959533691
13.15370237827301
13.15374743938446
13.15379250049591
13.101106405258179
13.101162433624268
13.101211547851562
13.101258039474487
13.101304054260254
13.101349472999573
13.101393938064575
13.101438999176025
13.522987961769104
13.523041486740112
13.52309000492096
13.523136377334595
13.523184895515442
13.523231387138367
13.523281574249268
13.523327946662903
13.454838514328003
13.454892039299011
13.454939603805542
13.454985618591309
13.455030679702759
13.455074548721313
13.455118060112
13.455162644386292
13.389381051063538
13.389435410499573
13.389483451843262
13.38952898979187
13.38957405090332
13.389618992805481
13.38966453075409
13.389708995819092
13.327662825584412
13.327717423439026
13.327764987945557
13.327809929847717
13.327854990959167
13.327898502349854
13.32794189453125
13.327986001968384
13.270167469978333
13.27022647857666
13.270288467407227
13.270350933074951
13.270400881767273
13.27044939994812
13.270496368408203
13.270543456077576
13.480000972747803
13.480067014694214
13.480116963386536
13.480169534683228
13.480220437049866
13.48026156425476
13.48030149936676
13.480355978012085
13.423101425170898
13.42315948009491
13.423209428787231
13.42325747013092
13.423304915428162
13.423351883888245
13.423398971557617
13.423445463180542
13.633481979370117
13.63354206085205
13.633593440055847
13.633642554283142
13.633689999580383
13.633737921714783
13.633785009384155
13.633831977844238
13.558776140213013
13.55883264541626
13.558882474899292
13.558930039405823
13.558976650238037
13.559021592140198
13.559067010879517
13.559112071990967
13.496240019798279
13.496294498443604
13.496345400810242
13.496390461921692
13.496434450149536
13.49647843837738
13.496521949768066
13.496564984321594
13.43309998512268
13.433150887489319
13.433197021484375
13.433240056037903
13.433282494544983
13.433324456214905
13.433366417884827
13.433407425880432
13.362204432487488
13.362257957458496
13.362306475639343
13.362351536750793
13.362395405769348
13.362439513206482
13.362482905387878
13.362527012825012
13.531093001365662
13.531142950057983
13.531193375587463
13.531250476837158
13.531301975250244
13.53134298324585
13.53139054775238
13.5314439535141
13.697247982025146
13.697304368019104
13.697353482246399
13.697400450706482
13.697446465492249
13.69749140739441
13.697536945343018
13.697582364082336
13.641631126403809
13.641689538955688
13.641739130020142
13.641786575317383
13.641905069351196
13.64195704460144
13.642005562782288
13.64205253124237
13.582170486450195
13.58222508430481
13.582273483276367
13.582319974899292
13.582365989685059
13.582411527633667
13.582457542419434
13.582502961158752
13.515498399734497
13.515553951263428
13.515602469444275
13.5156489610672
13.5156968832016
13.515742421150208
13.515787482261658
13.515832901000977
13.454492449760437
13.454550981521606
13.45460057258606
13.454647541046143
13.45469343662262
13.45473849773407
13.454782962799072
13.454828023910522
13.639899969100952
13.639963626861572
13.640014052391052
13.640061616897583
13.640107035636902
13.640151619911194
13.640196561813354
13.640241026878357
13.839777946472168
13.839830994606018
13.839877486228943
13.839922428131104
13.839967012405396
13.840011954307556
13.84005606174469
13.840099930763245
13.771658420562744
13.771710991859436
13.771757960319519
13.771803975105286
13.77184796333313
13.771891474723816
13.771935939788818
13.771978974342346
13.721200942993164
13.721253991127014
13.721301436424255
13.721346974372864
13.721391916275024
13.721436500549316
13.72148084640503
13.72152590751648
13.646819472312927
13.64687442779541
13.646922945976257
13.646968483924866
13.647013902664185
13.647058963775635
13.647102952003479
13.647147417068481
13.592039585113525
13.592106461524963
13.592179536819458
13.592252969741821
13.592302441596985
13.592365980148315
13.592417478561401
13.592463970184326
13.853076934814453
13.853136539459229
13.853186964988708
13.853235483169556
13.853282928466797
13.85333001613617
13.853376984596252
13.853424072265625
14.004616618156433
14.00467312335968
14.004722595214844
14.004770517349243
14.004817605018616
14.004863619804382
14.004909634590149
14.004955053329468
13.943605422973633
13.943660378456116
13.943708896636963
13.94375491142273
13.943801045417786
13.943846464157104
13.943891048431396
13.943936944007874
13.878224492073059
13.878279447555542
13.878326416015625
13.878371357917786
13.878418922424316
13.878463983535767
13.878507494926453
13.878551363945007
13.803648471832275
13.803703427314758
13.803751945495605
13.80379843711853
13.803843975067139
13.803888440132141
13.80393636226654
13.804009914398193
13.739760518074036
13.739815354347229
13.739863514900208
13.739908576011658
13.739953398704529
13.739997506141663
13.740041375160217
13.74008595943451
13.661911010742188
13.661961436271667
13.662006497383118
13.662049055099487
13.662090539932251
13.662130951881409
13.662172079086304
13.66221296787262
14.124017000198364
14.124070048332214
14.124117016792297
14.124166011810303
14.124210000038147
14.124253511428833
14.124297022819519
14.124339938163757
14.047749042510986
14.047802448272705
14.047849535942078
14.047894477844238
14.047937512397766
14.0479816198349
14.048024535179138
14.048067569732666
13.982458472251892
13.9825119972229
13.98256003856659
13.982606053352356
13.982650518417358
13.982715010643005
13.982769131660461
13.98281705379486
13.92994737625122
13.930004954338074
13.930055022239685
13.930101871490479
13.930148959159851
13.930195331573486
13.930240869522095
13.930286884307861
13.86231553554535
13.862370491027832
13.862418532371521
13.86246407032013
13.862509489059448
13.862554907798767
13.862600445747375
13.862645030021667
13.791126012802124
13.79118001461029
13.791227459907532
13.79127287864685
13.791317462921143
13.791362047195435
13.791406512260437
13.791449904441833
14.355486989021301
14.355539560317993
14.355585932731628
14.35563039779663
14.355673432350159
14.355724930763245
14.355766534805298
14.35580849647522
14.27272891998291
14.272780418395996
14.272826433181763
14.272870421409607
14.272912859916687
14.272955417633057
14.273001909255981
14.27304494380951
14.195670127868652
14.195733070373535
14.195780634880066
14.195826649665833
14.195871591567993
14.195916533470154
14.195961594581604
14.196006655693054
14.145367622375488
14.145421028137207
14.14546811580658
14.14551305770874
14.145557045936584
14.14560055732727
14.145643591880798
14.145687103271484
14.097267031669617
14.097323536872864
14.097373485565186
14.097420930862427
14.097467541694641
14.097513556480408
14.097560048103333
14.097605586051941
14.030708074569702
14.030794024467468
14.030845999717712
14.030894041061401
14.030986666679382
14.031043529510498
14.031092643737793
14.031140089035034
13.967191576957703
13.967246532440186
13.967295527458191
13.967347025871277
13.967394590377808
13.96744155883789
13.967487573623657
13.967533588409424
13.931807041168213
13.931860446929932
13.931908130645752
13.931954026222229
13.931999564170837
13.932044506072998
13.932089447975159
13.93213403224945
