1395.5
-1.0
-1.0
-1.0
-1.0
-1.0
-1.0
2840.5
1607.0
-1.0
-1.0
-1.0
-1.0
-1.0
-1.0
2790.5
2202.5
-1.0
-1.0
-1.0
-1.0
-1.0
-1.0
2740.5
2571.0
-1.0
-1.0
-1.0
-1.0
-1.0
-1.0
2690.5
2857.0
-1.0
-1.0
-1.0
-1.0
-1.0
-1.0
2640.5
2807.0
-1.0
-1.0
-1.0
-1.0
-1.0
-1.0
2590.5
2757.0
-1.0
-1.0
-1.0
-1.0
-1.0
-1.0
2540.5
2707.0
-1.0
-1.0
-1.0
-1.0
-1.0
-1.0
2490.5
2657.0
-1.0
-1.0
-1.0
-1.0
-1.0
-1.0
2440.5
2607.0
-1.0
-1.0
-1.0
-1.0
-1.0
-1.0
2390.5
2557.0
-1.0
-1.0
-1.0
-1.0
-1.0
-1.0
2340.5
2507.0
-1.0
-1.0
-1.0
-1.0
-1.0
-1.0
2290.5
2457.0
-1.0
-1.0
-1.0
-1.0
-1.0
-1.0
2240.5
2407.0
-1.0
-1.0
-1.0
-1.0
-1.0
-1.0
2190.5
2357.0
-1.0
-1.0
-1.0
-1.0
-1.0
-1.0
2140.5
2307.0
-1.0
-1.0
-1.0
-1.0
-1.0
-1.0
2090.5
2257.0
-1.0
-1.0
-1.0
-1.0
-1.0
-1.0
2040.5
2207.0
-1.0
-1.0
-1.0
-1.0
-1.0
-1.0
1990.5
2157.0
-1.0
-1.0
-1.0
-1.0
-1.0
-1.0
1940.5
2107.0
-1.0
-1.0
-1.0
-1.0
-1.0
-1.0
1890.5
2057.0
-1.0
-1.0
-1.0
-1.0
-1.0
-1.0
1840.5
2007.0
-1.0
-1.0
-1.0
-1.0
-1.0
-1.0
1790.5
1957.0
-1.0
-1.0
-1.0
-1.0
-1.0
-1.0
1740.5
1907.0
-1.0
-1.0
-1.0
-1.0
-1.0
-1.0
1690.5
1857.0
-1.0
-1.0
-1.0
-1.0
-1.0
-1.0
1640.5
1807.0
-1.0
-1.0
-1.0
-1.0
-1.0
-1.0
1590.5
1757.0
-1.0
-1.0
-1.0
-1.0
-1.0
-1.0
1540.5
1707.0
-1.0
-1.0
-1.0
-1.0
-1.0
-1.0
1490.5
1660.0
-1.0
-1.0
-1.0
3102.5
-1.0
-1.0
1440.5
1660.0
-1.0
-1.0
-1.0
3052.5
-1.0
-1.0
1390.5
1660.0
-1.0
-1.0
-1.0
3002.5
-1.0
-1.0
1340.5
1660.0
-1.0
-1.0
-1.0
2952.5
-1.0
-1.0
1290.5
1660.0
-1.0
3107.5
-1.0
2902.5
-1.0
-1.0
1274.5
1660.0
-1.0
3057.5
-1.0
2852.5
-1.0
-1.0
1274.5
1660.0
-1.0
3007.5
-1.0
2802.5
-1.0
-1.0
1274.5
1660.0
-1.0
2957.5
-1.0
2752.5
-1.0
-1.0
1274.5
1660.0
-1.0
2907.5
-1.0
2702.5
-1.0
-1.0
1274.5
1660.0
-1.0
2857.5
-1.0
2652.5
-1.0
-1.0
1274.5
1660.0
-1.0
2807.5
-1.0
2602.5
-1.0
-1.0
1274.5
1660.0
-1.0
2757.5
-1.0
2552.5
-1.0
-1.0
1274.5
1660.0
-1.0
2707.5
-1.0
2502.5
-1.0
-1.0
1274.5
1660.0
-1.0
2657.5
-1.0
2452.5
-1.0
-1.0
1274.5
1660.0
-1.0
2607.5
-1.0
2402.5
-1.0
-1.0
1274.5
1660.0
-1.0
2557.5
-1.0
2352.5
-1.0
-1.0
1274.5
1660.0
-1.0
2507.5
-1.0
2302.5
-1.0
-1.0
1274.5
1660.0
-1.0
2457.5
-1.0
2252.5
-1.0
-1.0
1274.5
1660.0
-1.0
2407.5
-1.0
2202.5
-1.0
-1.0
1274.5
1660.0
-1.0
2357.5
-1.0
2152.5
-1.0
-1.0
1274.5
1660.0
-1.0
2307.5
-1.0
2102.5
-1.0
-1.0
1274.5
1660.0
-1.0
5355.0
-1.0
2061.5
-1.0
-1.0
1274.5
1660.0
-1.0
5255.0
-1.0
2061.5
-1.0
-1.0
1274.5
1660.0
-1.0
5155.0
-1.0
2061.5
-1.0
-1.0
1274.5
1660.0
-1.0
5055.0
-1.0
2061.5
-1.0
-1.0
1274.5
1660.0
-1.0
4955.0
-1.0
2061.5
-1.0
-1.0
1274.5
1660.0
-1.0
4855.0
-1.0
2061.5
-1.0
-1.0
1274.5
1660.0
-1.0
4755.0
-1.0
2061.5
-1.0
-1.0
1274.5
1660.0
-1.0
4655.0
-1.0
2061.5
-1.0
-1.0
1274.5
1660.0
-1.0
4555.0
-1.0
2061.5
-1.0
-1.0
1274.5
1660.0
-1.0
4485.0
-1.0
2061.5
-1.0
3109.5
1274.5
1660.0
-1.0
4435.0
-1.0
2061.5
-1.0
3059.5
1274.5
1660.0
-1.0
4385.0
-1.0
2061.5
-1.0
3009.5
1274.5
1660.0
-1.0
4335.0
-1.0
2061.5
-1.0
2959.5
1274.5
1660.0
-1.0
4285.0
-1.0
2061.5
-1.0
2909.5
1274.5
1660.0
-1.0
4235.0
-1.0
2061.5
-1.0
2859.5
1274.5
1660.0
-1.0
4185.0
-1.0
2061.5
-1.0
2809.5
1274.5
1660.0
-1.0
4135.0
-1.0
2061.5
-1.0
2759.5
1274.5
1660.0
-1.0
4085.0
-1.0
2061.5
-1.0
2709.5
1274.5
1660.0
-1.0
4035.0
-1.0
2061.5
-1.0
2659.5
1274.5
1660.0
-1.0
3985.0
-1.0
2061.5
-1.0
2609.5
1274.5
1660.0
-1.0
3935.0
-1.0
2061.5
-1.0
2559.5
1274.5
1660.0
-1.0
3885.0
-1.0
2061.5
-1.0
2509.5
1274.5
1660.0
-1.0
3835.0
-1.0
2061.5
-1.0
2459.5
1274.5
1660.0
-1.0
3785.0
-1.0
2061.5
-1.0
2409.5
1274.5
1660.0
-1.0
3735.0
-1.0
2061.5
-1.0
2359.5
1274.5
1660.0
-1.0
3685.0
-1.0
2061.5
-1.0
2309.5
1274.5
1660.0
-1.0
3635.0
-1.0
2061.5
-1.0
2259.5
1274.5
1660.0
-1.0
3585.0
-1.0
2061.5
-1.0
2209.5
1274.5
1660.0
-1.0
3535.0
-1.0
2061.5
-1.0
2159.5
1274.5
1660.0
-1.0
3485.0
-1.0
2061.5
-1.0
2109.5
1274.5
1660.0
-1.0
3435.0
-1.0
2061.5
-1.0
2059.5
1274.5
1660.0
-1.0
3385.0
-1.0
2061.5
-1.0
2009.5
1274.5
1660.0
-1.0
3335.0
-1.0
2061.5
-1.0
1959.5
1274.5
1660.0
-1.0
3285.0
-1.0
2061.5
-1.0
1909.5
1274.5
1660.0
-1.0
3235.0
-1.0
2061.5
-1.0
1859.5
1274.5
1660.0
-1.0
3185.0
-1.0
2061.5
-1.0
1809.5
1274.5
1660.0
-1.0
3135.0
-1.0
2061.5
-1.0
1759.5
1274.5
1660.0
-1.0
3085.0
-1.0
2061.5
-1.0
1709.5
1274.5
1660.0
-1.0
3035.0
-1.0
2061.5
-1.0
1659.5
1274.5
1660.0
-1.0
2985.0
-1.0
2061.5
-1.0
1618.0
1266.0
1660.0
-1.0
2935.0
-1.0
2061.5
-1.0
1618.0
1216.0
1660.0
-1.0
2885.0
-1.0
2061.5
-1.0
1618.0
1166.0
1660.0
-1.0
2835.0
-1.0
2061.5
-1.0
1618.0
1116.0
1660.0
-1.0
2785.0
-1.0
2061.5
-1.0
1618.0
1066.0
1660.0
-1.0
2747.5
-1.0
2061.5
3094.0
1618.0
1016.0
1660.0
-1.0
2747.5
-1.0
2061.5
3044.0
1618.0
966.0
1660.0
3100.5
2747.5
-1.0
2061.5
2994.0
1618.0
956.0
1660.0
3050.5
2747.5
-1.0
2061.5
2944.0
1618.0
956.0
1660.0
3000.5
2747.5
-1.0
2061.5
2894.0
1618.0
956.0
1660.0
2950.5
2747.5
-1.0
2061.5
2844.0
1618.0
956.0
1660.0
2900.5
2747.5
-1.0
2061.5
2794.0
1618.0
956.0
1660.0
2850.5
2747.5
-1.0
2061.5
2744.0
1618.0
956.0
1660.0
2800.5
2747.5
-1.0
2061.5
2694.0
1618.0
956.0
1660.0
2750.5
2747.5
-1.0
2061.5
2644.0
1618.0
956.0
1660.0
2700.5
2747.5
-1.0
2061.5
2594.0
1618.0
956.0
1660.0
2650.5
2747.5
-1.0
2061.5
2544.0
1618.0
956.0
1660.0
2600.5
2747.5
-1.0
2061.5
2494.0
1618.0
956.0
1660.0
2550.5
2747.5
-1.0
2061.5
2444.0
1618.0
956.0
1660.0
2500.5
2747.5
-1.0
2061.5
2394.0
1618.0
956.0
1660.0
2450.5
2747.5
-1.0
2061.5
2344.0
1618.0
956.0
1660.0
2400.5
2747.5
-1.0
2061.5
2294.0
1618.0
956.0
1660.0
2350.5
2747.5
-1.0
2061.5
2244.0
1618.0
956.0
1660.0
2300.5
2747.5
-1.0
2061.5
2194.0
1618.0
956.0
1660.0
2250.5
2747.5
-1.0
2061.5
2144.0
1618.0
956.0
1660.0
2200.5
2747.5
-1.0
2061.5
2094.0
1618.0
956.0
1660.0
2150.5
2747.5
-1.0
2061.5
2044.0
1618.0
956.0
1660.0
2100.5
2747.5
-1.0
2061.5
1994.0
1618.0
956.0
1660.0
2050.5
2747.5
-1.0
2061.5
1944.0
1618.0
956.0
1660.0
2000.5
2747.5
-1.0
2061.5
1894.0
1618.0
956.0
1660.0
1950.5
2747.5
-1.0
2061.5
1844.0
1618.0
956.0
1660.0
1900.5
2747.5
-1.0
2061.5
1794.0
1618.0
956.0
1660.0
1850.5
2747.5
-1.0
2061.5
1744.0
1618.0
956.0
1660.0
1800.5
2747.5
-1.0
2061.5
1694.0
1618.0
956.0
1660.0
1750.5
2747.5
-1.0
2061.5
1644.0
1618.0
956.0
1660.0
1700.5
2747.5
-1.0
2061.5
1594.0
1618.0
956.0
1660.0
1650.5
2747.5
-1.0
2061.5
1544.0
1618.0
956.0
1660.0
1600.5
2747.5
-1.0
2061.5
1494.0
1618.0
956.0
1660.0
1550.5
2747.5
-1.0
2061.5
1444.0
1618.0
956.0
1660.0
1500.5
2747.5
-1.0
2061.5
1394.0
1618.0
956.0
1660.0
1450.5
2747.5
-1.0
2061.5
1344.0
1618.0
956.0
1660.0
1400.5
2747.5
-1.0
2061.5
1294.0
1618.0
956.0
1660.0
1350.5
2747.5
-1.0
2061.5
1244.0
1618.0
956.0
1660.0
1300.5
2747.5
-1.0
2061.5
1194.0
1618.0
956.0
1660.0
1250.5
2747.5
-1.0
2061.5
1144.0
1618.0
956.0
1660.0
1200.5
2747.5
-1.0
2061.5
1094.0
1618.0
956.0
1660.0
1150.5
2747.5
-1.0
2061.5
1044.0
1618.0
956.0
1660.0
1100.5
2747.5
-1.0
2061.5
994.0
1618.0
956.0
1660.0
1056.0
2747.5
-1.0
5198.5
944.0
1618.0
956.0
1660.0
1056.0
2740.5
-1.0
5136.0
913.5
1618.0
956.0
1660.0
1056.0
2740.5
-1.0
5036.0
913.5
1618.0
956.0
1660.0
4140.5
2740.5
-1.0
4958.5
913.5
1618.0
956.0
1660.0
4090.5
2740.5
-1.0
4908.5
913.5
1618.0
956.0
1660.0
4040.5
2740.5
-1.0
4858.5
913.5
1618.0
956.0
1660.0
3990.5
2740.5
-1.0
4808.5
913.5
1618.0
956.0
1660.0
3940.5
2740.5
-1.0
4758.5
913.5
1618.0
956.0
1660.0
3890.5
2740.5
-1.0
4708.5
913.5
1618.0
956.0
1660.0
3840.5
2740.5
-1.0
4658.5
913.5
1618.0
956.0
1660.0
3790.5
2740.5
-1.0
4608.5
913.5
1618.0
956.0
1660.0
3740.5
2740.5
-1.0
4558.5
913.5
1618.0
956.0
1660.0
3690.5
2740.5
-1.0
4508.5
913.5
1618.0
956.0
1660.0
3640.5
2740.5
-1.0
4458.5
913.5
1618.0
956.0
1660.0
3590.5
2740.5
-1.0
4408.5
913.5
1618.0
956.0
1660.0
3540.5
2740.5
-1.0
4358.5
913.5
1618.0
956.0
1660.0
3490.5
2740.5
-1.0
4308.5
913.5
1618.0
956.0
1660.0
3440.5
2740.5
-1.0
4258.5
913.5
1618.0
956.0
1660.0
3390.5
2740.5
-1.0
4208.5
913.5
1618.0
956.0
1660.0
3340.5
2740.5
-1.0
4158.5
913.5
1618.0
956.0
1660.0
3290.5
2740.5
-1.0
4108.5
913.5
1618.0
956.0
1660.0
3240.5
2740.5
-1.0
4058.5
913.5
1618.0
956.0
1660.0
3190.5
2740.5
-1.0
4008.5
913.5
1618.0
956.0
1660.0
3140.5
2740.5
-1.0
3958.5
913.5
1618.0
956.0
1660.0
3090.5
2740.5
-1.0
3908.5
913.5
1618.0
956.0
1660.0
3040.5
2740.5
-1.0
3858.5
913.5
1618.0
956.0
1660.0
2990.5
2740.5
-1.0
3808.5
913.5
1618.0
956.0
1660.0
2940.5
2740.5
-1.0
3758.5
913.5
1618.0
956.0
1660.0
2890.5
2740.5
-1.0
3708.5
913.5
1618.0
956.0
1660.0
2840.5
2740.5
-1.0
3658.5
913.5
1618.0
956.0
1660.0
2790.5
2740.5
-1.0
3608.5
913.5
1618.0
956.0
1660.0
2740.5
2740.5
-1.0
3558.5
913.5
1618.0
956.0
1660.0
2697.0
2740.5
-1.0
3508.5
913.5
1618.0
4056.5
1660.0
2697.0
2740.5
-1.0
3458.5
913.5
1618.0
4006.5
1660.0
2697.0
2740.5
-1.0
3408.5
913.5
1618.0
3956.5
1660.0
2697.0
2740.5
-1.0
3358.5
913.5
1618.0
3906.5
1660.0
2697.0
2740.5
-1.0
3308.5
913.5
1618.0
3856.5
1660.0
2697.0
2740.5
-1.0
3258.5
913.5
1618.0
3806.5
1660.0
2697.0
2740.5
-1.0
3208.5
913.5
1618.0
3756.5
1660.0
2697.0
2740.5
-1.0
3158.5
913.5
1618.0
3706.5
1660.0
2697.0
2740.5
-1.0
3108.5
913.5
1618.0
3656.5
1660.0
2697.0
2740.5
-1.0
3058.5
913.5
1618.0
3606.5
1660.0
2697.0
2740.5
-1.0
3008.5
913.5
1618.0
3556.5
1660.0
2697.0
2722.0
-1.0
2977.0
913.5
1618.0
3506.5
1660.0
2697.0
2672.0
-1.0
2977.0
913.5
1618.0
3456.5
1660.0
2697.0
2622.0
-1.0
2977.0
913.5
1618.0
3406.5
1660.0
2697.0
2572.0
-1.0
2977.0
913.5
1618.0
3356.5
1660.0
2697.0
2522.0
-1.0
2977.0
913.5
1618.0
3306.5
1660.0
2697.0
2472.0
-1.0
2977.0
913.5
1618.0
3256.5
1660.0
2697.0
2422.0
-1.0
2977.0
913.5
1618.0
3206.5
1660.0
2697.0
2420.0
-1.0
2977.0
4008.0
1618.0
3156.5
1660.0
2697.0
2420.0
-1.0
2977.0
3958.0
1618.0
3106.5
1660.0
2697.0
2420.0
-1.0
2977.0
3908.0
1618.0
3056.5
1660.0
2697.0
2420.0
-1.0
2977.0
3858.0
1618.0
3006.5
1660.0
2697.0
2420.0
-1.0
2977.0
3808.0
1618.0
2956.5
1660.0
2697.0
2420.0
-1.0
2977.0
3758.0
1618.0
2906.5
1660.0
2697.0
2420.0
-1.0
2977.0
3708.0
1618.0
2856.5
1660.0
2695.0
2413.0
-1.0
2977.0
3655.0
1618.0
2818.5
1660.0
2683.5
2413.0
-1.0
2977.0
3605.0
1618.0
2780.0
1660.0
2683.5
2413.0
-1.0
2977.0
3555.0
1618.0
2730.0
1660.0
2683.5
2413.0
-1.0
2977.0
3505.0
1618.0
2680.0
1660.0
2683.5
2413.0
-1.0
2977.0
3455.0
1618.0
2630.0
1660.0
2683.5
2413.0
-1.0
2977.0
3405.0
1618.0
2580.0
1660.0
2683.5
2413.0
-1.0
2929.5
3355.0
1618.0
2577.5
1660.0
2683.5
2413.0
-1.0
2879.5
3305.0
1618.0
2577.5
1660.0
2683.5
2413.0
-1.0
2829.5
3255.0
1618.0
2577.5
1660.0
2683.5
2413.0
-1.0
2779.5
3205.0
1618.0
2577.5
1660.0
2683.5
2413.0
-1.0
2729.5
3155.0
1618.0
2577.5
1660.0
2683.5
2413.0
-1.0
2679.5
3105.0
1618.0
2577.5
1660.0
2683.5
2413.0
-1.0
2629.5
3055.0
1618.0
2577.5
1660.0
2683.5
2413.0
-1.0
2579.5
3005.0
1618.0
2577.5
1660.0
2683.5
2413.0
-1.0
2529.5
2955.0
1618.0
2577.5
1660.0
2683.5
2413.0
-1.0
2479.5
2905.0
1618.0
2577.5
1660.0
2683.5
2413.0
-1.0
2429.5
2855.0
1618.0
2577.5
1660.0
2683.5
2413.0
-1.0
2379.5
2805.0
1618.0
2577.5
1660.0
2683.5
2413.0
-1.0
2329.5
2755.0
1618.0
2577.5
1660.0
2683.5
2408.0
-1.0
2284.5
2705.0
1618.0
2577.5
1634.5
2677.0
2405.5
-1.0
2277.5
2650.0
1618.0
2574.0
1584.5
2677.0
2405.5
-1.0
2277.5
2600.0
1618.0
2574.0
1534.5
2677.0
2405.5
-1.0
2277.5
2550.0
1618.0
2574.0
1484.5
2677.0
2405.5
-1.0
2277.5
2500.0
1618.0
2574.0
1434.5
2677.0
2405.5
-1.0
2277.5
2450.0
1618.0
2574.0
1398.5
2677.0
2405.5
3092.5
2277.5
2400.0
1618.0
2574.0
1398.5
2677.0
2405.5
3042.5
2277.5
2350.0
1618.0
2574.0
1398.5
2677.0
2405.5
2992.5
2277.5
2300.0
1618.0
2574.0
1398.5
2677.0
2405.5
2942.5
2277.5
2250.0
1618.0
2574.0
1398.5
2677.0
2405.5
2892.5
2277.5
2200.0
1618.0
2574.0
1398.5
2677.0
2405.5
2842.5
2277.5
2150.0
1618.0
2574.0
1398.5
2677.0
2405.5
2792.5
2277.5
2100.0
1618.0
2574.0
1398.5
2677.0
2405.5
2742.5
2277.5
2050.0
1618.0
2574.0
1398.5
2633.5
2405.5
2692.5
2277.5
2043.5
1618.0
2574.0
1398.5
2583.5
2405.5
2642.5
2277.5
2043.5
1618.0
2574.0
1398.5
2533.5
2405.5
2592.5
2277.5
2043.5
1618.0
2574.0
1398.5
2483.5
2405.5
2542.5
2277.5
2043.5
1618.0
2574.0
1398.5
2433.5
2405.5
2492.5
2277.5
2043.5
1618.0
2574.0
1398.5
2383.5
2405.5
2442.5
2277.5
2043.5
1618.0
2574.0
1398.5
2350.0
2405.5
2392.5
2261.0
2043.5
1618.0
2574.0
1398.5
2350.0
2405.5
2342.5
2211.0
2043.5
1618.0
2574.0
1398.5
2350.0
2405.5
2292.5
2161.0
2043.5
1618.0
2574.0
1398.5
2350.0
2405.5
2242.5
2111.0
2043.5
1618.0
2574.0
1398.5
2350.0
2405.5
2192.5
2061.0
2043.5
1618.0
2574.0
1398.5
2350.0
2405.5
2142.5
2020.5
2043.5
1618.0
2564.5
1398.5
2350.0
2392.5
2092.5
2020.5
2012.5
1618.0
2558.5
1398.5
2350.0
2376.5
2042.5
2020.5
2012.5
1586.5
2556.0
1398.5
2350.0
2376.5
1992.5
2020.5
2012.5
1536.5
2556.0
1398.5
2350.0
2376.5
1942.5
2020.5
2012.5
1486.5
2556.0
1398.5
2350.0
2376.5
1892.5
2020.5
2012.5
1436.5
2556.0
1398.5
2350.0
2376.5
1842.5
2020.5
2012.5
1386.5
2556.0
1398.5
2350.0
2374.5
1792.5
2020.5
2012.5
1338.5
2556.0
4491.5
2350.0
2374.0
1742.5
2020.5
2010.5
1338.5
2556.0
4441.5
2350.0
2374.0
1692.5
2020.5
2010.5
1338.5
2556.0
4391.5
2350.0
2374.0
1642.5
2020.5
2010.5
1338.5
2556.0
4341.5
2350.0
2374.0
1592.5
2020.5
2010.5
1338.5
2556.0
4291.5
2350.0
2374.0
1542.5
2020.5
2010.5
1338.5
2556.0
4241.5
2350.0
2374.0
1492.5
2020.5
2010.5
1338.5
2556.0
4191.5
2350.0
2374.0
1442.5
2020.5
2010.5
1338.5
2556.0
4141.5
2350.0
2374.0
1392.5
2020.5
2010.5
1338.5
2556.0
4091.5
2350.0
2374.0
1342.5
2020.5
2010.5
1338.5
2556.0
4041.5
2350.0
2374.0
1292.5
2020.5
2010.5
1338.5
2556.0
3991.5
2350.0
2374.0
1242.5
2020.5
2010.5
1338.5
2556.0
3941.5
2350.0
2374.0
1192.5
2020.5
2010.5
1338.5
2556.0
3891.5
2350.0
2374.0
1142.5
2020.5
2010.5
1338.5
2556.0
3841.5
2350.0
2374.0
1092.5
2020.5
2010.5
1338.5
2556.0
3791.5
2350.0
2374.0
1042.5
2020.5
2010.5
1338.5
2556.0
3741.5
2350.0
2374.0
998.0
2020.5
2010.5
4441.0
2556.0
3691.5
2350.0
2374.0
998.0
2020.5
2010.5
4391.0
2556.0
3641.5
2350.0
2374.0
998.0
2020.5
2010.5
4341.0
2556.0
3591.5
2350.0
2374.0
998.0
2020.5
2010.5
4291.0
2556.0
3541.5
2350.0
2374.0
998.0
2020.5
2010.5
4241.0
2556.0
3491.5
2350.0
2374.0
998.0
2020.5
2010.5
4191.0
2556.0
3441.5
2350.0
2374.0
998.0
2020.5
2010.5
4141.0
2556.0
3410.0
2350.0
2374.0
4122.0
2020.5
2010.5
4091.0
2556.0
3410.0
2350.0
2374.0
4072.0
2020.5
2010.5
4041.0
2556.0
3410.0
2350.0
2374.0
4022.0
2020.5
2010.5
3991.0
2556.0
3410.0
2350.0
2374.0
3972.0
2020.5
2010.5
3941.0
2556.0
3410.0
2350.0
2374.0
3922.0
2020.5
2010.5
3891.0
2556.0
3410.0
2350.0
2374.0
3872.0
2020.5
2010.5
3841.0
2556.0
3410.0
2350.0
2374.0
3822.0
2020.5
2010.5
3791.0
2556.0
3410.0
2350.0
2374.0
3772.0
2020.5
2010.5
3741.0
2556.0
3410.0
2350.0
2374.0
3722.0
2020.5
2010.5
3691.0
2556.0
3410.0
2350.0
2374.0
3672.0
2020.5
2010.5
3641.0
2556.0
3410.0
2350.0
2374.0
3622.0
2020.5
2010.5
3591.0
2556.0
3410.0
2350.0
2374.0
3572.0
2020.5
2010.5
3541.0
2556.0
3410.0
2350.0
2374.0
3522.0
2020.5
2010.5
3491.0
2556.0
3410.0
2350.0
2374.0
3472.0
2020.5
2010.5
3441.0
2556.0
3410.0
2350.0
2374.0
3422.0
2020.5
2010.5
3391.0
2556.0
3410.0
2350.0
2374.0
3372.0
2020.5
2010.5
3341.0
2556.0
3410.0
2350.0
2374.0
3322.0
2020.5
2010.5
3291.0
2556.0
3410.0
2350.0
2374.0
3272.0
2020.5
2010.5
3241.0
2556.0
3410.0
2350.0
2374.0
3222.0
2020.5
2010.5
3191.0
2556.0
3410.0
2350.0
2374.0
3172.0
2020.5
2010.5
3141.0
2556.0
3410.0
2350.0
2374.0
3122.0
2020.5
2010.5
3091.0
2556.0
3410.0
2350.0
2374.0
3072.0
2020.5
2010.5
3041.0
2556.0
3410.0
2350.0
2374.0
3022.0
2020.5
2010.5
2991.0
2556.0
3410.0
2350.0
2374.0
2972.0
2020.5
2010.5
2941.0
2556.0
3410.0
2350.0
2374.0
2922.0
2020.5
2010.5
2891.0
2556.0
3410.0
2350.0
2374.0
2872.0
2020.5
2010.5
2841.0
2556.0
3410.0
2350.0
2374.0
2822.0
2020.5
2010.5
2791.0
2556.0
3410.0
2350.0
2374.0
2772.0
2020.5
2001.0
2750.5
2556.0
3410.0
2350.0
2374.0
2722.0
2020.5
1951.0
2750.5
2556.0
3410.0
2350.0
2374.0
2672.0
2020.5
1901.0
2750.5
2556.0
3410.0
2350.0
2374.0
2622.0
2020.5
1851.0
2750.5
2556.0
3410.0
2350.0
2374.0
2572.0
2020.5
1801.0
2750.5
2556.0
3410.0
2350.0
2374.0
2522.0
2020.5
1751.0
2750.5
2556.0
3410.0
2350.0
2374.0
2487.5
2020.5
1701.0
2750.5
2540.5
3390.5
2339.0
2351.0
2487.5
2009.5
1677.0
2750.5
2529.0
3340.5
2339.0
2301.0
2487.5
2009.5
1677.0
2750.5
2529.0
3294.5
2339.0
2251.0
2483.5
2009.5
1677.0
2750.5
2529.0
3294.5
2339.0
2201.0
2472.0
2009.5
1677.0
2712.0
2529.0
3294.5
2339.0
2151.0
2472.0
2009.5
1677.0
2662.0
2529.0
3294.5
2339.0
2101.0
2472.0
2009.5
1677.0
2612.0
2529.0
3294.5
2331.0
2048.0
2472.0
2005.0
1677.0
2583.0
2523.5
3294.5
2307.5
2030.5
2439.0
2002.0
1660.5
2583.0
2517.0
3294.5
2254.0
2000.5
2432.5
1999.0
1657.5
2583.0
2513.0
3294.5
2204.0
1950.5
2432.5
1999.0
1657.5
2583.0
2513.0
3294.5
2154.0
1900.5
2432.5
1999.0
1657.5
2583.0
2513.0
3294.5
2104.0
1850.5
2432.5
1999.0
1657.5
2583.0
2513.0
3294.5
2054.0
1800.5
2432.5
1999.0
1657.5
2583.0
2513.0
3294.5
2004.0
1750.5
2432.5
1999.0
1657.5
2583.0
2513.0
3294.5
1968.0
1743.5
2407.5
1974.0
1657.5
2580.5
2508.5
3294.5
1968.0
1743.5
2357.5
1924.0
1657.5
2580.5
2508.5
3294.5
1968.0
1710.5
2307.5
1907.0
1657.5
2580.5
2508.5
3294.5
1968.0
1660.5
2257.5
1907.0
1657.5
2580.5
2508.5
3294.5
1968.0
1610.5
2207.5
1907.0
1657.5
2580.5
2508.5
3294.5
1968.0
1560.5
2157.5
1907.0
1657.5
2580.5
2508.5
3294.5
1968.0
1510.5
2107.5
1907.0
1657.5
2580.5
2508.5
3287.0
1965.5
1493.0
2046.5
1904.5
1654.0
2578.0
2505.5
3287.0
1965.5
1447.5
1996.5
1904.5
1654.0
2573.5
2505.5
3287.0
1965.5
1397.5
1946.5
1904.5
1654.0
2573.5
2505.5
3287.0
1965.5
1347.5
1942.5
1904.5
1654.0
2527.5
2505.5
3287.0
1965.5
1297.5
1942.5
1904.5
1654.0
2477.5
2505.5
3287.0
1965.5
1247.5
1942.5
1904.5
1654.0
2427.5
2505.5
3287.0
1965.5
1197.5
1942.5
1904.5
1654.0
2377.5
2505.5
3262.0
1965.5
1172.5
1942.5
1904.5
1654.0
2327.5
2505.5
3212.0
1965.5
1172.5
1942.5
1904.5
1654.0
2277.5
2505.5
3162.0
1965.5
1172.5
1942.5
1904.5
1654.0
2227.5
2505.5
3112.0
1965.5
1172.5
1942.5
1904.5
1654.0
2177.5
2505.5
3025.5
1965.5
1172.5
1942.5
1904.5
1654.0
2164.0
2505.5
2925.5
1965.5
1172.5
1942.5
1904.5
1654.0
2164.0
2505.5
2825.5
1965.5
1172.5
1942.5
1904.5
1654.0
2164.0
2505.5
2756.0
1935.0
1172.5
1942.5
1904.5
1654.0
2164.0
2505.5
2706.0
1885.0
1172.5
1942.5
1904.5
1654.0
2164.0
2505.5
2656.0
1835.0
1172.5
1942.5
1904.5
1654.0
2164.0
2505.5
2559.0
1832.0
1172.5
1942.5
1904.5
1654.0
2164.0
2505.5
2459.0
1832.0
1172.5
1942.5
1904.5
1654.0
2164.0
2505.5
2359.0
1832.0
1172.5
1942.5
1904.5
1654.0
2164.0
2505.5
2259.0
1832.0
1172.5
1942.5
1904.5
1654.0
2164.0
2505.5
2192.5
1832.0
1165.0
1916.5
1904.5
1654.0
2164.0
2505.5
2185.0
1832.0
1165.0
1866.5
1897.0
1654.0
2164.0
2470.5
2185.0
1832.0
1165.0
1816.5
1897.0
1654.0
2164.0
2420.5
2185.0
1832.0
1165.0
1816.0
1897.0
1654.0
2114.5
2370.5
2185.0
1832.0
1165.0
1816.0
1897.0
1654.0
2064.5
2320.5
2185.0
1832.0
1165.0
1816.0
1897.0
1654.0
2014.5
2270.5
2185.0
1832.0
1165.0
1816.0
1897.0
1654.0
1964.5
2220.5
2185.0
1832.0
1116.5
1816.0
1897.0
1654.0
1963.0
2170.5
2180.0
1832.0
1066.5
1812.5
1897.0
1625.5
1961.5
2159.0
2180.0
1832.0
1031.5
1812.5
1882.0
1575.5
1961.5
2159.0
2180.0
1832.0
1031.5
1812.5
1832.0
1525.5
1961.5
2159.0
2180.0
1832.0
1031.5
1812.5
1782.0
1475.5
1961.5
2159.0
2180.0
1832.0
1031.5
1812.5
1732.0
1425.5
1961.5
2159.0
2138.5
1832.0
1031.5
1812.5
1682.0
1417.0
1961.5
2159.0
2088.5
1832.0
1031.5
1812.5
1632.0
1417.0
1961.5
2159.0
2083.5
1832.0
1025.5
1774.0
1588.0
1417.0
1955.0
2159.0
2083.5
1832.0
975.5
1774.0
1588.0
1417.0
1905.0
2159.0
2083.5
1832.0
925.5
1774.0
1588.0
1417.0
1855.0
2159.0
2083.5
1832.0
892.5
1774.0
1588.0
1417.0
1825.0
2122.0
2083.5
1832.0
842.5
1774.0
1588.0
1417.0
1825.0
2072.0
2083.5
1832.0
792.5
1774.0
1588.0
1417.0
1825.0
2022.0
2083.5
1832.0
742.5
1774.0
1588.0
1417.0
1825.0
1972.0
2083.5
1832.0
692.5
1774.0
1588.0
1417.0
1825.0
1922.0
2083.5
1832.0
663.0
1774.0
1588.0
1417.0
1804.5
1872.0
2073.0
1832.0
663.0
1774.0
1588.0
1417.0
1754.5
1832.5
2023.0
1832.0
663.0
1774.0
1588.0
1417.0
1704.5
1832.5
1973.0
1832.0
663.0
1774.0
1588.0
1417.0
1654.5
1832.5
1923.0
1832.0
663.0
1774.0
1588.0
1417.0
1604.5
1832.5
1873.0
1832.0
663.0
1774.0
1588.0
1417.0
1554.5
1832.5
1823.0
1832.0
663.0
1774.0
1588.0
1417.0
1504.5
1832.5
1773.0
1832.0
663.0
1774.0
1588.0
1417.0
1454.5
1832.5
1726.5
1832.0
663.0
1774.0
1588.0
1413.5
1404.5
1832.5
1726.5
1832.0
663.0
1774.0
1588.0
1363.5
1354.5
1832.5
1689.0
1832.0
663.0
1774.0
1588.0
1313.5
1342.0
1832.5
1639.0
1832.0
663.0
1774.0
1588.0
1263.5
1342.0
1832.5
1589.0
1832.0
663.0
1774.0
1588.0
1213.5
1342.0
1832.5
1539.0
1832.0
663.0
1774.0
1588.0
1163.5
1342.0
1832.5
1489.0
1832.0
663.0
1774.0
1588.0
1113.5
1342.0
1832.5
1439.0
1832.0
663.0
1739.0
1588.0
1098.5
1342.0
1832.5
1399.0
1832.0
663.0
1679.0
1588.0
1098.5
1342.0
1832.5
1399.0
1832.0
663.0
1579.0
1588.0
1098.5
1342.0
1832.5
1399.0
1832.0
647.5
1494.5
1588.0
1098.5
1342.0
1832.5
1399.0
1832.0
597.5
1444.5
1588.0
1098.5
1342.0
1832.5
1399.0
1832.0
587.5
1394.5
1548.0
1098.5
1342.0
1832.5
1399.0
1799.5
587.5
1377.0
1498.0
1098.5
1342.0
1832.5
1399.0
1749.5
587.5
1377.0
1448.0
1098.5
1342.0
1832.5
1399.0
1699.5
587.5
1377.0
1398.0
1098.5
1342.0
1832.5
1399.0
1649.5
587.5
1377.0
1348.0
1098.5
1342.0
1832.5
1399.0
1599.5
587.5
1377.0
1326.0
1098.5
1314.0
1832.5
1399.0
1593.0
565.5
1377.0
1326.0
1077.0
1292.0
1804.5
1399.0
1593.0
565.5
1377.0
1326.0
1027.0
1292.0
1754.5
1399.0
1593.0
565.5
1377.0
1326.0
977.0
1292.0
1704.5
1399.0
1593.0
565.5
1377.0
1326.0
927.0
1292.0
1654.5
1399.0
1593.0
565.5
1377.0
1326.0
877.0
1292.0
1604.5
1399.0
1593.0
565.5
1377.0
1326.0
827.0
1292.0
1554.5
1399.0
1593.0
565.5
1377.0
1321.5
777.0
1292.0
1509.0
1399.0
1593.0
565.5
1338.0
1271.5
766.0
1292.0
1509.0
1399.0
1593.0
565.5
1288.0
1221.5
766.0
1292.0
1509.0
1399.0
1593.0
565.5
1238.0
1171.5
766.0
1292.0
1509.0
1399.0
1593.0
565.5
1188.0
1121.5
766.0
1292.0
1509.0
1399.0
1593.0
565.5
1171.5
1071.5
755.0
1269.5
1509.0
1399.0
1593.0
565.5
1171.5
1021.5
705.0
1269.5
1509.0
1399.0
1593.0
565.5
1161.0
982.0
666.0
1269.5
1498.0
1399.0
1593.0
565.5
1111.0
982.0
666.0
1269.5
1448.0
1399.0
1593.0
565.5
1061.0
982.0
666.0
1269.5
1398.0
1399.0
1593.0
565.5
1011.0
982.0
666.0
1269.5
1348.0
1399.0
1593.0
565.5
961.0
982.0
666.0
1269.5
1298.0
1399.0
1593.0
565.5
911.0
982.0
666.0
1269.5
1248.0
1399.0
1593.0
565.5
861.0
982.0
666.0
1269.5
1198.0
1361.0
1593.0
565.5
849.0
982.0
666.0
1243.0
1174.5
1311.0
1593.0
565.5
849.0
982.0
666.0
1193.0
1174.5
1261.0
1593.0
565.5
849.0
982.0
666.0
1143.0
1174.5
1211.0
1593.0
565.5
849.0
982.0
666.0
1093.0
1174.5
1161.0
1593.0
565.5
849.0
982.0
666.0
1043.0
1174.5
1111.0
1593.0
565.5
849.0
982.0
666.0
993.0
1174.5
1061.0
1593.0
565.5
849.0
982.0
666.0
965.5
1152.0
1011.0
1593.0
565.5
849.0
982.0
666.0
965.5
1102.0
972.0
1593.0
554.5
849.0
982.0
666.0
965.5
1052.0
972.0
1593.0
504.5
849.0
982.0
666.0
965.5
1002.0
972.0
1593.0
454.5
849.0
982.0
666.0
965.5
952.0
938.0
1593.0
404.5
849.0
982.0
666.0
965.5
936.0
888.0
1593.0
354.5
849.0
982.0
666.0
965.5
936.0
838.0
1593.0
330.5
849.0
982.0
666.0
965.5
910.0
788.0
1593.0
330.5
849.0
982.0
666.0
965.5
860.0
738.0
1593.0
330.5
849.0
982.0
666.0
965.5
810.0
688.0
1593.0
330.5
849.0
982.0
666.0
965.5
760.0
638.0
1593.0
330.5
849.0
982.0
666.0
965.5
710.0
588.0
1593.0
330.5
849.0
982.0
666.0
965.5
660.0
538.0
1593.0
330.5
849.0
982.0
666.0
965.5
610.0
488.0
1593.0
330.5
814.0
982.0
666.0
965.5
595.0
438.0
1569.5
330.5
787.5
982.0
666.0
965.5
595.0
388.0
1519.5
330.5
787.5
982.0
666.0
965.5
595.0
338.0
1469.5
330.5
787.5
982.0
666.0
965.5
595.0
293.5
1419.5
330.5
782.0
982.0
666.0
965.5
595.0
293.5
1369.5
330.5
732.0
982.0
666.0
965.5
595.0
293.5
1319.5
330.5
682.0
982.0
666.0
965.5
595.0
293.5
1269.5
330.5
632.0
982.0
666.0
965.5
595.0
293.5
1219.5
330.5
591.5
982.0
656.5
965.5
595.0
293.5
1169.5
330.5
591.5
982.0
606.5
965.5
595.0
293.5
1119.5
330.5
591.5
982.0
556.5
965.5
595.0
293.5
1069.5
330.5
591.5
982.0
506.5
965.5
595.0
293.5
1019.5
330.5
591.5
982.0
456.5
965.5
595.0
293.5
982.5
330.5
591.5
982.0
406.5
952.5
595.0
293.5
982.5
330.5
591.5
982.0
356.5
902.5
595.0
267.5
982.5
330.5
591.5
982.0
332.5
852.5
595.0
217.5
982.5
330.5
591.5
982.0
332.5
802.5
595.0
167.5
982.5
330.5
591.5
982.0
332.5
752.5
595.0
117.5
982.5
330.5
591.5
982.0
332.5
702.5
595.0
67.5
982.5
330.5
591.5
982.0
332.5
652.5
595.0
33.5
966.5
330.5
591.5
982.0
332.5
633.5
564.0
33.5
916.5
330.5
591.5
982.0
332.5
633.5
514.0
33.5
866.5
330.5
591.5
982.0
332.5
633.5
464.0
33.5
816.5
330.5
591.5
982.0
332.5
633.5
414.0
33.5
766.5
330.5
591.5
982.0
332.5
633.5
364.0
33.5
716.5
330.5
591.5
982.0
312.5
633.5
334.0
33.5
666.5
330.5
591.5
982.0
262.5
633.5
334.0
33.5
656.0
291.0
591.5
982.0
212.5
633.5
334.0
33.5
656.0
241.0
591.5
982.0
162.5
633.5
334.0
33.5
656.0
191.0
591.5
982.0
112.5
633.5
334.0
33.5
656.0
141.0
591.5
982.0
62.5
633.5
334.0
33.5
656.0
91.0
591.5
982.0
12.5
633.5
334.0
33.5
620.5
41.0
591.5
982.0
-2.0
633.5
334.0
33.5
570.5
-2.0
584.5
982.0
-2.0
633.5
334.0
33.5
520.5
-2.0
534.5
982.0
-2.0
633.5
334.0
33.5
470.5
-2.0
484.5
982.0
-2.0
633.5
334.0
33.5
420.5
-2.0
434.5
982.0
-2.0
633.5
334.0
33.5
370.5
-2.0
384.5
982.0
-2.0
633.5
334.0
33.5
355.0
-2.0
334.5
947.5
-2.0
633.5
334.0
33.5
355.0
-2.0
320.0
862.0
-2.0
633.5
334.0
33.5
355.0
-2.0
320.0
762.0
-2.0
633.5
334.0
33.5
355.0
-2.0
320.0
662.0
-2.0
633.5
334.0
33.5
355.0
-2.0
320.0
562.0
-2.0
633.5
334.0
33.5
355.0
-2.0
320.0
462.0
-2.0
633.5
334.0
33.5
316.5
-2.0
320.0
400.5
-2.0
633.5
334.0
33.5
266.5
-2.0
320.0
355.5
-2.0
628.5
334.0
33.5
216.5
-2.0
320.0
355.5
-2.0
578.5
334.0
33.5
166.5
-2.0
320.0
355.5
-2.0
528.5
334.0
33.5
116.5
-2.0
320.0
355.5
-2.0
478.5
334.0
33.5
66.5
-2.0
320.0
355.5
-2.0
428.5
334.0
33.5
16.5
-2.0
320.0
355.5
-2.0
378.5
334.0
33.5
-2.0
-2.0
279.5
355.5
-2.0
369.0
302.5
33.5
-2.0
-2.0
229.5
355.5
-2.0
369.0
252.5
33.5
-2.0
-2.0
179.5
355.5
-2.0
369.0
202.5
33.5
-2.0
-2.0
129.5
355.5
-2.0
369.0
152.5
33.5
-2.0
-2.0
79.5
355.5
-2.0
369.0
102.5
33.5
-2.0
-2.0
29.5
355.5
-2.0
369.0
52.5
33.5
-2.0
-2.0
-2.0
323.0
-2.0
350.5
35.0
33.5
-2.0
-2.0
-2.0
273.0
-2.0
300.5
35.0
33.5
-2.0
-2.0
-2.0
223.0
-2.0
250.5
35.0
33.5
-2.0
-2.0
-2.0
173.0
-2.0
200.5
35.0
33.5
-2.0
-2.0
-2.0
123.0
-2.0
150.5
35.0
33.5
-2.0
-2.0
-2.0
73.0
-2.0
100.5
35.0
33.5
-2.0
-2.0
-2.0
23.0
-2.0
50.5
35.0
33.5
-2.0
-2.0
-2.0
-2.0
-2.0
0.5
10.0
