1082.375
2463.0
1418.375
2681.875
1776.5
3091.625
2046.5
3275.75
2133.375
3563.125
2095.875
3500.625
2058.375
3438.125
2020.875
3375.625
1983.375
3313.125
1945.875
3250.625
1908.375
3188.125
1870.875
3125.625
1833.375
3063.125
1795.875
3000.625
1758.375
2938.125
1720.875
2875.625
1683.375
2813.125
1645.875
2750.625
1608.375
2688.125
1570.875
2625.625
1533.375
2563.125
1495.875
2500.625
1458.375
2438.125
1420.875
2375.625
1383.375
2313.125
1345.875
2250.625
1308.375
2188.125
1270.875
2125.625
1245.125
3613.625
1232.625
3526.125
1995.5
3440.25
1970.5
3365.25
1945.5
3290.25
1920.5
3215.25
2666.125
3146.625
2628.625
3084.125
4131.5
3043.5
4069.0
3006.0
4006.5
2968.5
3944.0
2931.0
3881.5
2893.5
3830.625
3629.75
3780.625
3579.75
3730.625
3529.75
3680.625
3479.75
3630.625
3429.75
3580.625
3379.75
3530.625
3329.75
3480.625
3279.75
3430.625
3229.75
3380.625
3179.75
3330.625
3129.75
3280.625
3079.75
3230.625
3029.75
3180.625
2979.75
3130.625
2929.75
3863.5
2882.5
3801.0
2845.0
3738.5
2807.5
3676.0
2770.0
3613.5
2732.5
3551.0
2695.0
3488.5
2657.5
3426.0
2620.0
3363.5
2582.5
3301.0
2545.0
3238.5
2507.5
3176.0
2470.0
3113.5
2432.5
3051.0
2395.0
2988.5
2357.5
2926.0
2320.0
2863.5
2282.5
2801.5
2244.5
2751.5
2194.5
2701.5
2144.5
2641.25
2104.75
2595.875
2050.125
2546.375
1999.625
2489.75
1956.25
2431.875
1914.125
2371.875
1874.125
2319.125
1826.875
2256.625
1789.375
2194.125
1751.875
2131.625
1714.375
2065.875
1680.125
1998.125
1647.875
1931.875
1614.125
1858.0
1588.0
1793.0
1553.0
1730.0
1516.0
1655.0
1491.0
1591.25
1454.75
1530.75
1415.25
1501.25
1344.75
1484.625
1261.375
1461.125
1184.875
1423.0
1123.0
1376.625
1069.375
1308.375
1037.625
1245.875
1000.125
1183.375
962.625
1120.875
925.125
1059.875
886.125
1001.625
844.375
942.5
803.5
887.0
759.0
837.0
709.0
786.5
659.5
727.0
619.0
677.0
569.0
627.0
519.0
577.0
469.0
527.0
419.0
467.125
378.875
392.5
353.5
317.5
328.5
242.5
303.5
171.25
274.75
130.75
215.25
93.25
152.75
55.75
90.25
18.25
27.75
