2.673824667930603
2.6741020381450653
2.9759466350078583
2.9780765771865845
3.3232234716415405
3.3233668208122253
3.4931004643440247
3.4932207465171814
3.731614261865616
3.734490007162094
3.9625523686408997
3.962899625301361
4.129585891962051
4.130304157733917
4.242561370134354
4.244272619485855
4.488348841667175
4.4907821118831635
4.547157496213913
4.547310620546341
4.84993302822113
4.850377261638641
4.9181258380413055
4.918420851230621
5.155919820070267
5.155992686748505
5.16645222902298
5.166548907756805
5.286598354578018
5.286682844161987
5.254236608743668
5.2543666660785675
5.493223279714584
5.493328630924225
5.40458944439888
5.4047408401966095
5.204229354858398
5.2043217420578
5.285251349210739
5.28543484210968
5.330395817756653
5.3305051028728485
5.405530244112015
5.405625611543655
5.159769743680954
5.159861236810684
5.579405605792999
5.579506456851959
5.544528365135193
5.544620156288147
5.579155772924423
5.579241186380386
5.619636654853821
5.619737982749939
5.660532712936401
5.660603731870651
5.8712687492370605
5.871347874403
5.723817378282547
5.723969608545303
6.307725101709366
6.307810127735138
5.966432988643646
5.966500133275986
6.224913835525513
6.224990874528885
6.309079498052597
6.309162884950638
6.425576955080032
6.425636917352676
6.504544377326965
6.5046374797821045
6.591641932725906
6.59181335568428
6.6281386613845825
6.628315716981888
6.642105042934418
6.6421822011470795
6.574788123369217
6.574841469526291
6.656145691871643
6.656201064586639
6.771808356046677
6.771867483854294
6.7893339693546295
6.78939363360405
6.805758833885193
6.805816352367401
6.896522909402847
6.896587491035461
6.860087633132935
6.860160648822784
7.080896377563477
7.081014335155487
7.082193702459335
7.082257717847824
7.076328009366989
7.076387524604797
7.14037013053894
7.140437632799149
7.057484745979309
7.057546228170395
7.226741224527359
7.226809650659561
7.309389710426331
7.3095230758190155
7.467463135719299
7.46756836771965
7.393878936767578
7.393954426050186
7.3250852227211
7.325148344039917
7.579497814178467
7.579569697380066
7.564395159482956
7.564476400613785
7.650240868330002
7.650338143110275
7.67326945066452
7.67335170507431
7.566643446683884
7.566706985235214
7.815420240163803
7.81548810005188
7.732884883880615
7.7329511642456055
7.823087632656097
7.823155850172043
7.8659805953502655
7.866040885448456
7.9406134486198425
7.940681993961334
8.133994966745377
8.134072422981262
8.106569617986679
8.106633186340332
8.030107766389847
8.030168354511261
8.1271071434021
8.127165496349335
8.057212054729462
8.057287752628326
8.3971067070961
8.397189974784851
8.169890135526657
8.16996482014656
8.269075632095337
8.269205778837204
8.335425347089767
8.335483759641647
8.449528187513351
8.449593007564545
8.568530261516571
8.568610578775406
8.599397212266922
8.599464982748032
8.513693124055862
8.51375487446785
8.439753264188766
8.439815372228622
8.493845969438553
8.493903875350952
8.802563488483429
8.8026342689991
8.871449291706085
8.871550053358078
8.800748497247696
8.800893902778625
8.769694656133652
8.769760698080063
9.0601906478405
9.060246229171753
8.909123331308365
8.90918892621994
9.382509380578995
9.38257047533989
9.258084386587143
9.258171498775482
9.250893235206604
9.250960230827332
9.236220985651016
9.236279010772705
9.366620510816574
9.36668711900711
9.452247500419617
9.452330231666565
9.355529606342316
9.355589032173157
9.527732223272324
9.527806162834167
9.561024934053421
9.561087429523468
9.660097271203995
9.660163789987564
9.442487746477127
9.44256392121315
9.617210477590561
9.61726850271225
9.949228972196579
9.949306011199951
9.970648139715195
9.970704168081284
9.905873984098434
9.905940473079681
9.879633039236069
9.879695266485214
9.941407889127731
9.941475629806519
10.079553455114365
10.079613775014877
10.491628885269165
10.491718381643295
10.263520270586014
10.263582974672318
10.247171521186829
10.247235924005508
10.192716538906097
10.192781209945679
10.371252864599228
10.371318608522415
10.673310786485672
10.673383384943008
10.5918969810009
10.591973513364792
10.517706871032715
10.517777919769287
10.438884317874908
10.439000725746155
10.689414143562317
10.689482897520065
10.922499060630798
10.9225854575634
10.845430076122284
10.845494389533997
10.76826786994934
10.768342852592468
10.677422016859055
10.677493959665298
11.178334146738052
11.178392231464386
11.168442845344543
11.168503105640411
11.081152588129044
11.081234604120255
10.983935594558716
10.984040945768356
10.876812249422073
10.876880288124084
