3.498206675052643
3.610868513584137
3.803050220012665
4.011145174503326
4.2376828789711
4.4401602149009705
4.663550078868866
4.968462824821472
5.106108784675598
5.271320700645447
5.3829734325408936
5.485659539699554
5.526153743267059
5.6245715618133545
5.688299059867859
5.706310212612152
5.706822991371155
5.824812829494476
5.817740797996521
5.837447464466095
5.831919729709625
5.845416486263275
5.862451255321503
5.872739195823669
5.905058264732361
5.914467990398407
5.89292174577713
5.90888524055481
5.896817982196808
6.063269019126892
6.073295712471008
6.208408534526825
6.340660512447357
6.479722023010254
6.513909459114075
6.512634754180908
6.506501734256744
6.465048253536224
6.524654805660248
6.4690669775009155
6.423097729682922
6.40818178653717
6.671022534370422
6.7727130651474
6.775053143501282
6.8340190052986145
6.826288998126984
6.865085482597351
6.83201676607132
6.914713740348816
6.7437997460365295
6.906426250934601
6.882142722606659
6.889680325984955
6.871665775775909
6.855669021606445
6.947873532772064
6.96130645275116
7.091213703155518
6.995720267295837
7.149111270904541
7.270842552185059
7.260871708393097
7.132482171058655
7.270317494869232
7.248202562332153
7.248567879199982
7.487824022769928
7.386684715747833
7.573454797267914
7.484209299087524
7.591077446937561
7.50666868686676
7.733717739582062
7.706512153148651
7.726341545581818
7.816202759742737
7.991565525531769
7.996038138866425
8.06674075126648
8.073389768600464
7.953427314758301
7.884547114372253
8.107892453670502
8.0346759557724
7.878986239433289
7.953881025314331
7.874876022338867
8.085990488529205
8.29068797826767
8.250784635543823
8.238224565982819
8.090406000614166
8.208532691001892
8.135812759399414
8.205954253673553
8.554976522922516
8.647239744663239
8.492354214191437
8.629736244678497
8.783909797668457
8.610947012901306
8.558956444263458
8.608903467655182
8.724729537963867
8.665533483028412
8.736839771270752
8.763256192207336
8.766459703445435
8.73772943019867
8.814306795597076
8.801796972751617
8.940756022930145
9.0492422580719
8.990015983581543
8.989227771759033
9.155525147914886
9.368285059928894
9.295799255371094
9.468705475330353
9.485199272632599
9.490474283695221
9.479527831077576
9.498224973678589
9.54271399974823
9.53591924905777
9.52610045671463
9.84684294462204
9.880052030086517
9.87955355644226
9.926931977272034
9.912607669830322
10.142706513404846
10.245410561561584
10.21105694770813
10.11856234073639
10.048499464988708
10.057223916053772
10.022509634494781
9.976994216442108
10.00775933265686
10.092149257659912
10.108806014060974
10.13629287481308
10.14534604549408
10.172447502613068
10.324028432369232
10.379930257797241
10.678316473960876
10.677279770374298
10.5200834274292
10.522678971290588
10.591375529766083
10.596757769584656
10.628490030765533
10.637149810791016
10.948750257492065
11.011846601963043
11.14912497997284
11.1686492562294
11.0692258477211
11.194176733493805
11.19115024805069
11.20849895477295
10.94653594493866
10.967715799808502
10.981898307800293
11.206514775753021
11.335132479667664
11.06605052947998
11.07183450460434
11.294421553611755
11.300266921520233
11.289605259895325
11.319206714630127
11.577700674533844
11.319517254829407
11.323648989200592
11.41015076637268
11.750535786151886
11.739628732204437
11.565105617046356
11.571889221668243
11.598319172859192
11.841664493083954
11.852618753910065
11.866927802562714
12.120853662490845
12.126640260219574
12.07856023311615
12.073173761367798
12.503556072711945
12.517309486865997
12.50185477733612
12.764690458774567
12.76889020204544
12.731476187705994
12.715772032737732
12.737557470798492
12.668888211250305
12.652918577194214
12.61430150270462
12.685388267040253
12.70318329334259
12.715743601322174
12.680139183998108
12.895123600959778
12.921257734298706
12.986481010913849
13.177250742912292
13.019715547561646
13.015912771224976
13.030611217021942
13.003311514854431
13.186088919639587
13.214950561523438
13.21223384141922
13.221008002758026
13.230027556419373
13.477436900138855
13.493663430213928
13.492204248905182
13.498409509658813
13.489167511463165
13.51060003042221
13.517130196094513
13.535633265972137
13.5694580078125
13.593032598495483
13.604967176914215
13.75467199087143
13.751466929912567
13.77080899477005
13.807406663894653
13.79770714044571
13.825685560703278
13.94249278306961
13.964367270469666
13.988648474216461
14.00867772102356
14.014886975288391
14.024927318096161
14.09503448009491
14.102992475032806
14.128999769687653
14.15840494632721
14.156123995780945
14.171943008899689
14.148793637752533
