-1.0
1470.25
4527.5
-1.0
-1.0
1445.25
4452.5
-1.0
-1.0
1420.25
4377.5
-1.0
-1.0
1395.25
4302.5
-1.0
-1.0
1370.25
4227.5
-1.0
-1.0
1345.25
4152.5
-1.0
-1.0
1320.25
4077.5
-1.0
-1.0
1295.25
4002.5
-1.0
-1.0
1270.25
3927.5
-1.0
-1.0
1245.25
3852.5
-1.0
-1.0
1220.25
3777.5
-1.0
-1.0
1195.25
3702.5
-1.0
-1.0
1170.25
3627.5
-1.0
-1.0
1145.25
3552.5
-1.0
-1.0
1120.25
3477.5
-1.0
-1.0
1095.25
3402.5
-1.0
-1.0
1070.25
3327.5
-1.0
-1.0
1045.25
3252.5
-1.0
-1.0
1020.25
3177.5
-1.0
-1.0
995.25
3102.5
-1.0
-1.0
970.25
3027.5
-1.0
-1.0
945.25
2952.5
-1.0
-1.0
920.25
2877.5
-1.0
-1.0
895.25
2802.5
-1.0
-1.0
870.25
2727.5
-1.0
-1.0
845.25
2652.5
-1.0
-1.0
820.25
2577.5
-1.0
-1.0
795.25
2502.5
-1.0
-1.0
770.25
2427.5
-1.0
-1.0
745.25
2352.5
-1.0
-1.0
720.25
2277.5
-1.0
-1.0
695.25
2202.5
-1.0
-1.0
670.25
2127.5
-1.0
-1.0
645.25
2052.5
-1.0
-1.0
620.25
1977.5
-1.0
-1.0
595.25
1902.5
-1.0
-1.0
570.25
1827.5
-1.0
-1.0
545.25
1752.5
-1.0
-1.0
520.25
1677.5
-1.0
-1.0
499.25
3168.75
-1.0
-1.0
499.25
3068.75
-1.0
-1.0
499.25
2968.75
-1.0
-1.0
499.25
2868.75
-1.0
-1.0
499.25
2768.75
-1.0
-1.0
499.25
2668.75
-1.0
-1.0
499.25
2568.75
-1.0
-1.0
499.25
2468.75
-1.0
-1.0
499.25
2368.75
-1.0
-1.0
499.25
2268.75
-1.0
-1.0
499.25
2168.75
-1.0
-1.0
499.25
2068.75
-1.0
-1.0
499.25
1968.75
-1.0
-1.0
499.25
1868.75
-1.0
-1.0
499.25
1768.75
-1.0
-1.0
499.25
1668.75
-1.0
-1.0
499.25
1568.75
-1.0
-1.0
499.25
1468.75
-1.0
-1.0
499.25
1368.75
-1.0
-1.0
499.25
1268.75
-1.0
-1.0
499.25
1172.25
1566.75
-1.0
499.25
1097.25
1541.75
-1.0
499.25
1022.25
1516.75
-1.0
3564.25
989.5
1491.75
-1.0
3514.25
964.5
1466.75
-1.0
3464.25
939.5
1441.75
-1.0
3414.25
914.5
1416.75
-1.0
3364.25
889.5
1391.75
-1.0
3314.25
864.5
1366.75
-1.0
3264.25
839.5
1341.75
-1.0
3214.25
814.5
1316.75
-1.0
3164.25
789.5
1291.75
-1.0
3114.25
764.5
1266.75
-1.0
3064.25
739.5
1241.75
-1.0
3014.25
714.5
1216.75
-1.0
2964.25
689.5
1191.75
-1.0
2914.25
664.5
1166.75
-1.0
2864.25
639.5
1141.75
-1.0
2814.25
614.5
1116.75
-1.0
2764.25
589.5
1091.75
-1.0
2714.25
564.5
1066.75
-1.0
2664.25
539.5
1041.75
-1.0
2614.25
514.5
1016.75
-1.0
2564.25
489.5
991.75
-1.0
2514.25
464.5
966.75
-1.0
2464.25
439.5
941.75
-1.0
2414.25
414.5
916.75
-1.0
2364.25
389.5
891.75
-1.0
2314.25
364.5
866.75
-1.0
2264.25
339.5
841.75
-1.0
2214.25
314.5
816.75
-1.0
2164.25
289.5
791.75
-1.0
2114.25
264.5
766.75
-1.0
2064.25
239.5
741.75
-1.0
2014.25
214.5
716.75
-1.0
1964.25
189.5
691.75
-1.0
1914.25
164.5
666.75
-1.0
1864.25
139.5
641.75
-1.0
1814.25
114.5
616.75
-1.0
3326.5
89.5
600.25
-1.0
3251.5
64.5
600.25
-1.0
3176.5
39.5
600.25
-1.0
3101.5
14.5
600.25
-1.0
3026.5
-2.0
2162.5
-1.0
2951.5
-2.0
2137.5
-1.0
2876.5
-2.0
2112.5
-1.0
2801.5
-2.0
2087.5
-1.0
2726.5
-2.0
2062.5
-1.0
2651.5
-2.0
2037.5
-1.0
2576.5
-2.0
2012.5
-1.0
2501.5
-2.0
1987.5
-1.0
2426.5
-2.0
1962.5
-1.0
2351.5
-2.0
1937.5
-1.0
2297.25
-2.0
3445.5
-1.0
2247.25
-2.0
3395.5
-1.0
2197.25
-2.0
3345.5
-1.0
2147.25
-2.0
3295.5
-1.0
2097.25
-2.0
3245.5
-1.0
2047.25
-2.0
3195.5
-1.0
1997.25
-2.0
3145.5
-1.0
1947.25
-2.0
3095.5
-1.0
1897.25
-2.0
3045.5
-1.0
1847.25
-2.0
2995.5
-1.0
1797.25
-2.0
2945.5
-1.0
1747.25
-2.0
2895.5
-1.0
1714.0
-2.0
4382.25
-1.0
1689.0
-2.0
4307.25
-1.0
1664.0
-2.0
4232.25
-1.0
1639.0
-2.0
4157.25
-1.0
1614.0
-2.0
4082.25
-1.0
1589.0
-2.0
4007.25
-1.0
1564.0
-2.0
3932.25
-1.0
1539.0
-2.0
3857.25
-1.0
1514.0
-2.0
3782.25
-1.0
1489.0
-2.0
3707.25
-1.0
1464.0
-2.0
3632.25
-1.0
1439.0
-2.0
3557.25
-1.0
1414.0
-2.0
3482.25
-1.0
1389.0
-2.0
3407.25
-1.0
1364.0
-2.0
3332.25
-1.0
1339.0
-2.0
3257.25
-1.0
1314.0
-2.0
3182.25
-1.0
1289.0
-2.0
3107.25
-1.0
1264.0
-2.0
3032.25
-1.0
1239.0
-2.0
2957.25
-1.0
1214.0
-2.0
2882.25
-1.0
1189.0
-2.0
2807.25
-1.0
1164.0
-2.0
2732.25
-1.0
1139.0
-2.0
2657.25
-1.0
1114.0
-2.0
2582.25
-1.0
1089.0
-2.0
2507.25
-1.0
1064.0
-2.0
2432.25
-1.0
1039.0
-2.0
2357.25
-1.0
1014.0
-2.0
2282.25
-1.0
989.0
-2.0
2207.25
-1.0
964.0
-2.0
2132.25
-1.0
939.0
-2.0
2057.25
-1.0
914.0
-2.0
1982.25
-1.0
889.0
-2.0
1907.25
-1.0
864.0
-2.0
1832.25
-1.0
839.0
-2.0
1757.25
-1.0
814.0
-2.0
1682.25
-1.0
801.5
-2.0
1594.75
-1.0
801.5
-2.0
1494.75
-1.0
801.5
-2.0
1394.75
-1.0
801.5
-2.0
1294.75
-1.0
789.0
-2.0
1207.25
-1.0
764.0
-2.0
1132.25
-1.0
739.0
-2.0
1057.25
-1.0
714.0
-2.0
982.25
-1.0
689.0
-2.0
907.25
-1.0
664.0
-2.0
832.25
-1.0
639.0
-2.0
757.25
-1.0
614.0
-2.0
682.25
-1.0
589.0
-2.0
607.25
1536.25
564.0
-2.0
549.0
1511.25
539.0
-2.0
499.0
1486.25
514.0
-2.0
449.0
1461.25
489.0
-2.0
399.0
1436.25
464.0
-2.0
349.0
1411.25
439.0
-2.0
299.0
1386.25
414.0
-2.0
249.0
1361.25
389.0
-2.0
199.0
1336.25
364.0
-2.0
149.0
1311.25
339.0
-2.0
99.0
1286.25
314.0
-2.0
49.0
4379.75
301.0
-2.0
10.0
5845.0
301.0
-2.0
-2.0
5745.0
301.0
-2.0
-2.0
5645.0
301.0
-2.0
-2.0
5545.0
301.0
-2.0
-2.0
5445.0
301.0
-2.0
-2.0
5345.0
301.0
-2.0
-2.0
5245.0
301.0
-2.0
-2.0
5145.0
301.0
-2.0
-2.0
5045.0
301.0
-2.0
-2.0
4945.0
301.0
-2.0
-2.0
4845.0
301.0
-2.0
-2.0
4745.0
301.0
-2.0
-2.0
4645.0
301.0
-2.0
-2.0
4545.0
301.0
-2.0
-2.0
4445.0
301.0
-2.0
-2.0
4345.0
301.0
-2.0
-2.0
4245.0
301.0
-2.0
-2.0
4145.0
301.0
-2.0
-2.0
4045.0
301.0
-2.0
-2.0
3945.0
301.0
-2.0
-2.0
3845.0
301.0
-2.0
-2.0
3745.0
301.0
-2.0
-2.0
3645.0
301.0
-2.0
-2.0
3545.0
301.0
-2.0
-2.0
3445.0
301.0
-2.0
-2.0
3345.0
301.0
-2.0
-2.0
3245.0
301.0
-2.0
-2.0
3145.0
301.0
-2.0
-2.0
3045.0
301.0
-2.0
-2.0
2945.0
301.0
-2.0
-2.0
2845.0
301.0
-2.0
-2.0
2745.0
301.0
-2.0
-2.0
2645.0
301.0
-2.0
-2.0
2545.0
301.0
-2.0
-2.0
2445.0
301.0
-2.0
-2.0
2345.0
301.0
-2.0
-2.0
2245.0
301.0
-2.0
-2.0
2145.0
301.0
-2.0
-2.0
2045.0
301.0
-2.0
-2.0
1945.0
301.0
-2.0
-2.0
1845.0
301.0
-2.0
-2.0
1745.0
301.0
-2.0
-2.0
1645.0
301.0
-2.0
-2.0
1545.0
301.0
-2.0
-2.0
1445.0
301.0
-2.0
-2.0
1345.0
301.0
-2.0
-2.0
1245.0
301.0
-2.0
-2.0
1145.0
301.0
-2.0
-2.0
1045.0
301.0
-2.0
-2.0
945.0
301.0
-2.0
-2.0
857.5
288.5
-2.0
-2.0
782.5
263.5
-2.0
-2.0
707.5
238.5
-2.0
-2.0
632.5
213.5
-2.0
-2.0
557.5
188.5
-2.0
-2.0
482.5
163.5
-2.0
-2.0
407.5
138.5
-2.0
-2.0
332.5
113.5
-2.0
-2.0
257.5
88.5
-2.0
-2.0
182.5
63.5
-2.0
-2.0
107.5
38.5
-2.0
-2.0
32.5
13.5
-2.0
-2.0
