3.1104829907417297
3.110690176486969
3.110760748386383
3.111144006252289
3.166230261325836
3.1662928462028503
3.1663450598716736
3.1698877811431885
3.3639529943466187
3.3642899990081787
3.3643497228622437
3.364516496658325
3.472157835960388
3.4722365140914917
3.472293734550476
3.47238427400589
3.531905233860016
3.531976044178009
3.5320299863815308
3.532083570957184
3.553741455078125
3.5538201928138733
3.553876757621765
3.554665744304657
3.7150095105171204
3.715202569961548
3.7152674794197083
3.7158380150794983
3.7445002794265747
3.7480335235595703
3.748222529888153
3.7482845187187195
4.012289345264435
4.015821576118469
4.01589834690094
4.016955018043518
4.054213523864746
4.054281294345856
4.0543400049209595
4.054394006729126
4.116419017314911
4.116482496261597
4.116533279418945
4.116593718528748
4.066405415534973
4.06649386882782
4.066552937030792
4.066607892513275
4.056194245815277
4.056256473064423
4.0563090443611145
4.056363999843597
4.180122256278992
4.18019425868988
4.1802467703819275
4.180317223072052
4.129098832607269
4.129157543182373
4.129207074642181
4.129256069660187
4.092485189437866
4.092541217803955
4.0925896763801575
4.092638313770294
4.000567972660065
4.000621497631073
4.000669717788696
4.000718057155609
3.954194188117981
3.954245924949646
3.954293727874756
3.9543402194976807
3.9589707255363464
3.9590272307395935
3.9590744376182556
3.9591217041015625
3.89366352558136
3.893797814846039
3.8938498497009277
3.8938985466957092
3.898899793624878
3.8989539742469788
3.899001955986023
3.899049997329712
3.9072749614715576
3.907336950302124
3.907386541366577
3.9074352383613586
4.154977023601532
4.15503454208374
4.155089318752289
4.155141592025757
4.143123269081116
4.1431843638420105
4.143237233161926
4.143289387226105
4.085178792476654
4.085235357284546
4.085285484790802
4.091304302215576
4.1184709668159485
4.118529736995697
4.118582010269165
4.118635475635529
4.0753302574157715
4.075389802455902
4.075441539287567
4.075494050979614
4.0878549218177795
4.08791196346283
4.0879626870155334
4.088039517402649
4.035403251647949
4.035478293895721
4.035540699958801
4.0356075167655945
3.980996787548065
3.981051802635193
3.9811002612113953
3.9811487197875977
4.130463242530823
4.130519986152649
4.130572199821472
4.130698800086975
4.086187541484833
4.08624404668808
4.086293995380402
4.08635675907135
4.175473749637604
4.1755459904670715
4.175621032714844
4.17569226026535
4.152685165405273
4.152741968631744
4.152792990207672
4.152843952178955
4.10281378030777
4.1028813123703
4.102933824062347
4.103008568286896
4.102991044521332
4.103048503398895
4.103100955486298
4.103156268596649
4.092770993709564
4.092829704284668
4.092882215976715
4.092935264110565
4.087854325771332
4.087915539741516
4.087967574596405
4.088020741939545
4.039137244224548
4.043296217918396
4.043366491794586
4.043443977832794
4.3117117285728455
4.311766743659973
4.3118287324905396
4.311936259269714
4.5605926513671875
4.560658752918243
4.560707986354828
4.560757517814636
4.49458372592926
4.49464076757431
4.494687974452972
4.494736433029175
4.461012482643127
4.461071968078613
4.461134672164917
4.461190223693848
4.5160539746284485
4.516126751899719
4.516174256801605
4.5162224769592285
4.73862099647522
4.738675773143768
4.7387232184410095
4.738773047924042
4.699487924575806
4.699544966220856
4.699595153331757
4.699646890163422
4.598330974578857
4.598385691642761
4.598433434963226
4.598489701747894
4.621582746505737
4.621639966964722
4.621690571308136
4.621741235256195
4.587693691253662
4.5877527594566345
4.587803483009338
4.587856471538544
4.544152796268463
4.544211566448212
4.544261276721954
4.544319272041321
4.606005489826202
4.606060683727264
4.606109201908112
4.606158792972565
4.5526047348976135
4.55265998840332
4.5527119636535645
4.552772223949432
4.757460355758667
4.75751668214798
4.757567465305328
4.757616460323334
4.6899877190589905
4.690050959587097
4.690100967884064
4.690157175064087
4.764480531215668
4.764549255371094
4.7646074295043945
4.764667272567749
4.913927435874939
4.9139909744262695
4.914052665233612
4.914110779762268
4.800402343273163
4.800487577915192
4.800553321838379
4.8006115555763245
4.757284939289093
4.757347404956818
4.7573986649513245
4.757458448410034
4.7453577518463135
4.745427250862122
4.745479464530945
4.745532751083374
5.020885944366455
5.020961582660675
5.021016478538513
5.021068215370178
4.981202244758606
4.981266558170319
4.981322765350342
4.9813737869262695
4.93595552444458
4.936016023159027
4.936074316501617
4.936125040054321
5.553390264511108
5.553442537784576
5.553488254547119
5.553535461425781
5.538274765014648
5.538326799869537
5.538373231887817
5.538421213626862
5.6887564063072205
5.688810467720032
5.688858687877655
5.688909471035004
5.580672919750214
5.580727696418762
5.580779194831848
5.580845236778259
5.701066493988037
5.701121270656586
5.701169729232788
5.701219975948334
5.666204214096069
5.666265249252319
5.66631680727005
5.666453719139099
5.623702049255371
5.6237762570381165
5.623835802078247
5.623888969421387
5.565169274806976
5.5652307868003845
5.565281569957733
5.5653345584869385
5.5612072348594666
5.561305046081543
5.561358213424683
5.56140798330307
5.522186994552612
5.52224600315094
5.522294044494629
5.5223429799079895
5.719643771648407
5.719699025154114
5.719751000404358
5.719801068305969
5.680665493011475
5.6807215213775635
5.680770516395569
5.680822014808655
5.696565508842468
5.696630537509918
5.696680545806885
5.696732521057129
5.669495224952698
5.669562458992004
5.669614672660828
5.669668734073639
5.590758442878723
5.590836942195892
5.590889930725098
5.590952932834625
5.549266457557678
5.549337685108185
5.549394488334656
5.54945570230484
5.754670739173889
5.754725933074951
5.75477397441864
5.754825234413147
5.9557512402534485
5.95580530166626
5.95585298538208
5.955947279930115
6.010515511035919
6.0105732679367065
6.010621011257172
6.010677754878998
5.834841430187225
5.8349562883377075
5.83500599861145
5.835057497024536
5.7856356501579285
5.785720944404602
5.785809695720673
5.785865426063538
5.808776259422302
5.808839023113251
5.808888256549835
5.808938026428223
5.807792246341705
5.807844758033752
5.807890951633453
5.807939231395721
5.665264010429382
5.665347456932068
5.665400266647339
5.665456771850586
5.672933757305145
5.67298948764801
5.673039019107819
5.6730897426605225
6.053008496761322
6.053065299987793
6.053114533424377
6.053165256977081
6.495464205741882
6.495545268058777
6.495614469051361
6.49567574262619
6.900837957859039
6.900897204875946
6.900949954986572
6.9010040163993835
7.43043851852417
7.430496037006378
7.430546224117279
7.430597722530365
7.687468409538269
7.687534928321838
7.687592148780823
7.687647879123688
7.648294687271118
7.64835399389267
7.648405492305756
7.648460030555725
7.829089462757111
7.829146444797516
7.8292014598846436
7.829305708408356
7.8019431829452515
7.802000939846039
7.8020506501197815
7.8021151423454285
7.772791743278503
7.772849678993225
7.77290016412735
7.772952198982239
7.738393723964691
7.73845499753952
7.738505721092224
7.738558232784271
7.689808249473572
7.689863741397858
7.689912736415863
7.690002262592316
7.974635541439056
7.974689304828644
7.974737465381622
7.974787771701813
7.948946297168732
7.94900107383728
7.949054062366486
7.949136793613434
8.013748526573181
8.013805031776428
8.013855755329132
8.013907551765442
8.166380941867828
8.166458487510681
8.166526198387146
8.166581988334656
8.46241444349289
8.462473928928375
8.46252292394638
8.462572455406189
8.537947177886963
8.538016974925995
8.538068950176239
8.53812688589096
8.50166791677475
8.501728475093842
8.501778960227966
8.501829206943512
8.491944253444672
8.492002069950104
8.492051780223846
8.492113769054413
8.523254752159119
8.523329019546509
8.523380994796753
8.523432314395905
8.49995732307434
8.500020265579224
8.50007152557373
8.50013130903244
8.526989579200745
8.527046263217926
8.527097284793854
8.527173280715942
8.608320534229279
8.608376264572144
8.608426034450531
8.60848206281662
8.566516041755676
8.566572785377502
8.566623270511627
8.566673755645752
8.587067306041718
8.58712524175644
8.58717530965805
8.587226271629333
8.971563935279846
8.971620798110962
8.971671223640442
8.97172075510025
8.911379277706146
8.911432266235352
8.911479890346527
8.911526799201965
8.955448508262634
8.95550274848938
8.955555975437164
8.955606818199158
8.932745575904846
8.932802259922028
8.932877480983734
8.932964324951172
8.962847769260406
8.962915539741516
8.962977290153503
8.963054478168488
9.083667695522308
9.083726167678833
9.083778023719788
9.083825886249542
9.056893348693848
9.056949734687805
9.057000875473022
9.057049930095673
9.013245701789856
9.01330417394638
9.013353884220123
9.013401210308075
8.977852463722229
8.977911531925201
8.977958977222443
8.978005528450012
9.093305349349976
9.093362152576447
9.093412399291992
9.093462467193604
9.02039122581482
9.020456969738007
9.020508706569672
9.020566701889038
9.077997744083405
9.07806944847107
9.07814645767212
9.078205704689026
9.439378321170807
9.439452409744263
9.439504623413086
9.43956309556961
9.483592510223389
9.483649492263794
9.483701348304749
9.483748733997345
9.426631331443787
9.426685869693756
9.42673408985138
9.426791548728943
9.455027282238007
9.455106735229492
9.455158770084381
9.455206513404846
9.414387226104736
9.414443552494049
9.414492726325989
9.414539456367493
9.386666715145111
9.386726975440979
9.386779487133026
9.38682508468628
9.4996936917305
9.499748468399048
9.499796986579895
9.499842703342438
9.459702551364899
9.45976173877716
9.459814965724945
9.459869503974915
9.41161572933197
9.411690711975098
9.411749720573425
9.411810994148254
9.38194626569748
9.382003724575043
9.382054209709167
9.38210141658783
9.417739510536194
9.417793452739716
9.417852520942688
9.417900025844574
9.380739510059357
9.380793750286102
9.380849063396454
9.380898475646973
9.658363461494446
9.658422470092773
9.658474206924438
9.658523440361023
9.626170992851257
9.626229763031006
9.626278519630432
9.626326501369476
9.665305137634277
9.66536796092987
9.665420711040497
9.665469706058502
9.609692513942719
9.609747052192688
9.609794735908508
9.609842002391815
9.7629314661026
9.76298999786377
9.763042449951172
9.763091683387756
9.704204320907593
9.704277276992798
9.704328060150146
9.704375803470612
9.764399528503418
9.764459013938904
9.764509797096252
9.764557003974915
9.690470218658447
9.690525650978088
9.690574944019318
9.690621733665466
9.8352952003479
9.835348546504974
9.835395991802216
9.835441291332245
9.792449474334717
9.792502522468567
9.792550027370453
9.792595207691193
9.908921957015991
9.908978462219238
9.909028708934784
9.90907597541809
9.842940270900726
9.842999696731567
9.843048989772797
9.843095242977142
9.804391264915466
9.804446995258331
9.804495930671692
9.804542243480682
9.900040626525879
9.900099456310272
9.900151789188385
9.900201916694641
9.830891191959381
9.830947160720825
9.830997705459595
9.831044912338257
9.798835277557373
9.798893332481384
9.798943281173706
9.798993587493896
9.786915123462677
9.786971926689148
9.787022173404694
9.78706967830658
9.753134489059448
9.753191232681274
9.753240287303925
9.753287255764008
9.891725242137909
9.891779005527496
9.891838014125824
9.891901016235352
10.144648015499115
10.144705057144165
10.144755244255066
10.144803524017334
10.099615156650543
10.099671423435211
10.099727153778076
10.099774897098541
10.054280519485474
10.054333925247192
10.054381966590881
10.054426729679108
10.081673979759216
10.08172869682312
10.081776976585388
10.081822991371155
10.068260788917542
10.06832230091095
10.068374276161194
10.06844025850296
10.025081992149353
10.025137186050415
10.025185227394104
10.025243699550629
10.210680723190308
10.210734486579895
10.210852026939392
10.210901021957397
10.267589509487152
10.267646551132202
10.267697513103485
10.26774525642395
10.346306085586548
10.346365511417389
10.346415340900421
10.346461296081543
10.311176002025604
10.311231553554535
10.311281263828278
10.311339557170868
10.442332744598389
10.442390203475952
10.442442536354065
10.442492246627808
10.403542339801788
10.403598606586456
10.403647303581238
10.403694093227386
10.379035711288452
10.379091262817383
10.379140496253967
10.379186689853668
10.464239776134491
10.464300811290741
10.464352309703827
10.46440178155899
10.497174561023712
10.497232794761658
10.497291326522827
10.49734377861023
10.459348738193512
10.459406733512878
10.459455013275146
10.459500432014465
10.407879769802094
10.40793377161026
10.407982051372528
10.40802800655365
10.390044510364532
10.390116810798645
10.390170514583588
10.390221178531647
10.569125711917877
10.569186210632324
10.569236397743225
10.569282948970795
11.291887819766998
11.291943967342377
11.29199343919754
11.292106747627258
11.261465013027191
11.261522769927979
11.261573493480682
11.261622488498688
11.256866753101349
11.256924450397491
11.2569739818573
11.257020711898804
11.230464518070221
11.230523705482483
11.23057746887207
11.23062527179718
11.191497564315796
11.191554248332977
11.19160532951355
11.191653609275818
11.220507442951202
11.22056919336319
11.220627963542938
11.220677435398102
11.182191729545593
11.18226420879364
11.182314395904541
11.18236219882965
11.142575800418854
11.142636239528656
11.142688035964966
11.14273601770401
11.093881011009216
11.093937754631042
11.093988001346588
11.094036221504211
11.045484483242035
11.045563817024231
11.045624554157257
11.045672297477722
11.041110157966614
11.04116666316986
11.041217684745789
11.041270732879639
11.688385248184204
11.688441276550293
11.688490271568298
11.688536703586578
12.08210003376007
12.08215594291687
12.082205533981323
12.082252442836761
12.09137898683548
12.091434955596924
12.091487467288971
12.09153550863266
12.033366203308105
12.033419966697693
12.03346973657608
12.03351604938507
12.007571935653687
12.007626235485077
12.007675230503082
12.007721722126007
12.019790410995483
12.019846737384796
12.019897699356079
12.019945502281189
12.028416454792023
12.028471767902374
12.028520286083221
12.02856594324112
11.988602995872498
11.988655507564545
11.988702774047852
11.988748013973236
12.142463088035583
12.14251983165741
12.142582058906555
12.142637491226196
12.117611229419708
12.117667734622955
12.11771845817566
12.117767453193665
12.079740762710571
12.07980477809906
12.079855501651764
12.079901933670044
12.054893553256989
12.054958760738373
12.055007994174957
12.055054306983948
12.042924702167511
12.042981207370758
12.043031454086304
12.043080508708954
12.121102511882782
12.12115752696991
12.121210753917694
12.121257722377777
12.000707268714905
12.00076150894165
12.000809013843536
12.000854551792145
11.967765808105469
11.967823505401611
11.967871010303497
11.967917203903198
11.958126723766327
11.958186984062195
11.958240449428558
11.958295464515686
12.286929845809937
12.287000298500061
12.287050068378448
12.287096560001373
12.373372793197632
12.373428285121918
12.373477756977081
12.373523771762848
12.419656813144684
12.41971480846405
12.419766068458557
12.419818043708801
12.354216814041138
12.354269683361053
12.354317486286163
12.354362726211548
12.31672751903534
12.316783607006073
12.316833317279816
12.316881537437439
12.2084259390831
12.208490252494812
12.208552241325378
12.208600759506226
12.207899928092957
12.207954704761505
12.208038687705994
12.20808744430542
12.254615485668182
12.254675567150116
12.254724264144897
12.254770815372467
12.354268312454224
12.354323208332062
12.354372262954712
12.354418754577637
12.359129250049591
12.359187722206116
12.35923820734024
12.359285175800323
12.267093181610107
12.267210245132446
12.267269492149353
12.267316460609436
12.441346049308777
12.44140750169754
12.441457509994507
12.441505193710327
12.4079030752182
12.407969057559967
12.408020257949829
12.40806770324707
12.37830102443695
12.378378093242645
12.378429472446442
12.378495514392853
12.615987479686737
12.616043210029602
12.61609798669815
12.616155743598938
12.505500257015228
12.505558967590332
12.505610764026642
12.505660712718964
12.466586828231812
12.466665506362915
12.466723501682281
12.466778039932251
12.423502266407013
12.42355751991272
12.42361056804657
12.42365700006485
12.561249196529388
12.56130975484848
12.561362206935883
12.56141221523285
12.519278228282928
12.519332826137543
12.519383013248444
12.51942926645279
12.494453489780426
12.494512915611267
12.494563937187195
12.494631946086884
12.701826512813568
12.701884508132935
12.7019362449646
12.701985776424408
12.991668820381165
12.991762518882751
12.991830110549927
12.991894006729126
12.953885018825531
12.953940510749817
12.953989744186401
12.954036951065063
12.897525131702423
12.897579312324524
12.897626996040344
12.897674024105072
13.170764565467834
13.170822083950043
13.170872509479523
13.170921325683594
13.135582029819489
13.13563996553421
13.135691046714783
13.135740041732788
13.144843757152557
13.144900739192963
13.144950032234192
13.144996523857117
13.110442996025085
13.110501766204834
13.110555529594421
13.11062628030777
13.087780714035034
13.087885737419128
13.087939977645874
13.088033199310303
13.055624723434448
13.055681467056274
13.055731475353241
13.05577927827835
13.024117290973663
13.024173736572266
13.024223744869232
13.024271011352539
12.993272304534912
12.993346512317657
12.993398785591125
12.993445694446564
13.04294103384018
13.043025493621826
13.043096780776978
13.04314661026001
13.235919058322906
13.23597526550293
13.236024975776672
13.236072838306427
13.21635752916336
13.216420233249664
13.216470539569855
13.216518700122833
13.29762977361679
13.2976855635643
13.297733783721924
13.29778254032135
13.43064546585083
13.430706202983856
13.430756986141205
13.430804371833801
13.562356650829315
13.562415421009064
13.562473237514496
13.562531173229218
13.524069488048553
13.524164974689484
13.524217545986176
13.524264812469482
13.497660994529724
13.497720003128052
13.497770011425018
13.497817635536194
13.451818346977234
13.451872766017914
13.451921880245209
13.45197582244873
13.445366263389587
13.445425510406494
13.445476472377777
13.445532262325287
13.478283286094666
13.478342533111572
13.47840404510498
13.478459537029266
13.426307797431946
13.426385760307312
13.426441490650177
13.426488816738129
13.37826532125473
13.378319263458252
13.3783677816391
13.378413319587708
