3.3562926054000854
3.498188614845276
3.6285195350646973
3.757351517677307
3.897166132926941
4.022446990013123
4.136834502220154
4.235385060310364
4.369408011436462
4.544079542160034
4.650992512702942
4.742819428443909
4.919270396232605
5.046066522598267
5.172726392745972
5.297891616821289
5.510327100753784
5.6137731075286865
5.7334064245224
5.909917950630188
6.095081448554993
6.246768355369568
6.342648029327393
6.498187065124512
6.681800484657288
6.865255951881409
7.062121033668518
7.209851026535034
7.436087012290955
7.675390124320984
7.976282000541687
8.104081511497498
8.208860874176025
8.341908574104309
8.451009035110474
8.557910084724426
8.664876461029053
8.73674488067627
8.71714460849762
8.737210512161255
8.754348039627075
8.800126552581787
8.803490996360779
8.81304657459259
8.824778437614441
8.850225567817688
8.879976511001587
8.882418870925903
8.88089656829834
8.887430548667908
8.952569007873535
8.987082958221436
8.987125992774963
8.992984056472778
9.018239498138428
9.030767560005188
9.042240500450134
9.062118530273438
9.070561528205872
9.113868951797485
9.137616038322449
9.147062063217163
9.15852701663971
9.177808046340942
9.198460578918457
9.233254432678223
9.255913019180298
9.274881958961487
9.284745454788208
9.293549060821533
9.30079710483551
9.322749018669128
9.343680500984192
9.35445249080658
9.383105874061584
9.39129650592804
9.416518926620483
9.425181031227112
9.429136395454407
9.455673336982727
9.490995049476624
9.519287586212158
9.540321946144104
9.55066192150116
9.581694841384888
9.575647950172424
9.584396123886108
9.601783990859985
9.610442042350769
9.669760465621948
9.686996459960938
9.715840458869934
9.730830430984497
9.749927997589111
9.76248049736023
9.792336463928223
9.8063645362854
9.860705494880676
9.872389554977417
9.922757983207703
9.932870388031006
9.927783966064453
9.949354887008667
9.964052557945251
9.9875990152359
9.999882459640503
10.008509993553162
10.044723510742188
10.070034980773926
10.066068410873413
10.075112462043762
10.087058544158936
10.097230434417725
10.147740960121155
10.1859290599823
10.201796889305115
10.197291374206543
10.208920001983643
10.257896900177002
10.268654942512512
10.318304419517517
10.327087998390198
10.346888899803162
10.343568921089172
10.350053906440735
10.394667983055115
10.418646931648254
10.44598650932312
10.45279860496521
10.477047443389893
10.507484912872314
10.532507538795471
10.541494011878967
10.715852618217468
10.724918961524963
10.753372550010681
10.761589527130127
10.772179007530212
10.779971957206726
10.786761999130249
10.82145094871521
10.845984101295471
10.856536030769348
10.862999439239502
10.871450424194336
10.915567517280579
10.929758071899414
10.936357498168945
11.006664514541626
11.02881407737732
11.055083990097046
11.061946511268616
11.070578932762146
11.082366108894348
11.09588098526001
11.142507910728455
11.151509404182434
11.163912057876587
11.177680969238281
11.186144948005676
11.225933074951172
11.239615082740784
11.24741244316101
11.256128907203674
11.315329432487488
11.344079494476318
11.352635860443115
11.386120438575745
11.396393418312073
11.47180438041687
11.485396385192871
11.497713565826416
11.506000995635986
11.514203071594238
11.57275402545929
11.58572506904602
11.599063396453857
11.623034596443176
11.646112561225891
11.674919486045837
11.684852004051208
11.69372546672821
11.722444415092468
11.729400515556335
11.755481958389282
11.871509432792664
11.879120111465454
11.892719984054565
11.901169180870056
11.957726001739502
11.970551013946533
11.979403495788574
11.986184358596802
11.9938246011734
12.03036904335022
12.053069472312927
12.060086607933044
12.10378086566925
12.116812109947205
12.241183400154114
12.261402368545532
12.265644550323486
12.313969016075134
12.341500997543335
12.34990656375885
12.355813026428223
12.36117708683014
12.37324845790863
12.413971066474915
12.421684503555298
12.427631974220276
12.433789491653442
12.441380500793457
12.484771490097046
12.492122411727905
12.529443979263306
12.535176992416382
12.541192054748535
12.583042025566101
12.594220995903015
12.600437998771667
12.605670928955078
12.615185379981995
12.64053499698639
12.651777029037476
12.6569584608078
12.662401556968689
12.684846878051758
12.712542533874512
12.723685503005981
12.724303364753723
12.726274013519287
12.716751456260681
12.7426038980484
12.743273496627808
12.742943525314331
12.742241978645325
12.78444218635559
12.806816458702087
12.919099569320679
12.92332398891449
12.92632257938385
12.971397042274475
12.99584949016571
13.001621007919312
13.006574511528015
13.012127995491028
13.016355514526367
13.043813347816467
13.044724941253662
13.055623531341553
13.05858600139618
13.266849517822266
13.281019926071167
13.298203468322754
13.317071437835693
13.322638511657715
13.329339623451233
13.339288473129272
13.343137979507446
13.363744854927063
13.382704019546509
13.39031445980072
13.39004397392273
13.394161462783813
13.407864928245544
13.424129486083984
13.505430340766907
13.506895899772644
13.508822441101074
13.534344553947449
13.556533098220825
13.562312960624695
13.564514994621277
13.583085060119629
13.614490509033203
13.622157096862793
13.57727599143982
13.595608353614807
13.611731052398682
13.625963568687439
13.628121495246887
13.62951946258545
13.647926092147827
13.655203580856323
13.678072452545166
13.685626983642578
13.6875981092453
13.690174460411072
13.693814039230347
13.705887079238892
13.868875503540039
13.882104516029358
13.885042905807495
13.887336492538452
13.888770461082458
13.896992564201355
13.93376910686493
13.941903591156006
13.945130467414856
13.94690454006195
13.950024485588074
13.985226511955261
13.998265981674194
14.004358887672424
14.009873986244202
14.013262033462524
14.03115451335907
14.051400065422058
14.061455488204956
14.257915496826172
14.254660844802856
14.255955457687378
14.259385466575623
14.295106410980225
14.306110501289368
14.30902349948883
14.310763955116272
14.312342047691345
14.341688871383667
14.351784467697144
14.35702645778656
14.359026908874512
14.400784492492676
14.407060027122498
14.421664118766785
14.424135565757751
14.43134891986847
14.434874534606934
14.496841073036194
14.50644600391388
14.509302854537964
14.514503955841064
14.516782999038696
14.522421479225159
14.558822631835938
14.561618447303772
14.711344480514526
14.715762972831726
14.728292465209961
14.74531888961792
14.74836003780365
14.766199588775635
14.776622533798218
14.789093375205994
14.791609525680542
14.793110966682434
14.81023108959198
14.814625978469849
14.837406516075134
14.844210982322693
14.846107125282288
14.848609566688538
14.852277994155884
14.887011528015137
14.898052096366882
14.900660037994385
14.904120922088623
14.906681060791016
15.072516083717346
15.093868613243103
15.071171998977661
15.073591470718384
15.076820969581604
15.078364610671997
15.082069039344788
15.101060032844543
15.10759711265564
15.126399993896484
15.14484190940857
15.147769570350647
15.150915026664734
15.155269145965576
15.173973441123962
15.296823024749756
15.321875929832458
15.326480984687805
15.329371094703674
15.332334518432617
15.337157964706421
15.378440976142883
15.387362957000732
15.391810894012451
15.397870421409607
15.417359948158264
15.43494701385498
15.451504468917847
15.455987572669983
15.459939956665039
15.518669486045837
15.540353536605835
15.546346068382263
15.553470611572266
15.557504892349243
15.569766521453857
15.615112900733948
15.619995474815369
15.625073552131653
15.651779890060425
15.672824501991272
15.701390027999878
15.713099479675293
15.718504071235657
15.722785949707031
15.726762533187866
15.761834859848022
15.778580904006958
15.787631511688232
15.793880939483643
15.79900336265564
15.862532496452332
15.889593482017517
15.910645484924316
15.91891896724701
15.940392017364502
15.947646498680115
16.01026999950409
16.024022579193115
16.05400049686432
16.059004545211792
16.081661462783813
16.08858096599579
16.092848539352417
16.12050747871399
16.14128291606903
16.14567494392395
16.151798009872437
16.15551197528839
16.17288100719452
16.199860453605652
16.209341049194336
16.21292757987976
16.21668016910553
16.23451852798462
16.256659030914307
16.26029896736145
16.265801072120667
16.494134664535522
16.512174487113953
16.53580105304718
16.545965433120728
16.549188494682312
16.553186058998108
16.572887063026428
16.596609592437744
16.604391932487488
16.608399868011475
16.629950046539307
16.63691794872284
16.656622529029846
16.672066569328308
16.700233101844788
16.974847435951233
16.997386574745178
17.00935697555542
17.014306902885437
17.018853545188904
17.0760018825531
17.082916498184204
17.089304447174072
17.098579049110413
17.118051052093506
17.127785086631775
17.15050446987152
17.159873962402344
17.163923382759094
17.169644951820374
17.19143545627594
17.215142011642456
17.2234365940094
17.228185653686523
17.23127591609955
17.249695420265198
17.209078550338745
17.233222484588623
17.239081501960754
17.24402689933777
17.263097524642944
17.270869493484497
17.291531085968018
17.299898982048035
17.31739091873169
17.322540521621704
17.330116033554077
17.461421966552734
17.470390558242798
17.490716814994812
17.514856934547424
17.55998408794403
17.567994475364685
17.57441008090973
17.580689549446106
17.588828921318054
17.636521458625793
17.656474471092224
17.6826890707016
17.686662077903748
17.69300401210785
17.696401596069336
