3.0991784036159515
3.157878041267395
3.3114852607250214
3.414935141801834
3.638510048389435
3.8610423803329468
4.05732735991478
4.224015653133392
4.357066243886948
4.482228994369507
4.54067200422287
4.683381766080856
4.8202738761901855
4.825699746608734
4.876688748598099
4.816838085651398
4.88748824596405
4.905891716480255
4.913329213857651
5.049555480480194
5.088571757078171
5.136785119771957
5.109906613826752
5.125184714794159
5.127658843994141
5.132598400115967
5.122486621141434
5.152379751205444
5.198242127895355
5.268900692462921
5.226621896028519
5.401501089334488
5.39279380440712
5.53896626830101
5.750621944665909
5.7156215608119965
5.7345419228076935
5.695957630872726
5.732363820075989
5.734926819801331
5.787317872047424
5.662616789340973
5.8285211622715
5.921891242265701
6.048119962215424
6.097230553627014
6.134564608335495
6.109480500221252
6.111492872238159
6.231360018253326
6.118117243051529
6.3505330085754395
6.344750612974167
6.348987489938736
6.463045805692673
6.390893131494522
6.522425591945648
6.420073747634888
6.555070370435715
6.576191037893295
6.746681392192841
6.780685991048813
6.794630974531174
6.701990395784378
6.8294088542461395
6.789753764867783
6.7898207902908325
7.148322403430939
7.006749629974365
7.101521372795105
7.304708123207092
7.17369619011879
7.12208104133606
7.257018029689789
7.3224170207977295
7.3726228177547455
7.430082142353058
7.496649086475372
7.434175133705139
7.717116147279739
7.713954597711563
7.648928642272949
7.699798732995987
7.6839132606983185
7.720830053091049
7.800911873579025
7.758430391550064
7.829334944486618
7.701236248016357
7.815854012966156
7.921389847993851
7.918984889984131
8.068136125802994
7.964619725942612
8.255833387374878
8.28169298171997
8.318475395441055
8.41338837146759
8.56108495593071
8.558064013719559
8.554879486560822
8.619210332632065
8.66964316368103
8.675146251916885
8.682807117700577
8.681886225938797
8.674275159835815
8.668141394853592
8.697067767381668
8.70159301161766
8.94320148229599
9.105098515748978
9.106106609106064
9.285476744174957
9.275661289691925
9.276237100362778
9.287780523300171
9.299392580986023
9.305278688669205
9.313944727182388
9.310018837451935
9.302429646253586
9.289295136928558
9.262012362480164
