1.7778799533843994
1.7779569625854492
1.8198415040969849
1.8199310302734375
1.85688054561615
1.8569486141204834
1.851127028465271
1.8512001037597656
1.8321164846420288
1.8321794271469116
1.9662744998931885
1.966346025466919
2.173357605934143
2.1734265089035034
2.1702890396118164
2.1703559160232544
2.1523090600967407
2.152376413345337
2.13578462600708
2.1358801126480103
2.1333624124526978
2.1334224939346313
2.112260937690735
2.112438917160034
2.145156979560852
2.1452279090881348
2.1236571073532104
2.1237131357192993
2.1429425477981567
2.142999529838562
2.1451014280319214
2.1451590061187744
2.162095069885254
2.1621556282043457
2.156831979751587
2.1568883657455444
2.2005460262298584
2.200603485107422
2.257526397705078
2.2576398849487305
2.2484840154647827
2.2485859394073486
2.2505184412002563
2.2505799531936646
2.2590609788894653
2.259114980697632
2.251460552215576
2.2515170574188232
2.247744560241699
2.247815489768982
2.2624305486679077
2.262488007545471
2.2894614934921265
2.2895495891571045
2.30111300945282
2.301194429397583
2.3052589893341064
2.3053228855133057
2.308042049407959
2.3081055879592896
2.3037925958633423
2.3038525581359863
2.303647994995117
2.303707480430603
2.297868490219116
2.2979270219802856
2.3345454931259155
2.3346104621887207
2.3699820041656494
2.3700634241104126
2.379419445991516
2.379528045654297
2.379253387451172
2.3793364763259888
2.381155490875244
2.381239414215088
2.3786085844039917
2.378692626953125
2.3914605379104614
2.3915154933929443
2.403284430503845
2.403342843055725
2.4000669717788696
2.400131940841675
2.3958895206451416
2.395949959754944
2.393929958343506
2.393990993499756
2.4139485359191895
2.414010524749756
2.4296889305114746
2.429755449295044
2.425228476524353
2.4253205060958862
2.4174224138259888
2.41747784614563
2.449570059776306
2.4496251344680786
2.443711042404175
2.4437904357910156
2.477095127105713
2.4771671295166016
2.47149395942688
2.471586585044861
2.508887529373169
2.508947491645813
2.5025670528411865
2.5027010440826416
2.5400294065475464
2.5400909185409546
2.536217451095581
2.5362770557403564
2.542889952659607
2.5429495573043823
2.535805344581604
2.535862922668457
2.53320848941803
2.5332610607147217
2.551858425140381
2.5519185066223145
2.5527496337890625
2.5528091192245483
2.5808498859405518
2.580912947654724
2.588850975036621
2.5889129638671875
2.5935460329055786
2.5936124324798584
2.5946584939956665
2.5947229862213135
2.592600464820862
2.5926625728607178
2.5940059423446655
2.594066023826599
2.6042815446853638
2.604356527328491
2.5988744497299194
2.5989339351654053
2.597464919090271
2.597522497177124
2.6081680059432983
2.6082390546798706
2.607421040534973
2.6074804067611694
2.607917070388794
2.607975959777832
2.6100151538848877
2.6100741624832153
2.64086651802063
2.6409294605255127
2.6471270322799683
2.6472580432891846
2.6710840463638306
2.671154499053955
2.6927011013031006
2.6927895545959473
2.697620987892151
2.6976850032806396
2.7059210538864136
2.706039071083069
2.7079914808273315
2.708055019378662
2.705499529838562
2.7055604457855225
2.702760934829712
2.7028214931488037
2.7008230686187744
2.7008830308914185
2.6959375143051147
2.695999503135681
2.692318558692932
2.6923776865005493
2.7082525491714478
2.7083120346069336
2.707484483718872
2.7075445652008057
2.7203160524368286
2.7204326391220093
2.7264015674591064
2.726483106613159
2.726530075073242
2.726592540740967
2.7317991256713867
2.7318605184555054
2.752902030944824
2.7529650926589966
4.544055938720703
4.544113874435425
4.533048868179321
4.533103942871094
4.592658519744873
4.5927205085754395
4.569777488708496
4.569833517074585
4.546249151229858
4.546313047409058
4.665436506271362
4.665492057800293
4.664039492607117
4.664092540740967
4.646934986114502
4.64699399471283
4.647480368614197
4.647536516189575
4.64974057674408
4.6497920751571655
4.683302044868469
4.683361053466797
4.702276587486267
4.702340006828308
4.679526448249817
4.679581999778748
4.737128496170044
4.73719048500061
4.7430219650268555
4.743079423904419
4.735321521759033
4.735398530960083
4.733054995536804
4.733109474182129
4.752169966697693
4.752224445343018
4.7273935079574585
4.727576971054077
4.778178572654724
4.778248071670532
4.781968474388123
4.78202497959137
4.8069199323654175
4.8070584535598755
4.821418046951294
4.821478962898254
4.837233066558838
4.837290048599243
4.828633904457092
4.828688979148865
4.850023031234741
4.850140929222107
4.836120128631592
4.8361735343933105
4.838287949562073
4.838397860527039
4.867559552192688
4.867614507675171
4.852550506591797
4.85260534286499
4.837735891342163
4.837790012359619
4.853612065315247
4.853674530982971
4.859854459762573
4.859912395477295
4.878412485122681
4.878466010093689
4.870627522468567
4.870730042457581
4.879582047462463
4.879632472991943
4.928744554519653
4.928802967071533
4.918560981750488
4.918629050254822
4.918956518173218
4.919030547142029
4.934570550918579
4.934622049331665
4.929152488708496
4.929206013679504
4.932780504226685
4.932833909988403
4.927639603614807
4.927768111228943
4.928707957267761
4.928762435913086
4.924102544784546
4.924155592918396
4.916699051856995
4.916752576828003
4.9154579639434814
4.915513515472412
4.909920573234558
4.909985542297363
4.906057953834534
4.90611207485199
4.912031054496765
4.912080526351929
4.936058521270752
4.936190962791443
4.935168504714966
4.9352229833602905
4.935701966285706
4.935772895812988
4.964851498603821
4.964909553527832
4.9677804708480835
4.967835426330566
4.973245024681091
4.973299503326416
4.972379922866821
4.97243344783783
4.979514956474304
4.979567527770996
4.98163115978241
4.981696605682373
4.966827034950256
4.966896414756775
4.963817596435547
4.963873028755188
4.970536947250366
4.970791459083557
4.971261382102966
4.971317410469055
4.989488959312439
4.989546418190002
4.99644148349762
4.996506094932556
5.00132155418396
5.001379489898682
5.029538512229919
5.029608130455017
5.034383177757263
5.034443616867065
5.037367105484009
5.037448525428772
5.156694531440735
5.156757473945618
5.157557487487793
5.157617449760437
5.154467463493347
5.154523968696594
5.340844035148621
5.340906977653503
5.346298336982727
5.346369385719299
5.343400001525879
5.343531489372253
5.338487505912781
5.338546991348267
5.484951496124268
5.485020041465759
5.48326051235199
5.483350992202759
5.480662941932678
5.480721950531006
5.561819553375244
5.561888575553894
5.559865117073059
5.559923052787781
5.557124018669128
5.557199597358704
5.445493578910828
5.4455496072769165
5.595837950706482
5.595893502235413
5.593200922012329
5.593254923820496
5.587552070617676
5.587605595588684
5.612673044204712
5.612743020057678
5.613549470901489
5.613604426383972
5.604389071464539
5.604444980621338
5.599711060523987
5.59978449344635
5.654660940170288
5.654737949371338
5.659334063529968
5.659434676170349
5.659798979759216
5.659855008125305
5.614046573638916
5.614113092422485
5.606403470039368
5.606465935707092
5.550036549568176
5.550097107887268
5.566070556640625
5.566128492355347
5.5487024784088135
5.548760533332825
5.542220115661621
5.542277574539185
5.527692556381226
5.527750015258789
5.556290507316589
5.556348085403442
5.548146605491638
5.548202991485596
5.559030175209045
5.559121131896973
5.619588494300842
5.619650602340698
5.6328805685043335
5.632960557937622
5.67789101600647
5.678101420402527
5.628945469856262
5.629001021385193
5.646891951560974
5.646958947181702
5.625341057777405
5.625402092933655
5.64965295791626
5.649777054786682
5.6601749658584595
5.660353899002075
5.672793984413147
5.672854542732239
5.689189434051514
5.689250946044922
5.7036014795303345
5.703656554222107
5.698485493659973
5.698541164398193
5.737548828125
5.7376158237457275
5.775213599205017
5.7755125761032104
5.77556049823761
5.7756184339523315
5.75847601890564
5.758533000946045
5.8279420137405396
5.82807457447052
5.834479928016663
5.834539890289307
5.8074339628219604
5.807495832443237
5.825814366340637
5.825875878334045
5.893162488937378
5.893230080604553
5.919822454452515
5.91988742351532
5.9696725606918335
5.969728946685791
6.002035021781921
6.0021034479141235
6.0714040994644165
6.071471095085144
6.147113919258118
6.14717435836792
6.177768111228943
6.177828073501587
6.289065599441528
6.28915798664093
6.345456004142761
6.345515966415405
6.43854296207428
6.438628554344177
6.546750545501709
6.546837568283081
6.638934016227722
6.639012455940247
6.6621129512786865
6.662179470062256
6.756610035896301
6.756672620773315
6.828661918640137
6.828729867935181
6.896334528923035
6.896409392356873
7.026375412940979
7.026453495025635
7.068105340003967
7.06816291809082
7.151670932769775
7.151737451553345
7.267227530479431
7.267288565635681
7.358821511268616
7.358887553215027
7.430314064025879
7.430393934249878
7.579200983047485
7.579271912574768
7.6532206535339355
7.653279066085815
7.71707284450531
7.717186450958252
7.8050384521484375
7.805106997489929
7.917587995529175
7.917662978172302
8.041200995445251
8.041262984275818
8.094686508178711
8.094756960868835
8.230754494667053
8.230824589729309
8.28287935256958
8.282941937446594
8.3981454372406
8.398205518722534
8.474151372909546
8.474218487739563
8.568032503128052
8.568103551864624
8.716627955436707
8.716689586639404
8.796419024467468
8.796482920646667
8.860490560531616
8.860558986663818
8.979084014892578
8.979171514511108
9.053587079048157
9.053648591041565
9.113614082336426
9.113684058189392
9.179612040519714
9.179669976234436
9.24552047252655
9.245601534843445
9.277223467826843
9.277284026145935
9.325886845588684
9.325949430465698
9.338648438453674
9.338706493377686
9.371906995773315
9.371975421905518
9.426830053329468
9.426888942718506
9.404315948486328
9.404375553131104
9.363914966583252
9.364012479782104
9.349793553352356
9.34985101222992
9.369321942329407
9.369397401809692
9.392616152763367
9.392672538757324
9.379016041755676
9.379070162773132
9.402223467826843
9.402278065681458
9.39104950428009
9.39110541343689
9.37777590751648
9.377851009368896
9.382578492164612
9.382657051086426
9.396198511123657
9.396258473396301
9.38453757762909
9.384594082832336
9.390335440635681
9.390390992164612
9.393826127052307
9.393880486488342
9.387340903282166
9.38740599155426
9.372117042541504
9.372175574302673
9.38927698135376
9.389334082603455
9.381710052490234
9.381770014762878
9.397056460380554
9.39711344242096
9.420576572418213
9.420635104179382
9.397441029548645
9.397499561309814
9.411707401275635
9.411769986152649
9.38035249710083
9.380418539047241
9.385839462280273
9.385906457901001
9.327453017234802
9.32751452922821
9.328609943389893
9.328725934028625
9.340248942375183
9.340325474739075
9.354384422302246
9.354508399963379
9.349465489387512
9.349532008171082
9.353942632675171
9.35404360294342
9.372715950012207
9.372800946235657
9.361942887306213
9.362002491950989
9.364360570907593
9.364421486854553
9.375569581985474
9.375665545463562
9.389116048812866
9.3892080783844
9.384272933006287
9.384331464767456
9.407424092292786
9.407484531402588
9.412842392921448
9.412900924682617
9.432716488838196
9.432798862457275
9.451207041740417
9.451303005218506
9.453835010528564
9.453896045684814
9.488921046257019
9.489051580429077
9.477064490318298
9.477174043655396
9.472134470939636
9.472211956977844
9.472636103630066
9.47271716594696
9.481703519821167
9.481764554977417
9.496902346611023
9.496964454650879
9.506065487861633
9.506123423576355
9.512819409370422
9.513162851333618
9.501822471618652
9.50190806388855
9.505489587783813
9.505547523498535
9.473652601242065
9.473711967468262
9.47833788394928
9.478409886360168
9.491770148277283
9.491828560829163
9.474053025245667
9.474116563796997
9.485860586166382
9.485914945602417
9.472420454025269
9.472490429878235
9.47078251838684
9.470836520195007
9.482259035110474
9.482315063476562
9.473010420799255
9.4730703830719
9.476892948150635
9.476949095726013
9.464956045150757
9.465013027191162
9.470279574394226
9.47033953666687
9.483711957931519
9.483779549598694
9.485476970672607
9.485535502433777
9.425969958305359
9.42603063583374
9.398664474487305
9.39874804019928
9.376646041870117
9.376703977584839
9.378698468208313
9.378764510154724
9.353205919265747
9.353269934654236
9.37017047405243
9.37026035785675
9.366417050361633
9.366482496261597
9.364638328552246
9.364699363708496
9.357528567314148
9.357602596282959
9.35867702960968
9.358739018440247
9.402819871902466
9.402884006500244
9.404257535934448
9.404317021369934
9.411614894866943
9.411677479743958
9.415343403816223
9.415404438972473
9.458418011665344
9.458507537841797
9.534031391143799
9.534115552902222
9.531576037406921
9.53185248374939
9.516759872436523
9.516825437545776
9.540668606758118
9.540728449821472
9.52061402797699
9.520675420761108
9.509419918060303
9.509477853775024
9.544515490531921
9.544576048851013
9.536980986595154
9.537066459655762
9.561381936073303
9.56144106388092
9.538219571113586
9.538300037384033
9.567148447036743
9.567209005355835
9.584404587745667
9.584465026855469
9.565063953399658
9.565212965011597
9.607126593589783
9.607253074645996
9.640363454818726
9.64055597782135
9.652331590652466
9.652406573295593
9.652857542037964
9.65291953086853
9.722463965415955
9.722531914710999
9.714747548103333
9.714866995811462
9.707128524780273
9.70718801021576
9.734918475151062
9.734979033470154
9.7263765335083
9.726459503173828
9.741016387939453
9.741079926490784
9.761651515960693
9.761738538742065
9.746781587600708
9.746843099594116
9.759836554527283
9.759896516799927
9.766625881195068
9.76668643951416
9.784057021141052
9.784112930297852
9.769044041633606
9.76910150051117
9.769059538841248
9.769116044044495
9.76817500591278
9.768229961395264
9.759618997573853
9.759672045707703
9.73737645149231
9.737432479858398
9.752858996391296
9.752913475036621
9.746436953544617
9.746495842933655
9.752743005752563
9.752805471420288
9.770087957382202
9.770151495933533
9.790952444076538
9.791077494621277
9.820569515228271
9.820634603500366
9.848806500434875
9.848865985870361
9.848147511482239
9.84820556640625
9.848302483558655
9.848362565040588
9.839336037635803
9.839393138885498
9.849590420722961
9.84964632987976
9.85101056098938
9.851066589355469
9.834179043769836
9.834235072135925
9.85525357723236
9.855310559272766
9.859118938446045
9.859177470207214
9.869938492774963
9.869997024536133
9.894090056419373
9.8941490650177
9.885441064834595
9.885498046875
9.879772543907166
9.879830002784729
9.922868371009827
9.922924518585205
9.921408534049988
9.92146646976471
9.899073004722595
9.89914858341217
9.928840398788452
9.928928017616272
9.926504611968994
9.92656695842743
9.973083019256592
9.973149061203003
9.938898921012878
9.938966989517212
9.944103956222534
9.9441659450531
9.93831992149353
9.938404440879822
9.9677414894104
9.967805027961731
9.962127447128296
9.962188839912415
9.962062954902649
9.962122917175293
10.008540630340576
10.008619546890259
10.022319555282593
10.022471070289612
10.037914991378784
10.038005471229553
10.090922474861145
10.09099292755127
10.1058509349823
10.105904936790466
10.100710034370422
10.100771069526672
10.131595492362976
10.131643414497375
10.131521582603455
10.131569623947144
10.141361474990845
10.141409516334534
10.101275563240051
10.101332545280457
10.074288964271545
10.074341893196106
10.096705555915833
10.096752047538757
10.092057585716248
10.09210455417633
10.080614566802979
10.080660462379456
10.124509453773499
10.124556541442871
10.114246010780334
10.114301919937134
10.102933406829834
10.102981925010681
10.076881527900696
10.076928973197937
10.097586035728455
10.097633957862854
10.08772349357605
10.087772488594055
10.102067112922668
10.102117538452148
10.07483446598053
10.074892401695251
10.053238034248352
10.053284525871277
10.039228081703186
10.039277076721191
10.0264173746109
10.026468396186829
10.06624448299408
10.06637156009674
10.055538058280945
10.055585026741028
10.029568076133728
10.029615998268127
10.05902099609375
10.059067010879517
10.03003704547882
10.030094981193542
10.055084466934204
10.055132985115051
10.045387029647827
10.045442461967468
10.072547435760498
10.072602987289429
10.071479082107544
10.071529030799866
10.094722032546997
10.094775080680847
10.078841924667358
10.07889449596405
10.081569075584412
10.081620573997498
10.101263403892517
10.101319551467896
10.084737062454224
10.084797024726868
10.096617579460144
10.09666645526886
10.081591010093689
10.081729531288147
10.094910979270935
10.094960451126099
10.100040078163147
10.100136995315552
10.105353951454163
10.105406880378723
10.098526120185852
10.098602533340454
10.126849055290222
10.126898527145386
10.136284351348877
10.136344909667969
10.08205533027649
10.082104921340942
10.091402411460876
10.091450452804565
10.062561511993408
10.062609553337097
10.057827949523926
10.057878017425537
10.062903642654419
10.062977075576782
10.039323568344116
10.039404034614563
10.054012417793274
10.054061532020569
10.069347023963928
10.069396495819092
10.078842043876648
10.078889966011047
10.11515998840332
10.115208506584167
10.105438470840454
10.105486512184143
10.127254486083984
10.127303957939148
10.118322968482971
10.118376970291138
10.120482563972473
10.120531558990479
10.13805902004242
10.138127565383911
10.093923449516296
10.093981504440308
10.067530035972595
10.06758451461792
10.061338901519775
10.061387419700623
10.04679799079895
10.04686951637268
10.056712627410889
10.056783080101013
10.040830969810486
10.040886878967285
10.039143562316895
10.039209961891174
10.046223998069763
10.046296000480652
10.040443539619446
10.040495991706848
10.058189988136292
10.058280944824219
10.043312430381775
10.043377995491028
10.058550953865051
10.058617949485779
10.0524001121521
10.052481055259705
10.01280403137207
10.012858510017395
9.967671632766724
9.967754602432251
9.97545051574707
9.975500464439392
10.005579113960266
10.005634069442749
10.008095026016235
10.008183598518372
10.021135568618774
10.02122151851654
9.992083549499512
9.99213194847107
9.999256014823914
9.999308347702026
10.00506043434143
10.005107402801514
9.998037576675415
9.998103499412537
10.004064440727234
10.004125833511353
10.008906960487366
10.00898802280426
10.039222002029419
10.039482593536377
10.003113508224487
10.003195524215698
9.971961975097656
9.972010493278503
9.974834322929382
9.97496485710144
9.982021570205688
9.982088565826416
9.959170460700989
9.959231972694397
