3892.0
4551.5
4539.5
4579.5
4547.0
4552.5
4507.0
4510.5
4457.0
4460.5
4428.5
4554.0
4559.5
4628.0
4564.5
4578.0
4531.0
4542.0
4481.0
4492.0
4454.0
4481.0
4404.0
4431.0
4371.0
4381.0
4347.5
4393.5
4297.5
4389.5
4365.5
4409.5
4315.5
4359.5
4324.0
4309.5
4274.0
4416.5
4365.5
4366.5
4315.5
4316.5
4265.5
4356.0
4304.0
4341.5
4291.0
4291.5
4241.0
4241.5
4191.0
4314.5
4255.5
4322.5
4262.0
4272.5
4212.0
4252.0
4197.5
4202.0
4147.5
4174.0
4115.0
4124.0
4065.0
4074.0
4015.0
4139.0
4018.0
4089.0
4032.5
4073.0
4007.5
4023.0
3957.5
4038.0
3957.5
3988.0
3907.5
3998.5
3927.0
3948.5
3939.5
3967.5
3889.5
3917.5
3839.5
3867.5
3852.5
3905.5
3851.0
3904.0
3801.0
3854.0
3803.5
3804.0
3753.5
3935.5
3703.5
3909.5
3831.0
3859.5
3804.5
3809.5
3754.5
3944.5
3704.5
3894.5
3840.5
3844.5
3790.5
3820.0
3740.5
3770.0
3718.0
3749.0
3668.0
3699.0
3645.0
3780.0
3595.0
3768.0
3677.5
3718.0
3627.5
3704.0
3616.5
3654.0
3566.5
3604.0
3547.0
3620.5
3497.0
3570.5
3512.0
3567.0
3462.0
3517.0
3412.0
3513.5
3410.5
3463.5
3411.5
3475.5
3361.5
3425.5
3311.5
3375.5
3325.0
3415.5
3275.0
3379.0
3282.5
3355.0
3276.0
3305.0
3226.0
3305.5
3202.0
3255.5
3203.5
3254.5
3153.5
3204.5
3103.5
3154.5
3103.0
3163.5
3053.0
3113.5
3003.0
3063.5
3009.0
3070.0
2959.0
3068.5
2971.5
3018.5
2965.0
3061.0
2915.0
3011.0
2865.0
2961.0
2908.0
3126.5
10619.5
10682.5
10690.5
10632.5
10781.5
10824.0
10731.5
10824.5
10781.5
10812.5
10774.5
10797.5
10775.5
10815.0
10801.0
10824.5
10814.5
10815.5
10866.5
10883.5
10955.5
10968.0
10986.0
10993.0
10936.0
10943.0
11061.5
11078.0
11011.5
11068.5
10974.0
11018.5
10948.5
10982.5
10921.5
10955.0
10895.5
10930.5
10910.0
10937.5
10918.5
10948.5
10924.5
11006.5
10988.5
10956.5
10998.5
11041.5
11057.5
11054.0
11007.5
11063.0
10957.5
11013.0
11113.5
11102.5
11063.5
11128.5
11075.5
11144.5
11025.5
11094.5
11062.0
11118.0
11160.0
11205.0
11149.5
11204.5
11099.5
11154.5
11186.0
11222.0
11193.0
11220.0
11223.0
11248.5
11220.5
11262.0
11170.5
11212.0
11302.5
11338.5
11252.5
11288.5
11202.5
11298.5
11325.5
11345.5
11275.5
11295.5
11277.0
11309.0
11315.5
11315.0
11313.5
11309.5
11308.5
11329.0
11258.5
11338.0
11375.0
11398.0
11360.5
11394.0
11310.5
11344.0
11434.0
11463.0
11469.5
11511.5
11419.5
11461.5
11496.5
11525.0
11446.5
11536.5
11508.5
11551.0
11458.5
11501.0
11576.5
11582.0
11526.5
11599.5
11538.0
11549.5
11607.0
11632.5
11624.0
11663.0
11669.5
11713.5
11733.0
11769.5
11749.5
11784.0
11793.0
11835.0
12183.0
12246.0
12133.0
12196.0
12120.0
12162.5
12650.5
12707.0
12664.0
12721.5
12646.5
12671.5
12647.0
12691.0
13002.0
13047.0
12973.0
12997.0
12923.0
13001.5
13127.5
13174.5
13116.5
13124.5
13066.5
13135.0
13067.5
13153.0
13133.5
13185.5
13135.5
13135.5
13145.5
13224.5
13209.5
13271.5
13159.5
13221.5
13154.0
13171.5
13174.5
13248.0
13296.5
13347.5
13271.0
13308.5
13221.0
13258.5
13247.0
13278.5
13334.0
13358.5
13297.5
13317.0
13327.5
13307.5
13304.0
13231.0
13259.5
13289.0
13250.0
13260.5
13260.5
13294.0
13251.0
13329.5
13190.5
13347.5
13368.5
13385.0
13394.5
13404.5
13417.0
13412.5
13427.5
13463.5
13557.0
13550.0
13608.5
13554.5
13604.5
13505.5
13593.0
13574.5
13624.5
13624.0
13567.0
13633.0
13601.5
13574.5
13566.5
13551.5
13615.5
13657.5
13665.5
13707.0
13720.0
13725.0
13658.5
13686.5
13787.5
13774.5
13805.5
13758.5
13732.0
13766.0
13749.5
13838.0
13786.5
13901.0
13862.5
13818.5
13818.5
13841.5
13869.5
13910.5
13780.0
13910.5
13773.5
13833.0
13778.0
13768.0
13778.0
13818.0
13724.5
13771.5
13657.5
13738.5
13628.5
13667.5
13583.0
13613.0
13549.0
13547.0
13487.5
13508.5
13443.0
13453.0
13343.0
13453.0
13323.5
13372.5
13277.5
13318.5
13254.5
13241.5
13161.5
13234.5
13149.0
13147.0
13066.0
13130.0
13027.5
13068.5
13000.5
12995.5
12905.0
12991.0
12901.0
12895.0
12828.0
12868.0
12771.0
12825.0
12771.0
12725.0
12708.5
12687.5
12608.5
12687.5
12595.0
12601.0
12546.5
12549.5
12496.5
12499.5
12443.5
12452.5
12393.5
12402.5
12343.5
12352.5
12308.0
12288.0
12258.0
12238.0
12199.0
12197.0
12119.0
12177.0
12063.0
12133.0
12046.5
12049.5
12000.0
11996.0
11950.0
11946.0
11854.5
11941.5
11824.5
11871.5
11792.0
11804.0
11755.0
11741.0
11700.0
11696.0
11689.5
11606.5
11628.5
11567.5
11545.5
11550.5
11485.0
11511.0
11445.5
11450.5
11388.0
11408.0
11343.0
11353.0
11303.0
11293.0
11238.0
11258.0
11182.5
11213.5
11154.5
11141.5
11079.5
11116.5
11035.5
11060.5
10998.0
10998.0
10926.5
10969.5
10883.0
10913.0
10846.5
10849.5
10833.0
10763.0
10755.0
10741.0
10683.0
10713.0
10648.5
10647.5
10599.0
10597.0
10548.0
10548.0
10498.0
10498.0
10445.5
10450.5
10397.5
10398.5
10343.5
10352.5
10300.5
10295.5
10250.5
10245.5
10196.0
10200.0
10144.5
10151.5
10097.0
10099.0
10049.5
10046.5
9994.0
10002.0
9944.0
9952.0
9899.0
9897.0
9846.0
9850.0
9746.0
9850.0
9707.5
9788.5
9698.0
9698.0
9607.5
9688.5
9590.5
9605.5
9514.0
9582.0
9468.5
9527.5
9468.5
9427.5
9394.5
9401.5
9357.0
9339.0
9295.5
9300.5
9264.5
9231.5
9203.5
9192.5
9168.5
9127.5
9102.0
9094.0
9082.5
9013.5
9008.5
8987.5
8941.0
8955.0
8920.5
8875.5
8847.5
8848.5
8814.5
8781.5
8733.0
8763.0
8643.5
8752.5
8632.5
8663.5
8596.5
8599.5
8550.5
8545.5
8501.5
8494.5
8452.0
8444.0
8403.0
8393.0
8348.0
8348.0
8278.0
8318.0
8246.5
8249.5
8197.5
8198.5
8147.5
8148.5
8100.5
8095.5
8050.5
8045.5
7992.5
8003.5
7945.5
7950.5
7897.0
7899.0
7847.0
7849.0
7808.0
7788.0
7758.0
7738.0
7698.0
7698.0
7656.0
7640.0
7606.0
7590.0
7547.0
7549.0
7494.5
7501.5
7444.5
7451.5
7403.0
7393.0
7353.0
7343.0
7343.5
7252.5
7262.5
7233.5
7234.5
7161.5
7219.5
7076.5
7119.5
7076.5
7073.0
7023.0
7073.0
6923.0
7014.5
6881.5
6914.5
6881.5
6879.0
6817.0
6830.5
6765.5
6730.5
6765.5
6711.0
6685.0
6663.5
6632.5
6614.5
6581.5
6555.0
6541.0
6519.0
6477.0
6471.0
6425.0
6404.5
6391.5
6396.0
6300.0
6298.5
6297.5
6278.5
6217.5
6210.0
6186.0
6184.0
6112.0
6100.5
6095.5
6094.5
6001.5
6005.5
5990.5
5991.5
5904.5
5920.0
5876.0
5822.0
5874.0
5787.0
5809.0
5752.0
5744.0
5675.0
5721.0
5637.0
5659.0
5594.5
5601.5
5534.5
5561.5
5494.0
5502.0
5439.5
5456.5
5392.0
5404.0
5347.5
5348.5
5297.5
5298.5
5247.5
5248.5
5199.0
5197.0
5149.0
5147.0
5103.0
5093.0
5048.0
5048.0
4968.5
5027.5
4920.0
4976.0
4872.0
4924.0
4833.5
4862.5
4733.5
4862.5
4718.5
4777.5
4674.5
4721.5
4574.5
4721.5
4552.5
4643.5
4540.5
4555.5
4440.5
4555.5
4391.0
4505.0
4391.0
4405.0
4317.0
4379.0
4250.5
4345.5
4250.5
4245.5
4181.0
4215.0
4149.0
4147.0
4056.0
4140.0
4038.0
4058.0
3976.5
4019.5
3876.5
4019.5
3800.5
3995.5
3800.5
3895.5
3800.5
3795.5
3702.5
3793.5
3670.5
3725.5
3629.0
3667.0
3570.5
3625.5
3529.0
3567.0
3491.5
3504.5
3428.0
3468.0
3328.0
3468.0
3276.5
3419.5
3276.5
3319.5
3221.5
3274.5
3205.5
3190.5
3155.5
3140.5
3104.0
3092.0
3025.0
3071.0
2999.0
2997.0
2928.0
2968.0
2877.5
2918.5
2834.0
2862.0
2764.5
2831.5
2750.0
2746.0
2670.0
2726.0
2649.0
2647.0
2565.5
2630.5
2550.5
2545.5
2492.0
2504.0
2442.0
2454.0
2376.0
2420.0
2305.5
2390.5
2296.5
2299.5
2234.0
2262.0
2198.5
2197.5
2129.5
2166.5
2089.0
2107.0
2045.0
2051.0
1972.0
2024.0
1935.5
1960.5
1890.5
1905.5
1834.0
1862.0
1799.0
1797.0
1718.0
1778.0
1702.0
1694.0
1627.0
1669.0
1566.5
1629.5
1549.0
1547.0
1498.0
1498.0
1443.5
1452.5
1396.5
1399.5
1338.5
1357.5
1307.0
1289.0
1227.5
1268.5
1216.5
1179.5
1150.0
1146.0
1104.5
1091.5
1089.5
1006.5
989.5
1006.5
911.5
984.5
904.5
891.5
848.0
848.0
786.0
810.0
725.0
771.0
712.0
684.0
635.0
661.0
603.5
592.5
540.5
555.5
505.5
490.5
464.0
432.0
389.5
406.5
351.5
344.5
289.0
307.0
248.0
248.0
203.0
193.0
146.5
149.5
86.0
110.0
46.5
49.5
-2.0
-2.0
