2.917968988418579
2.977292776107788
3.038673758506775
3.125374972820282
3.224227726459503
3.340395987033844
3.438574492931366
3.499914050102234
3.590057373046875
3.6708266735076904
3.7641712427139282
3.8446484804153442
3.9190906286239624
3.989670157432556
4.2195205092430115
4.295013010501862
4.385643422603607
4.472037732601166
4.544432997703552
4.82341605424881
4.911930799484253
5.000431001186371
5.103125035762787
5.183722198009491
5.3067784905433655
5.4016464948654175
5.504961311817169
5.598523437976837
5.698833525180817
5.778542518615723
5.9291751980781555
6.033710777759552
6.102353274822235
6.163923740386963
6.273300766944885
6.30879682302475
6.371127724647522
6.521724283695221
6.637369513511658
6.719116568565369
6.797980785369873
6.938785254955292
7.031290531158447
7.136826753616333
7.192780494689941
7.258433043956757
7.306578040122986
7.343493163585663
7.352400243282318
7.382847905158997
7.380117475986481
7.449675738811493
7.460301518440247
7.485356330871582
7.503022789955139
7.551336050033569
7.541912794113159
7.608743607997894
7.660236418247223
7.638705492019653
7.656153500080109
7.776538789272308
7.7896013259887695
7.807521462440491
7.865758955478668
7.885340750217438
7.915902018547058
7.915440499782562
7.964780747890472
7.972392022609711
8.002350747585297
8.01551902294159
8.05099630355835
8.069449961185455
8.0899658203125
8.108656167984009
8.123638331890106
8.148918569087982
8.1506667137146
8.17781525850296
8.190552711486816
8.218771755695343
8.243632972240448
8.267105042934418
8.331900238990784
8.334561824798584
8.38890427350998
8.423250794410706
8.43520474433899
8.446174681186676
8.46026349067688
8.519179224967957
8.676675796508789
8.637469947338104
8.68315076828003
8.727437973022461
8.748377084732056
8.754962742328644
8.798993527889252
8.801294982433319
8.839732646942139
8.888550519943237
8.913128018379211
8.983439981937408
8.989729702472687
9.220456302165985
9.273548007011414
9.286536276340485
9.324845314025879
9.195184767246246
9.262062966823578
9.260042548179626
9.31851977109909
9.311758935451508
9.334267437458038
9.342029988765717
9.40494054555893
9.445152521133423
9.451699614524841
9.493675887584686
9.48768025636673
9.533441960811615
9.528659522533417
9.568998992443085
9.589081764221191
9.625583529472351
9.651988983154297
9.698362052440643
9.714108049869537
9.765850007534027
9.782405018806458
9.826121509075165
9.870636522769928
9.892694473266602
9.93487298488617
9.968940496444702
10.030343353748322
10.048750758171082
10.068173229694366
10.092255234718323
10.114905059337616
10.138126969337463
10.171171307563782
10.193723738193512
10.220860719680786
10.258505880832672
10.271242797374725
10.32530128955841
10.335566222667694
10.366144359111786
10.382196962833405
10.411848962306976
10.453471779823303
10.473072111606598
10.497842252254486
10.510148227214813
10.56051880121231
11.032544374465942
11.038890719413757
11.070178270339966
11.088599562644958
11.116558730602264
11.56560617685318
11.579905688762665
11.62255448102951
11.643293261528015
11.65489548444748
11.71688026189804
11.722967505455017
11.752062439918518
11.79321002960205
11.814409494400024
11.844905018806458
11.871917128562927
11.893326759338379
11.907194912433624
11.94665676355362
11.981468200683594
12.001847326755524
12.023806035518646
12.07231080532074
12.100646257400513
12.14242672920227
12.160370230674744
12.189652562141418
12.214499771595001
12.250915050506592
12.273176491260529
12.290727436542511
12.321039736270905
12.33908349275589
12.371704280376434
12.38749372959137
12.431351482868195
12.44833528995514
12.464520454406738
12.479551076889038
12.529890537261963
12.546889424324036
12.584038734436035
12.608481228351593
12.647951245307922
12.683079361915588
12.720718801021576
12.721172273159027
12.76333475112915
12.782864212989807
12.78483647108078
12.8215371966362
12.868266522884369
12.88468599319458
12.910757720470428
12.951387286186218
12.956458508968353
12.969627261161804
13.006905555725098
13.018380761146545
13.04941576719284
13.095475018024445
13.123726785182953
13.13137972354889
13.157727539539337
13.188534259796143
13.220164239406586
13.232268512248993
13.30815476179123
13.35044002532959
13.370035469532013
13.373622715473175
13.407113254070282
13.446442246437073
13.462668776512146
13.480856835842133
13.52240651845932
13.552333533763885
13.573667287826538
13.613657534122467
13.62272047996521
13.639824271202087
13.66963130235672
13.708881974220276
13.728255033493042
13.751207292079926
13.760699570178986
13.804454922676086
13.811983466148376
13.833169281482697
13.85646802186966
13.870860278606415
