3.244441270828247
3.2446492314338684
3.392589569091797
3.3965224623680115
3.5019620060920715
3.5021473169326782
3.5695847272872925
3.56965434551239
3.7510812878608704
3.7511579990386963
3.898943603038788
3.8990156054496765
4.026255011558533
4.026371240615845
4.234862327575684
4.234930753707886
4.33623194694519
4.336309731006622
4.476590991020203
4.476671278476715
4.573127031326294
4.573190987110138
4.698549032211304
4.698620021343231
4.801499783992767
4.801565527915955
4.994040250778198
4.994101524353027
5.152374505996704
5.152442574501038
5.245439767837524
5.245564699172974
5.254711747169495
5.25478321313858
5.2569727301597595
5.257035315036774
5.292813062667847
5.292874813079834
5.277218520641327
5.277278482913971
5.2347264885902405
5.2347864508628845
5.264025092124939
5.264085054397583
5.279660761356354
5.27972149848938
5.296563446521759
5.296625256538391
5.692889928817749
5.692976653575897
5.680417954921722
5.6804826855659485
5.695277154445648
5.695347726345062
5.688714027404785
5.688773214817047
5.665016770362854
5.665075719356537
5.386321723461151
5.386385500431061
5.418166279792786
5.4182257652282715
5.536499738693237
5.536558985710144
5.490827262401581
5.490890026092529
5.7177658677101135
5.717832028865814
5.768356740474701
5.7684184312820435
5.717252731323242
5.717313230037689
5.743441998958588
5.74350368976593
5.906941175460815
5.9070019125938416
5.722813010215759
5.722886264324188
5.92957603931427
5.929646611213684
5.926402509212494
5.926464021205902
5.944932222366333
5.944994509220123
5.93015319108963
5.930215060710907
5.98226398229599
5.9823384284973145
5.915351986885071
5.915414214134216
5.906704783439636
5.906780540943146
5.932005763053894
5.932090401649475
5.876067757606506
5.876186788082123
5.8956674337387085
5.895765900611877
5.934491038322449
5.934552788734436
6.219354271888733
6.219420492649078
6.209322214126587
6.209383487701416
6.18973445892334
6.189795792102814
6.180025041103363
6.180085718631744
6.4134692549705505
6.413529992103577
6.294466733932495
6.294525444507599
6.347183346748352
6.347243785858154
6.354399561882019
6.354459226131439
6.623250484466553
6.623311221599579
6.645642817020416
6.645703017711639
6.401904761791229
6.401964783668518
6.41828840970993
6.418350040912628
6.398366093635559
6.398425042629242
6.434174537658691
6.434235513210297
6.417957007884979
6.418016791343689
6.3067169189453125
6.306805968284607
6.352760553359985
6.352835714817047
6.731322467327118
6.731385052204132
6.477948546409607
6.47800999879837
6.751280963420868
6.751348435878754
6.770139038562775
6.770212769508362
6.541773021221161
6.541846752166748
6.612245976924896
6.612309038639069
6.599153697490692
6.5992162227630615
6.851594269275665
6.851657569408417
6.878547251224518
6.878608226776123
6.876018941402435
6.876083791255951
7.363196909427643
7.363258719444275
7.352027356624603
7.352090299129486
7.340375483036041
7.3404430747032166
7.3348992466926575
7.334961414337158
7.327474057674408
7.32753723859787
7.334579527378082
7.334653317928314
7.324597775936127
7.324675738811493
7.4104310274124146
7.410494804382324
7.520759999752045
7.520831763744354
7.511955797672272
7.512021958827972
7.523569107055664
7.5236316323280334
7.522648274898529
7.522720515727997
7.511510491371155
7.5115731954574585
7.511835277080536
7.511898756027222
7.500885784626007
7.500947296619415
7.499421954154968
7.4994834661483765
7.493323802947998
7.49338573217392
7.460877239704132
7.460940659046173
7.460046052932739
7.4601083397865295
7.459693491458893
7.459768295288086
7.563664793968201
7.563732922077179
7.5604389905929565
7.560501515865326
7.928087472915649
7.9281492829322815
7.9210657477378845
7.921129286289215
8.253264904022217
8.253325998783112
8.24373972415924
8.243800461292267
8.311285555362701
8.3113471865654
8.309754729270935
8.309834241867065
8.31400054693222
8.314060032367706
8.402330040931702
8.402415812015533
8.400350987911224
8.400420188903809
8.56117856502533
8.561239778995514
8.561304330825806
8.561366319656372
8.542573094367981
8.542637526988983
8.589955806732178
8.590015530586243
8.565877735614777
8.56593805551529
8.678572058677673
8.678631722927094
8.681882977485657
8.681956231594086
8.67789375782013
8.677994430065155
8.663345754146576
8.663406014442444
8.755568981170654
8.755645990371704
8.751235008239746
8.751331269741058
8.855460405349731
8.855521738529205
8.835202157497406
8.835263729095459
8.833460450172424
8.83352142572403
8.821433067321777
8.821492731571198
8.830368459224701
8.830428779125214
9.472658038139343
9.472717463970184
9.56229829788208
9.562357485294342
9.55413281917572
9.554194271564484
9.549900650978088
9.549959421157837
9.688528299331665
9.688587725162506
9.709183156490326
9.709248900413513
9.673028290271759
9.673086285591125
9.790027976036072
9.79008799791336
9.753849446773529
9.753922998905182
9.713462710380554
9.71352368593216
9.775479674339294
9.775539517402649
9.78204721212387
9.78211796283722
9.74818879365921
9.748247981071472
9.798157572746277
9.798216581344604
9.798599541187286
9.798660039901733
9.791406810283661
9.791470527648926
9.786209762096405
9.786270558834076
9.977666437625885
9.977725446224213
9.952710151672363
9.952769339084625
9.968590438365936
9.968653976917267
10.217143058776855
10.21720176935196
10.04453420639038
10.044594705104828
9.948807716369629
9.948869943618774
9.931854486465454
9.93191373348236
10.209040462970734
10.209117233753204
10.195656657218933
10.195731699466705
10.215731739997864
10.215795278549194
10.302399337291718
10.302457809448242
10.24930876493454
10.249367713928223
10.237369000911713
10.23742949962616
10.22811096906662
10.228170692920685
10.414565086364746
10.41462504863739
10.430968165397644
10.431045472621918
10.291117787361145
10.291180789470673
10.324457228183746
10.324523687362671
10.128642201423645
10.128702044487
10.173539519309998
10.173598766326904
10.160317301750183
10.160375475883484
10.458177268505096
10.458244264125824
10.44093370437622
10.441021502017975
10.603466510772705
10.60352623462677
10.560984015464783
10.56105226278305
10.590089738368988
10.590148508548737
10.718496024608612
10.718556702136993
10.78314459323883
10.783204317092896
10.830877482891083
10.83093672990799
10.829734027385712
10.82979303598404
10.88311380147934
10.88317334651947
10.756508111953735
10.756571114063263
10.74467796087265
10.744751989841461
10.753060936927795
10.753121435642242
10.81660920381546
10.816734910011292
10.903513967990875
10.903667509555817
10.968608498573303
10.968678057193756
11.190036714076996
11.190620720386505
11.263571977615356
11.263651728630066
11.25137972831726
11.251444458961487
11.114436745643616
11.11450845003128
11.144177496433258
11.144240021705627
11.261346518993378
11.261406481266022
11.202815055847168
11.202878057956696
11.493154764175415
11.493237495422363
11.495600700378418
11.495664238929749
11.515373051166534
11.515437006950378
11.507134079933167
11.507195770740509
11.517672777175903
11.517739236354828
11.511025309562683
11.511087536811829
11.516915798187256
11.516976535320282
11.488207697868347
11.488278031349182
11.626401782035828
11.62646371126175
11.627609252929688
11.627669751644135
11.64975756406784
11.649819552898407
11.645773530006409
11.64584732055664
11.655577540397644
11.655645430088043
11.674925208091736
11.674987196922302
11.716566562652588
11.716628432273865
11.73525470495224
11.73532247543335
11.73432868719101
11.734393179416656
11.820877015590668
11.820938467979431
11.803734481334686
11.803816676139832
11.992090702056885
11.992152035236359
11.9875807762146
11.987641513347626
12.08649456501007
12.0865558385849
12.095176219940186
12.095237255096436
12.096972584724426
12.097034513950348
12.342347264289856
12.342407763004303
12.34205949306488
12.342119216918945
12.342159807682037
12.342233121395111
12.347956538200378
12.348019003868103
12.583941638469696
12.584002673625946
12.578123033046722
12.578183770179749
12.582006216049194
12.58206844329834
12.713243544101715
12.713309586048126
12.717881321907043
12.71794307231903
12.703644514083862
12.703707039356232
12.720979452133179
12.721045434474945
12.724267184734344
12.724332690238953
12.705707967281342
12.705768764019012
12.729902029037476
12.729963958263397
12.74236661195755
12.742442429065704
12.975613236427307
12.975684762001038
13.206136405467987
13.206199705600739
13.208004236221313
13.208065748214722
13.194279432296753
13.194344997406006
13.198102295398712
13.198167979717255
13.224160015583038
13.224221289157867
13.21571171283722
13.215778231620789
13.199733018875122
13.199806988239288
13.210286438465118
13.210371255874634
13.37949401140213
13.379555523395538
13.53501671552658
13.535078942775726
13.526336550712585
13.526398241519928
13.537636458873749
13.537722885608673
13.53254920244217
13.532610714435577
13.52392703294754
13.52401727437973
13.521280288696289
13.521341800689697
13.531260251998901
13.53133374452591
13.534810781478882
13.534871220588684
13.52468228340149
13.524743795394897
13.521216750144958
13.521278262138367
13.523140549659729
13.523201584815979
13.532798647880554
13.53286099433899
13.525494515895844
13.52555525302887
13.520332753658295
13.520395517349243
13.52268934249878
13.52274876832962
