5548.0
4607.0
6098.5
6148.0
6048.5
6098.0
5998.5
6048.0
5948.5
5998.0
5898.5
5948.0
5848.5
5898.0
5798.5
5848.0
5748.5
5798.0
5698.5
5748.0
5648.5
5698.0
5598.5
5648.0
5548.5
5598.0
5498.5
5548.0
5448.5
5498.0
5398.5
5448.0
5348.5
5398.0
5298.5
5348.0
5248.5
5298.0
5198.5
5248.0
5148.5
5198.0
5098.5
5148.0
5048.5
5098.0
4998.5
5048.0
4948.5
4998.0
4898.5
4948.0
4848.5
4898.0
4798.5
4848.0
4748.5
4798.0
4698.5
4748.0
4648.5
4698.0
4598.5
4648.0
4548.5
4598.0
4498.5
4548.0
4448.5
4498.0
4398.5
4448.0
4348.5
4398.0
4298.5
4348.0
4248.5
4298.0
4198.5
4248.0
4148.5
4198.0
4098.5
4148.0
4048.5
4098.0
3998.5
4048.0
3948.5
3998.0
3898.5
3948.0
3848.5
3898.0
3798.5
3848.0
3748.5
3798.0
3698.5
3748.0
3648.5
3698.0
3598.5
3648.0
3548.5
3598.0
3498.5
3548.0
3448.5
3498.0
3398.5
3448.0
3348.5
3398.0
3298.5
3348.0
3248.5
3298.0
3198.5
3248.0
3148.5
3198.0
3098.5
3148.0
3048.5
3098.0
2998.5
3048.0
2948.5
2998.0
2898.5
2948.0
2848.5
2898.0
2798.5
2848.0
2748.5
2798.0
2698.5
2748.0
2648.5
2698.0
2598.5
2648.0
2548.5
2598.0
2498.5
2548.0
2448.5
2498.0
2398.5
2448.0
2348.5
2398.0
2298.5
2348.0
2248.5
2298.0
2198.5
2248.0
2148.5
2198.0
2098.5
2148.0
2048.5
2098.0
1998.5
2048.0
1948.5
1998.0
1898.5
1948.0
1848.5
1898.0
1798.5
1848.0
1748.5
1798.0
1698.5
1748.0
1648.5
1698.0
1598.5
1648.0
1548.5
1598.0
1498.5
1548.0
1448.5
1498.0
1398.5
1448.0
1348.5
1398.0
1298.5
1348.0
1248.5
1298.0
1199.0
4372.75
1174.0
4297.75
4262.75
4233.5
4212.75
4183.5
4162.75
4133.5
4112.75
4083.5
4062.75
4033.5
4012.75
3983.5
3962.75
3933.5
3912.75
3883.5
3862.75
3833.5
3812.75
3783.5
3762.75
3733.5
3712.75
3683.5
3662.75
3633.5
3612.75
3583.5
3562.75
3533.5
3512.75
3483.5
3462.75
3433.5
3412.75
3383.5
3362.75
3333.5
3312.75
3283.5
3262.75
3233.5
3212.75
3183.5
3162.75
3133.5
6262.0
6184.0
6212.0
6134.0
6162.0
6084.0
6112.0
6034.0
6062.0
5984.0
6012.0
5934.0
5962.0
5884.0
5912.0
5834.0
5862.0
5784.0
5812.0
5734.0
5762.0
5684.0
5712.0
5634.0
5662.0
5584.0
5612.0
5534.0
5562.0
5484.0
5512.0
5434.0
5462.0
5384.0
5412.0
5334.0
5362.0
5284.0
5312.0
5234.0
5262.0
5184.0
5212.0
5134.0
5162.0
5084.0
5112.0
5034.0
5062.0
4984.0
5012.0
4934.0
4962.0
4884.0
4912.0
4834.0
4862.0
4784.0
4812.0
4734.0
4762.0
4684.0
4712.0
4634.0
4662.0
4584.0
4612.0
4534.0
4562.0
4484.0
4512.0
4434.0
4462.0
4384.0
4412.0
4334.0
4362.0
4284.0
4312.0
4234.0
4262.0
4184.0
4212.0
4134.0
4162.0
4084.0
4112.0
4034.0
4062.0
3984.0
4012.0
3934.0
3962.0
3884.0
3912.0
3834.0
3862.0
3784.0
3812.0
3734.0
3762.0
3684.0
3712.0
3634.0
3662.0
3584.0
3612.0
3534.0
3562.0
3484.0
3512.0
3434.0
3462.0
3384.0
3412.0
3334.0
3362.0
3284.0
3312.0
3234.0
3262.0
3184.0
3212.0
3134.0
3162.0
3084.0
3112.0
3034.0
3062.0
2984.0
3012.0
2934.0
2962.0
2884.0
2912.0
2834.0
2862.0
2784.0
2812.0
2734.0
2762.0
2684.0
2712.0
2634.0
2662.0
2584.0
2612.0
2534.0
2562.0
2484.0
2512.0
2434.0
2462.0
2384.0
2412.0
2334.0
2362.0
2284.0
2312.0
2234.0
2262.0
2184.0
2212.0
2134.0
2162.0
2084.0
2112.0
2034.0
2062.0
1984.0
2014.0
1932.0
1989.0
1857.0
1964.0
1782.0
1939.0
1707.0
1914.0
1632.0
1889.0
1557.0
1864.0
1482.0
1839.0
1407.0
1814.0
1332.0
1789.0
1257.0
1764.0
1182.0
1739.0
1107.0
1714.0
1032.0
1689.0
957.0
1664.0
882.0
1639.0
807.0
1589.0
757.0
1539.0
707.0
1489.0
657.0
1439.0
607.0
1389.0
557.0
1339.0
507.0
1289.0
457.0
1239.0
407.0
1172.5
373.5
1097.5
348.5
1022.5
323.5
947.5
298.5
872.5
273.5
797.5
248.5
722.5
223.5
647.5
198.5
572.5
173.5
497.5
148.5
422.5
123.5
347.5
98.5
272.5
73.5
197.5
48.5
122.5
23.5
47.5
-1.5
