2954.5
1906.625
3200.125
1875.0
3312.375
1837.5
3456.5
1844.0
3475.0
1892.5
3496.0
2100.75
3433.5
2063.25
3371.0
2025.75
3308.5
1988.25
3246.0
1950.75
3183.5
1913.25
3121.0
1875.75
3058.5
1838.25
2996.0
1800.75
2933.5
1763.25
2871.0
1725.75
2808.5
1688.25
2746.0
1650.75
2683.5
1613.25
2621.0
1575.75
2558.5
1538.25
2496.0
1500.75
2433.5
1463.25
2371.0
1425.75
2308.5
1388.25
2246.0
1350.75
2183.5
1313.25
2121.0
1275.75
2058.5
1238.25
1996.0
1200.75
1933.5
1163.25
1871.0
1125.75
1808.5
1088.25
1746.0
1050.75
1683.5
1013.25
1621.0
975.75
1558.5
938.25
1496.0
900.75
2210.125
863.625
2135.125
838.625
2060.125
813.625
1985.125
788.625
1910.125
763.625
1835.125
738.625
1760.125
713.625
1685.125
688.625
1610.125
663.625
1535.125
638.625
1460.125
613.625
1385.125
588.625
1310.125
563.625
1235.125
538.625
1160.125
513.625
1085.125
488.625
1010.125
463.625
941.5
1209.0
879.0
1171.5
816.5
1134.0
754.0
1096.5
691.5
1059.0
629.0
1021.5
1365.125
3327.375
2104.5
4041.5
2067.0
3979.0
2029.5
3916.5
1992.0
3854.0
1954.5
3791.5
1917.0
3729.0
1879.5
3666.5
1842.0
3604.0
1804.5
3541.5
1767.0
3479.0
1729.5
3416.5
1692.0
3354.0
1654.5
3291.5
1617.0
3229.0
1579.5
3166.5
1542.0
3104.0
1504.5
3041.5
1467.0
2979.0
1429.5
2916.5
1392.0
2854.0
1354.5
2791.5
1317.0
2729.0
1279.5
2666.5
1242.0
2604.0
1204.5
2541.5
1167.0
2479.0
1129.5
2416.5
1092.0
2354.0
1054.5
2291.5
1017.0
2229.0
979.5
2166.5
942.0
2104.0
904.5
2041.5
867.0
1979.0
835.125
1910.875
810.125
1835.875
775.5
1770.5
738.0
1708.0
688.875
1657.125
643.625
1602.375
606.125
1539.875
568.625
1477.375
532.25
1413.75
507.25
1338.75
482.25
1263.75
457.25
1188.75
432.25
1113.75
407.25
1038.75
382.25
963.75
357.25
888.75
332.25
813.75
307.25
738.75
282.25
663.75
257.25
588.75
232.25
513.75
207.25
438.75
182.25
363.75
157.25
288.75
132.25
213.75
98.25
147.75
60.75
85.25
23.25
22.75
