2.809400498867035
2.809559017419815
2.90132212638855
2.901440441608429
2.951065093278885
2.951139658689499
3.134757697582245
3.135343700647354
3.355289340019226
3.3566878736019135
3.624609261751175
3.624932646751404
3.8068244755268097
3.8070925176143646
4.010710120201111
4.0117524564266205
4.20195659995079
4.202126145362854
4.355585485696793
4.355794847011566
4.480529099702835
4.480619102716446
4.6923341155052185
4.697007060050964
4.901983588933945
4.902401924133301
5.120035737752914
5.120279490947723
5.18765851855278
5.18794572353363
5.167620897293091
5.16776368021965
5.202806442975998
5.2029187977313995
5.326893389225006
5.327132165431976
5.351699143648148
5.351809501647949
5.356173008680344
5.356289893388748
5.461395114660263
5.461527615785599
5.437274098396301
5.437411725521088
5.361376374959946
5.361454367637634
5.2930236756801605
5.293132096529007
5.49678361415863
5.496940761804581
5.482409775257111
5.482478648424149
5.511496126651764
5.511605948209763
5.473261624574661
5.473327577114105
5.639646023511887
5.639722913503647
5.639756798744202
5.639823138713837
5.691455960273743
5.691555857658386
5.7904351353645325
5.790522366762161
6.013085424900055
6.013171434402466
5.814141869544983
5.814210772514343
5.7869338393211365
5.787014663219452
5.826694041490555
5.826875984668732
5.785633832216263
5.785715490579605
5.923968106508255
5.9240602850914
6.072999179363251
6.073065668344498
6.040726184844971
6.040817469358444
6.304094314575195
6.304162949323654
6.320442765951157
6.32066485285759
6.438703000545502
6.438868135213852
6.374679327011108
6.374754697084427
6.304456353187561
6.304534494876862
6.568657249212265
6.568748384714127
6.496002405881882
6.496098875999451
6.559596866369247
6.5596882700920105
6.70723557472229
6.707301378250122
6.620783567428589
6.620849937200546
6.706647634506226
6.706708759069443
6.860139906406403
6.860223144292831
6.823212206363678
6.823283791542053
6.795985996723175
6.796054512262344
6.996613323688507
6.997214734554291
7.229868441820145
7.229981750249863
7.236792951822281
7.236879467964172
7.210010349750519
7.210078448057175
7.260339140892029
7.2604049146175385
7.255408018827438
7.255504369735718
7.260936856269836
7.261018335819244
7.875281244516373
7.875346511602402
8.14278718829155
8.142846763134003
8.23512926697731
8.235210061073303
8.256939738988876
8.257000714540482
8.236693978309631
8.236763715744019
8.269496262073517
8.269559562206268
8.322835505008698
8.32289931178093
8.414484202861786
8.414547383785248
8.431493878364563
8.43156898021698
8.401374399662018
8.401434898376465
8.36414548754692
8.36420276761055
8.323487371206284
8.323548555374146
8.39653530716896
8.396597146987915
8.455195009708405
8.455275505781174
8.541622132062912
8.54168552160263
8.449136346578598
8.449199467897415
8.60869613289833
8.60877114534378
8.641198724508286
8.641271084547043
8.61963701248169
8.619693964719772
8.626910895109177
8.626970410346985
8.642203211784363
8.642267107963562
8.588808000087738
8.588876098394394
8.650622993707657
8.650691568851471
8.837995171546936
8.83805850148201
8.834700614213943
8.834772527217865
8.792074084281921
8.792136490345001
8.70839411020279
8.70848086476326
8.847569972276688
8.84768545627594
8.861720144748688
8.861789792776108
8.925828665494919
8.925891906023026
8.797609716653824
8.797680079936981
9.081934362649918
9.081995993852615
8.976503282785416
8.976576268672943
8.93444237112999
8.934504121541977
9.074254184961319
9.074329823255539
9.166866064071655
9.166929334402084
9.120320111513138
9.120394200086594
9.139176428318024
9.139247119426727
9.338024646043777
9.338097959756851
9.47474119067192
9.474801808595657
9.648660272359848
9.648723781108856
9.601830184459686
9.601888865232468
9.590668708086014
9.590727865695953
9.655941873788834
9.656056344509125
9.820514053106308
9.820585757493973
9.715597987174988
9.715657711029053
9.86700987815857
9.867076098918915
9.902959614992142
9.903028130531311
9.861689269542694
9.861762791872025
9.886654615402222
9.886740446090698
9.97018414735794
9.970249146223068
10.148274540901184
10.148346155881882
10.101344555616379
10.101405203342438
10.0963713824749
10.096637457609177
10.151275128126144
10.151350289583206
10.275470852851868
10.275548756122589
10.248163282871246
10.248231291770935
10.523501485586166
10.523576259613037
10.471245855093002
10.471310585737228
10.449496418237686
10.449565291404724
10.444241255521774
10.44430473446846
10.446244239807129
10.44630452990532
10.39275598526001
10.392813980579376
