5.1354745626449585
5.135536074638367
5.117613792419434
5.117698788642883
5.144461989402771
5.144522726535797
5.318287789821625
5.318346202373505
5.279743731021881
5.279799699783325
5.2600217461586
5.260083973407745
5.201788008213043
5.201847493648529
5.300865709781647
5.300923228263855
5.316819727420807
5.316892504692078
5.360773980617523
5.360838174819946
5.261894643306732
5.261952221393585
5.334450721740723
5.3345067501068115
5.353722512722015
5.353779435157776
5.259225904941559
5.259283006191254
5.44561094045639
5.445669710636139
5.437456011772156
5.437516033649445
5.587870955467224
5.587936222553253
5.57531476020813
5.575372338294983
5.575569272041321
5.5756494998931885
5.569891273975372
5.569956302642822
5.759707748889923
5.759789347648621
5.570928335189819
5.571002006530762
5.754734516143799
5.754793226718903
5.753573179244995
5.7536410093307495
5.747630536556244
5.747698783874512
5.632664740085602
5.63272500038147
5.633764922618866
5.633824408054352
5.709355175495148
5.70943295955658
5.752977013587952
5.7530452609062195
5.832503020763397
5.832568287849426
5.881028592586517
5.88109290599823
6.101056933403015
6.101123690605164
6.0815958976745605
6.081654965877533
5.9807703495025635
5.980828762054443
6.091705679893494
6.091763377189636
6.029428243637085
6.029489278793335
6.003494560718536
6.003560304641724
5.992376744747162
5.992434024810791
5.873996734619141
5.874052464962006
5.99466210603714
5.994735836982727
5.949256181716919
5.949318468570709
5.857795238494873
5.857857048511505
5.841006934642792
5.841071903705597
5.945309221744537
5.9453659653663635
5.9413909912109375
5.941448330879211
6.154576480388641
6.15463525056839
6.124231398105621
6.124293923377991
6.33814001083374
6.338198482990265
6.394246757030487
6.394304633140564
6.3812455534935
6.381303548812866
6.457341015338898
6.457399010658264
6.431623220443726
6.4317145347595215
6.444120466709137
6.444192945957184
6.47327047586441
6.473333299160004
6.555649280548096
6.555709600448608
6.5617029666900635
6.56176096200943
6.559161841869354
6.559219062328339
6.565749526023865
6.565807282924652
6.667345225811005
6.667403042316437
6.765406250953674
6.765464782714844
6.723326325416565
6.723381996154785
6.705194652080536
6.705252707004547
6.694823741912842
6.694920480251312
6.793618440628052
6.7936776876449585
6.777926743030548
6.777982771396637
6.7767422795295715
6.776803255081177
6.761973559856415
6.762033581733704
6.8731682896614075
6.873226583003998
6.886520683765411
6.886580526828766
6.8851704597473145
6.885234236717224
6.863867461681366
6.863924562931061
6.850832521915436
6.850901007652283
6.823092222213745
6.823146283626556
7.070656478404999
7.070711553096771
7.071215212345123
7.071272313594818
7.071301579475403
7.071356475353241
7.071179211139679
7.071244299411774
7.106864511966705
7.106919527053833
7.095974504947662
7.096045911312103
7.075501799583435
7.075558602809906
7.168501496315002
7.168554782867432
7.297185778617859
7.297239542007446
7.3057581782341
7.305815637111664
7.376412808895111
7.376466274261475
7.375694215297699
7.375749051570892
7.365578711032867
7.365634977817535
7.341167449951172
7.3412211537361145
7.474341034889221
7.474396228790283
7.462607264518738
7.462661802768707
7.4733224511146545
7.4733904004096985
7.441691637039185
7.441751182079315
7.560692012310028
7.560751557350159
7.664364993572235
7.664456903934479
7.6405463218688965
7.640606224536896
7.634591042995453
7.634651482105255
7.679885983467102
7.679942011833191
7.676139533519745
7.676192998886108
7.6731937527656555
7.673251032829285
7.657058298587799
7.657119035720825
7.775458455085754
7.775521278381348
7.9778576493263245
7.977913856506348
8.053059339523315
8.053128242492676
8.03335577249527
8.033412039279938
8.010420978069305
8.010474741458893
8.000321745872498
8.000380456447601
8.001670241355896
8.00172621011734
7.99781596660614
7.9978907108306885
7.996269464492798
7.996324837207794
7.981714189052582
7.98176896572113
7.936476230621338
7.936530292034149
9.040789723396301
9.040842771530151
9.021880805492401
9.021935284137726
9.023474037647247
9.023537576198578
9.070091307163239
9.070150315761566
9.130687594413757
9.130743622779846
9.141915798187256
9.14197951555252
9.135792791843414
9.135850727558136
9.1541109085083
9.154174983501434
9.14533543586731
9.145408630371094
9.278332948684692
9.278402924537659
9.30204427242279
9.302100479602814
9.286275744438171
9.28633028268814
9.28046602010727
9.280522525310516
9.39079064130783
9.390849232673645
9.36287772655487
9.362935185432434
9.456907987594604
9.456970751285553
9.555879771709442
9.555937051773071
9.498047232627869
9.498113989830017
9.630096971988678
9.630154490470886
9.557682514190674
9.557738721370697
9.517737984657288
9.517793476581573
9.684049427509308
9.684105157852173
9.714934766292572
9.7149937748909
9.695296227931976
9.695349216461182
9.692827820777893
9.692885041236877
9.689510524272919
9.689577519893646
9.70030528306961
9.700382947921753
9.650911033153534
9.650970041751862
9.658969521522522
9.659027993679047
9.722508430480957
9.722616314888
9.67385196685791
9.673904240131378
9.732843935489655
9.732898652553558
9.740197539329529
9.740250289440155
9.78741705417633
9.787470757961273
9.707007467746735
9.707060933113098
9.814058780670166
9.814118564128876
9.850930511951447
9.850991249084473
9.82793802022934
9.827996551990509
10.00037693977356
10.00043249130249
9.974053740501404
9.97411197423935
9.91643625497818
9.916491270065308
9.835299730300903
9.835355758666992
10.230822741985321
10.230886220932007
10.101930499076843
10.101990938186646
10.187395751476288
10.187451481819153
10.174190998077393
10.17424601316452
10.040368974208832
10.04042398929596
10.095044314861298
10.095100283622742
10.033028066158295
10.03308230638504
10.100087225437164
10.100153744220734
10.033021807670593
10.033084511756897
10.214833974838257
10.214902758598328
10.262391746044159
10.262448072433472
10.236086785793304
10.236141979694366
10.354461014270782
10.354517042636871
10.406743228435516
10.406800329685211
10.379368007183075
10.379424512386322
10.394964277744293
10.395019471645355
10.38411694765091
10.384171783924103
10.426825761795044
10.426938712596893
10.53778749704361
10.53784829378128
10.527302324771881
10.527371764183044
10.51559579372406
10.515680253505707
10.520346999168396
10.520408511161804
10.537416934967041
10.537473201751709
10.570234954357147
10.570292711257935
10.553081691265106
10.553155243396759
10.667456805706024
10.667510032653809
10.658675193786621
10.658730506896973
10.658284664154053
10.658339977264404
10.619152069091797
10.619206011295319
10.829106211662292
10.829163491725922
10.792421281337738
10.79247671365738
10.797109842300415
10.797167778015137
10.751805543899536
10.751897275447845
10.776534736156464
10.77659124135971
10.74186372756958
10.74191951751709
10.763871192932129
10.763927459716797
10.964256703853607
10.964324951171875
11.104589462280273
11.104652523994446
11.107886731624603
11.107947528362274
11.127333760261536
11.127387702465057
11.14241647720337
11.142484188079834
11.15946751832962
11.15955126285553
11.150776028633118
11.150832533836365
11.140239477157593
11.140295803546906
11.056594729423523
11.056649804115295
11.16026920080185
11.160323977470398
11.159952998161316
11.160007297992706
11.278128683567047
11.278183460235596
11.25828468799591
11.258342266082764
11.245725393295288
11.245780050754547
11.380383729934692
11.380448758602142
11.485552668571472
11.485613286495209
11.49797809123993
11.498050808906555
11.488143026828766
11.488203942775726
11.478987514972687
11.479048430919647
11.45906001329422
11.459114491939545
11.466947257518768
11.467022001743317
11.46198046207428
11.462048709392548
11.446048974990845
11.446106672286987
11.631455540657043
11.631513178348541
11.597603261470795
11.597663223743439
11.745501279830933
11.745566010475159
11.720518589019775
11.72058218717575
11.792197048664093
11.792255759239197
11.914696991443634
11.914758026599884
11.889666199684143
11.889722228050232
11.87966775894165
11.879722952842712
11.86405324935913
11.864106297492981
11.845322251319885
11.845375001430511
11.840261697769165
11.840316534042358
11.912164986133575
11.912222981452942
11.890820980072021
11.890876293182373
11.95886778831482
11.958927035331726
12.058302998542786
12.058357179164886
12.049246549606323
12.049300789833069
12.131608068943024
12.131675064563751
12.11661970615387
12.116679072380066
12.099448263645172
12.099502801895142
12.080738723278046
12.080800294876099
12.052412033081055
12.052465796470642
12.086966216564178
12.087023675441742
12.059835016727448
12.059890687465668
12.007649719715118
12.00771051645279
