-1.0
10948.5
-1.0
10848.5
-1.0
10748.5
-1.0
10648.5
-1.0
10548.5
-1.0
10448.5
-1.0
10348.5
-1.0
10248.5
-1.0
10148.5
-1.0
10048.5
-1.0
9948.5
-1.0
9848.5
-1.0
9748.5
-1.0
9648.5
-1.0
9548.5
-1.0
9448.5
-1.0
9348.5
-1.0
9248.5
-1.0
9148.5
-1.0
9048.5
-1.0
8948.5
-1.0
8848.5
-1.0
8748.5
-1.0
8648.5
-1.0
8548.5
-1.0
8448.5
-1.0
8348.5
-1.0
8248.5
-1.0
8148.5
-1.0
8048.5
-1.0
7948.5
-1.0
7848.5
-1.0
7748.5
-1.0
7648.5
-1.0
7548.5
-1.0
7448.5
-1.0
7348.5
-1.0
7248.5
-1.0
7148.5
-1.0
7048.5
-1.0
6948.5
-1.0
6848.5
-1.0
6748.5
-1.0
6648.5
-1.0
6548.5
-1.0
6448.5
-1.0
6348.5
-1.0
6248.5
-1.0
6148.5
-1.0
6048.5
-1.0
5948.5
-1.0
5848.5
-1.0
5748.5
-1.0
5648.5
-1.0
5548.5
-1.0
5448.5
-1.0
5348.5
-1.0
5248.5
-1.0
5148.5
-1.0
5048.5
-1.0
4948.5
-1.0
4848.5
-1.0
4748.5
-1.0
4648.5
-1.0
4548.5
-1.0
4448.5
-1.0
4348.5
-1.0
4248.5
-1.0
4148.5
-1.0
4048.5
-1.0
3948.5
-1.0
3848.5
-1.0
3748.5
-1.0
3648.5
-1.0
3548.5
-1.0
3448.5
-1.0
3348.5
-1.0
3248.5
-1.0
3148.5
-1.0
3048.5
-1.0
2948.5
-1.0
2848.5
-1.0
2748.5
-1.0
2648.5
-1.0
2548.5
-1.0
2448.5
-1.0
2348.5
-1.0
2248.5
-1.0
2148.5
-1.0
2048.5
-1.0
1948.5
-1.0
1848.5
-1.0
1748.5
-1.0
1648.5
-1.0
1548.5
-1.0
1448.5
-1.0
1348.5
-1.0
1248.5
-1.0
1148.5
-1.0
1048.5
-1.0
948.5
-1.0
848.5
-1.0
748.5
-1.0
648.5
-1.0
548.5
-1.0
448.5
-1.0
348.5
-1.0
248.5
-1.0
148.5
-1.0
48.5
12448.0
-2.0
12348.0
-2.0
12248.0
-2.0
12148.0
-2.0
12048.0
-2.0
11948.0
-2.0
11848.0
-2.0
11748.0
-2.0
11648.0
-2.0
11548.0
-2.0
11448.0
-2.0
11348.0
-2.0
11248.0
-2.0
11148.0
-2.0
11048.0
-2.0
10948.0
-2.0
10848.0
-2.0
10748.0
-2.0
10648.0
-2.0
10548.0
-2.0
10448.0
-2.0
10348.0
-2.0
10248.0
-2.0
10148.0
-2.0
10048.0
-2.0
9948.0
-2.0
9848.0
-2.0
9748.0
-2.0
9648.0
-2.0
9548.0
-2.0
9448.0
-2.0
9348.0
-2.0
9248.0
-2.0
9148.0
-2.0
9048.0
-2.0
8948.0
-2.0
8848.0
-2.0
8748.0
-2.0
8648.0
-2.0
8548.0
-2.0
8448.0
-2.0
8348.0
-2.0
8248.0
-2.0
8148.0
-2.0
8048.0
-2.0
7948.0
-2.0
7848.0
-2.0
7748.0
-2.0
7648.0
-2.0
7548.0
-2.0
7448.0
-2.0
7348.0
-2.0
7248.0
-2.0
7148.0
-2.0
7048.0
-2.0
6948.0
-2.0
6848.0
-2.0
6748.0
-2.0
6648.0
-2.0
6548.0
-2.0
6448.0
-2.0
6348.0
-2.0
6248.0
-2.0
6148.0
-2.0
6048.0
-2.0
5948.0
-2.0
5848.0
-2.0
5748.0
-2.0
5648.0
-2.0
5548.0
-2.0
5448.0
-2.0
5348.0
-2.0
5248.0
-2.0
5148.0
-2.0
5048.0
-2.0
4948.0
-2.0
4848.0
-2.0
4748.0
-2.0
4648.0
-2.0
4548.0
-2.0
4448.0
-2.0
4348.0
-2.0
4248.0
-2.0
4148.0
-2.0
4048.0
-2.0
3948.0
-2.0
3848.0
-2.0
3748.0
-2.0
3648.0
-2.0
3548.0
-2.0
3448.0
-2.0
3348.0
-2.0
3248.0
-2.0
3148.0
-2.0
3048.0
-2.0
2948.0
-2.0
2848.0
-2.0
2748.0
-2.0
2648.0
-2.0
2548.0
-2.0
2448.0
-2.0
2348.0
-2.0
2248.0
-2.0
2148.0
-2.0
2048.0
-2.0
1948.0
-2.0
1848.0
-2.0
1748.0
-2.0
1648.0
-2.0
1548.0
-2.0
1448.0
-2.0
1348.0
-2.0
1248.0
-2.0
1148.0
-2.0
1048.0
-2.0
948.0
-2.0
848.0
-2.0
748.0
-2.0
648.0
-2.0
548.0
-2.0
448.0
-2.0
348.0
-2.0
248.0
-2.0
148.0
-2.0
48.0
-2.0
