0.919187068939209
0.9192540645599365
0.9193160533905029
0.9193795919418335
0.9070289134979248
0.9070959091186523
0.9071569442749023
0.9072659015655518
0.8832979202270508
0.8833644390106201
0.8834534883499146
0.8835189342498779
0.9649595022201538
0.9650269746780396
0.9650870561599731
0.9651435613632202
1.0622605085372925
1.0624475479125977
1.062516450881958
1.0625755786895752
1.0319604873657227
1.0320290327072144
1.0320905447006226
1.0321464538574219
1.0315635204315186
1.03163743019104
1.03169846534729
1.031754493713379
0.9957666397094727
0.995835542678833
0.995896577835083
0.9959865808486938
0.988012433052063
0.9880820512771606
0.9881449937820435
0.9882019758224487
0.990634560585022
0.9907040596008301
0.9907630681991577
0.9908175468444824
1.0037676095962524
1.0038330554962158
1.0038925409317017
1.0039466619491577
0.998115062713623
0.9981794357299805
0.9982398748397827
0.9982949495315552
1.0223389863967896
1.0224030017852783
1.02247154712677
1.0225269794464111
1.0370219945907593
1.037086009979248
1.0371450185775757
1.0371994972229004
1.0256733894348145
1.0257389545440674
1.0257984399795532
1.0258535146713257
1.0115505456924438
1.0116164684295654
1.0116759538650513
1.0117305517196655
1.0128995180130005
1.012966513633728
1.0131429433822632
1.0132555961608887
1.004123568534851
1.004189372062683
1.0042494535446167
1.0043045282363892
1.0152744054794312
1.015343427658081
1.0154030323028564
1.0154584646224976
1.041084885597229
1.041153907775879
1.0412144660949707
1.0412694215774536
1.0663275718688965
1.0663930177688599
1.0664526224136353
1.0665075778961182
1.0993999242782593
1.0995014905929565
1.0995734930038452
1.0996320247650146
1.1080000400543213
1.1080644130706787
1.108136534690857
1.1082030534744263
1.7324750423431396
1.7325514554977417
1.7326533794403076
1.7327439785003662
1.7891114950180054
1.7891769409179688
1.7893359661102295
1.7893970012664795
1.7825510501861572
1.782617449760437
1.7827320098876953
1.7827905416488647
1.8190689086914062
1.8192105293273926
1.819280982017517
1.8194659948349
1.8338230848312378
1.83389151096344
1.8339545726776123
1.8341255187988281
1.9448000192642212
1.9448845386505127
1.9449535608291626
1.945062518119812
1.9285664558410645
1.9286404848098755
1.928707480430603
1.9287654161453247
1.9224289655685425
1.9225269556045532
1.9225994348526
1.9227083921432495
1.917464017868042
1.917536973953247
1.9176124334335327
1.9176814556121826
1.930957555770874
1.9310579299926758
1.9311355352401733
1.9312560558319092
1.9395289421081543
1.9396089315414429
1.9397634267807007
1.939831018447876
1.9872549772262573
1.9873254299163818
1.9873884916305542
1.987442970275879
2.0151689052581787
2.0152429342269897
2.015393376350403
2.0160038471221924
2.0189415216445923
2.0191789865493774
2.0193530321121216
2.019626021385193
2.0922420024871826
2.0923070907592773
2.092458486557007
2.0925240516662598
2.0848745107650757
2.0849430561065674
2.0850430727005005
2.0851019620895386
2.1159709692001343
2.1160354614257812
2.1160964965820312
2.1161515712738037
2.1283960342407227
2.128459095954895
2.128522515296936
2.128577470779419
2.1216005086898804
2.121664047241211
2.1217260360717773
2.1218020915985107
2.1380139589309692
2.1380879878997803
2.138173460960388
2.1382304430007935
2.1322344541549683
2.1322989463806152
2.1323599815368652
2.132414937019348
2.1990855932235718
2.199151039123535
2.1992119550704956
2.19926655292511
2.192362904548645
2.19242787361145
2.192489981651306
2.192547917366028
2.2640469074249268
2.2641104459762573
2.2641704082489014
2.264224410057068
2.2512624263763428
2.251325488090515
2.2514253854751587
2.251484990119934
2.2459999322891235
2.2460625171661377
2.2461239099502563
2.246178984642029
2.2282555103302
2.22831654548645
2.2283765077590942
2.2284340858459473
2.2188724279403687
2.218938946723938
2.2190269231796265
2.2190874814987183
2.3869869709014893
2.387053370475769
2.387117028236389
2.387171983718872
2.3837859630584717
2.3838499784469604
2.383912444114685
2.383968472480774
2.520009994506836
2.520097017288208
2.5201841592788696
2.5202414989471436
2.942870616912842
2.9429354667663574
2.9430094957351685
2.9430664777755737
2.920811414718628
2.920875906944275
2.92094087600708
2.9209978580474854
2.9398345947265625
2.939931035041809
2.940000534057617
2.9400585889816284
2.921701669692993
2.9217710494995117
2.9218380451202393
2.921894073486328
3.4875975847244263
3.4876630306243896
3.4877235889434814
3.487863540649414
3.518779993057251
3.518856406211853
3.51898455619812
3.5190610885620117
3.5411940813064575
3.5412590503692627
3.5413200855255127
3.5413750410079956
3.506910562515259
3.5069764852523804
3.5070375204086304
3.507093071937561
3.5140830278396606
3.5141440629959106
3.5142040252685547
3.5142616033554077
3.48088538646698
3.4809504747390747
3.4810118675231934
3.481068968772888
3.492997407913208
3.493062973022461
3.4931254386901855
3.4931808710098267
3.4878149032592773
3.4879050254821777
3.4879679679870605
3.4880504608154297
3.52223002910614
3.522328019142151
3.5225415229797363
3.5226274728775024
3.5177969932556152
3.517860531806946
3.517922043800354
3.5180035829544067
3.5484215021133423
3.548483967781067
3.5485459566116333
3.5486010313034058
3.543452501296997
3.543516516685486
3.5435760021209717
3.543631076812744
3.528892993927002
3.52895450592041
3.529013514518738
3.5290679931640625
3.5281139612197876
3.5281773805618286
3.5282373428344727
3.52829647064209
3.5225305557250977
3.5225961208343506
3.522656559944153
3.5227115154266357
3.5300458669662476
3.530151844024658
3.530218005180359
3.530285358428955
3.5242249965667725
3.524288535118103
3.524348497390747
3.5244040489196777
3.553462028503418
3.553547978401184
3.5536184310913086
3.553697943687439
3.548056483268738
3.548122525215149
3.5481834411621094
3.5482394695281982
3.5607540607452393
3.5608174800872803
3.5608779191970825
3.560934066772461
3.55754554271698
3.557610511779785
3.5576720237731934
3.5577280521392822
3.564823031425476
3.5648880004882812
3.564950466156006
3.565006971359253
3.5607869625091553
3.56086003780365
3.5609240531921387
3.560981035232544
3.5715994834899902
3.571678400039673
3.5717453956604004
3.5718038082122803
3.580425500869751
3.580491542816162
3.5805580615997314
3.580615520477295
3.5773264169692993
3.5773929357528687
3.5775115489959717
3.5776009559631348
3.5816489458084106
3.581714391708374
3.5817763805389404
3.5818328857421875
3.9792560338974
3.9793235063552856
3.9793829917907715
3.979445457458496
3.8162344694137573
3.8162994384765625
3.816357970237732
3.8164138793945312
4.02431845664978
4.024384379386902
4.024443984031677
4.024501442909241
4.009638428688049
4.009704947471619
4.009763956069946
4.009820938110352
4.122015118598938
4.122082591056824
4.122141599655151
4.122198104858398
4.115468502044678
4.115532994270325
4.115615010261536
4.115675449371338
4.093561887741089
4.093630433082581
4.093776345252991
4.093839406967163
4.092217922210693
4.092304468154907
4.09236741065979
4.0924259424209595
4.098128080368042
4.098194599151611
4.098253965377808
4.0983099937438965
4.113365411758423
4.113435387611389
4.113559007644653
4.113616943359375
4.546467661857605
4.546534180641174
4.546593070030212
4.546699523925781
4.528673887252808
4.528743028640747
4.528811573982239
4.528869986534119
4.540470600128174
4.540658116340637
4.540721535682678
4.540780186653137
4.578099608421326
4.5781660079956055
4.578227519989014
4.578284025192261
4.575424075126648
4.575493097305298
4.57555365562439
4.575610160827637
4.667943477630615
4.6680909395217896
4.6681554317474365
4.6682199239730835
4.720479607582092
4.720547556877136
4.72060751914978
4.720717072486877
4.705488085746765
4.705554008483887
4.705612659454346
4.705668568611145
4.678838610649109
4.678907036781311
4.678966164588928
4.6790231466293335
4.716422080993652
4.7164881229400635
4.716546535491943
4.716607213020325
4.709455966949463
4.709590911865234
4.70965850353241
4.709752440452576
4.704813480377197
4.704941987991333
4.705004572868347
4.705062031745911
4.751701474189758
4.7517759799957275
4.751835942268372
4.751959562301636
4.739665508270264
4.739731431007385
4.739794015884399
4.7399749755859375
4.665030002593994
4.665096998214722
4.665156602859497
4.665228486061096
4.662377119064331
4.662443995475769
4.662503480911255
4.662564039230347
4.689275026321411
4.689382076263428
4.689486980438232
4.689547061920166
4.68230140209198
4.6823694705963135
4.682428956031799
4.682485461235046
4.712526917457581
4.712594389915466
4.712687969207764
4.712751030921936
4.869004487991333
4.869072437286377
4.869132995605469
4.869189977645874
4.875117897987366
4.875187516212463
4.875247478485107
4.875305414199829
4.8746479749679565
4.874734044075012
4.874799013137817
4.874863028526306
4.872757077217102
4.872825503349304
4.872897982597351
4.8729565143585205
4.863322019577026
4.863391041755676
4.863452076911926
4.863508939743042
4.900907516479492
4.900977373123169
4.901038408279419
4.901098012924194
4.907435059547424
4.90750515460968
4.907566547393799
4.90762460231781
4.904535889625549
4.9046043157577515
4.904664874076843
4.9047229290008545
4.9188148975372314
4.918885946273804
4.91894793510437
4.9190064668655396
4.939666032791138
4.939736008644104
4.939859986305237
4.9399319887161255
4.968058466911316
4.968128085136414
4.968190431594849
4.968249559402466
4.966153025627136
4.966222405433655
4.966284394264221
4.966344952583313
4.965582489967346
4.965650916099548
4.9657124280929565
4.965834021568298
5.065401911735535
5.065473437309265
5.065534949302673
5.065593361854553
5.129464507102966
5.129533410072327
5.129594922065735
5.129653453826904
5.279714465141296
5.279785394668579
5.279847860336304
5.279906988143921
5.279741406440735
5.279811501502991
5.279873490333557
5.279932022094727
5.298274040222168
5.298345565795898
5.298407077789307
5.298465013504028
5.312981486320496
5.31305205821991
5.313114523887634
5.31317400932312
5.312578558921814
5.3126490116119385
5.312709927558899
5.3127681016922
5.330418586730957
5.330496668815613
5.330559134483337
5.33062207698822
5.241208076477051
5.241278052330017
5.241343021392822
5.24140202999115
5.26320493221283
5.263295531272888
5.2633644342422485
5.263426423072815
5.3068459033966064
5.3069154024124146
5.306977391242981
5.307035446166992
5.290767073631287
5.290835976600647
5.290897965431213
5.290961027145386
5.39361035823822
5.393678903579712
5.3937389850616455
5.393797397613525
5.489082098007202
5.489150047302246
5.489212155342102
5.4893375635147095
5.540439486503601
5.540567517280579
5.540632009506226
5.540691018104553
5.492010474205017
5.492080569267273
5.492143630981445
5.492202043533325
5.449071049690247
5.449367880821228
5.449433922767639
5.4494935274124146
5.45367956161499
5.453746557235718
5.453807592391968
5.453865647315979
5.598427414894104
5.598498344421387
5.598560929298401
5.598620891571045
5.608756065368652
5.60883355140686
5.608895540237427
5.608957052230835
5.628780126571655
5.628851056098938
5.628913044929504
5.628973007202148
5.627388000488281
5.627457022666931
5.627521514892578
5.627579927444458
5.644796967506409
5.644865036010742
5.644926071166992
5.64498496055603
5.6278380155563354
5.627905964851379
5.627967596054077
5.628026008605957
5.6557440757751465
5.655813097953796
5.65589714050293
5.655956029891968
5.730899930000305
5.730967998504639
5.731028914451599
5.7310874462127686
5.766084432601929
5.76620888710022
5.766278862953186
5.766387462615967
5.751755952835083
5.751824975013733
5.751885890960693
5.751943945884705
5.77237343788147
5.772485971450806
5.7725958824157715
5.772711992263794
5.864145994186401
5.864215970039368
5.864277482032776
5.864336013793945
5.88409948348999
5.8841716051101685
5.8842350244522095
5.884293079376221
5.904895067214966
5.9049659967422485
5.905027985572815
5.905086517333984
5.950817584991455
5.950885534286499
5.950946092605591
5.951004505157471
5.986775994300842
5.986853003501892
5.986916422843933
5.986976385116577
5.972599983215332
5.972707986831665
5.972786068916321
5.972848534584045
6.0030235052108765
6.003092527389526
6.003154516220093
6.003243565559387
6.026549935340881
6.026654839515686
6.026804327964783
6.026871919631958
6.015092968940735
6.015161514282227
6.015221953392029
6.0152798891067505
6.036435008049011
6.036608457565308
6.036674976348877
6.036807417869568
6.05260956287384
6.052679896354675
6.052740931510925
6.052799582481384
6.2805598974227905
6.28063690662384
6.280698895454407
6.280758023262024
6.3444294929504395
6.344523549079895
6.344587922096252
6.344648003578186
6.468491554260254
6.4685739278793335
6.46863853931427
6.4686983823776245
6.591596484184265
6.591678977012634
6.591765999794006
6.5918309688568115
6.699519991874695
6.699604511260986
6.699669003486633
6.699729561805725
6.7711286544799805
6.77122163772583
6.7712870836257935
6.771350026130676
6.910316467285156
6.910390377044678
6.910454511642456
6.910516023635864
7.074398159980774
7.074474573135376
7.074539065361023
7.074600577354431
7.180803060531616
7.180887579917908
7.1809539794921875
7.1810160875320435
7.320436000823975
7.3205084800720215
7.3205718994140625
7.320631980895996
7.427441954612732
7.427515029907227
7.4275795221328735
7.427641034126282
7.603743076324463
7.603814959526062
7.603878617286682
7.603939652442932
7.768683075904846
7.768776059150696
7.768841505050659
7.768903493881226
7.930330514907837
7.9304035902023315
7.930470585823059
7.930573582649231
8.068243503570557
8.068318486213684
8.068400502204895
8.068481087684631
8.235548973083496
8.23565948009491
8.235791563987732
8.235956907272339
8.329487562179565
8.329560041427612
8.329623579978943
8.329684019088745
8.430711030960083
8.43079400062561
8.430859446525574
8.430920958518982
8.517491102218628
8.517564058303833
8.51762855052948
8.517690062522888
8.663966059684753
8.664061546325684
8.664128541946411
8.664190530776978
8.787086009979248
8.7871595621109
8.787224054336548
8.787298083305359
8.83650803565979
8.836591005325317
8.836655974388123
8.836717963218689
8.9593186378479
8.959388494491577
8.959452033042908
8.959511995315552
9.060191035270691
9.060262560844421
9.060325980186462
9.060386538505554
9.191731929779053
9.191805839538574
9.191869497299194
9.191929340362549
9.355116963386536
9.355189085006714
9.355254530906677
9.355314493179321
9.461818933486938
9.461902976036072
9.461967468261719
9.462028503417969
9.612439513206482
9.612533569335938
9.612598538398743
9.612660527229309
9.742008566856384
9.74208152294159
9.742144584655762
9.742205500602722
9.853580951690674
9.85365355014801
9.85371744632721
9.853779435157776
10.003315448760986
10.00338864326477
10.00345253944397
10.003512978553772
10.156646966934204
10.156792998313904
10.15686047077179
10.156923532485962
10.261467576026917
10.261561036109924
10.261627554893494
10.261692643165588
10.362825989723206
10.362898468971252
10.362961411476135
10.363021969795227
10.475703120231628
10.475789546966553
10.4758540391922
10.47591495513916
10.5381840467453
10.538254499435425
10.53831696510315
10.538377046585083
10.667243003845215
10.667314529418945
10.667377591133118
10.66743803024292
10.860936045646667
10.861031651496887
10.86109709739685
10.8611581325531
10.985663533210754
10.985740542411804
10.985812544822693
10.98587942123413
11.16356647014618
11.163649439811707
11.16371500492096
11.163776516914368
11.273683547973633
11.27379858493805
11.273865580558777
11.27392852306366
11.47268295288086
11.472807884216309
11.472879886627197
11.472945928573608
11.654840588569641
11.654924035072327
11.654988646507263
11.655049681663513
11.686550974845886
11.686632990837097
11.68669843673706
11.686760425567627
11.813712477684021
11.813843369483948
11.81391441822052
11.81397795677185
11.959705471992493
11.959776878356934
11.959840416908264
11.959900975227356
12.06584906578064
12.065922141075134
12.06598699092865
12.066052556037903
12.215715646743774
12.215787410736084
12.215851545333862
12.215911984443665
12.263499975204468
12.26357102394104
12.263633489608765
12.263694524765015
12.331642508506775
12.331717848777771
12.331782460212708
12.331843972206116
12.26802408695221
12.268096566200256
12.268160581588745
12.268221020698547
12.292677998542786
12.29275095462799
12.292816042900085
12.292876362800598
12.24764895439148
12.24771797657013
12.24778151512146
12.247841954231262
12.25664746761322
12.256733536720276
12.25689446926117
12.257031917572021
12.301196455955505
12.301267504692078
12.301331400871277
12.301392436027527
12.312694907188416
12.312765955924988
12.312829375267029
12.312889456748962
12.30705189704895
12.30712354183197
12.307186961174011
12.307247996330261
12.297915577888489
12.297987937927246
12.298050999641418
12.29811143875122
12.315270900726318
12.315338492393494
12.315401434898376
12.315460443496704
12.307003140449524
12.307076573371887
12.307140469551086
12.307201027870178
12.301971435546875
12.302040934562683
12.302103519439697
12.302164554595947
12.322259068489075
12.32234013080597
12.322407603263855
12.322480082511902
12.367570400238037
12.36766791343689
12.367734909057617
12.367823362350464
12.374514102935791
12.374586582183838
12.374650597572327
12.374711513519287
12.405649542808533
12.405723571777344
12.405787944793701
12.40584909915924
12.421005964279175
12.421077013015747
12.42114007472992
12.421200037002563
12.434051990509033
12.434122920036316
12.434186458587646
12.434246897697449
12.442219972610474
12.442309379577637
12.442376971244812
12.442438006401062
12.450652003288269
12.450724482536316
12.450788497924805
12.45085096359253
12.50300407409668
12.50307559967041
12.503139019012451
12.503200054168701
12.514946937561035
12.515017867088318
12.515082001686096
12.515142917633057
12.503093004226685
12.503166556358337
12.503230929374695
12.503363490104675
12.532677054405212
12.532750010490417
12.532814502716064
12.532875537872314
12.502121567726135
12.502193570137024
12.502257108688354
12.502318024635315
12.492042899131775
12.492114424705505
12.492177367210388
12.492237448692322
12.539941906929016
12.540024995803833
12.540089964866638
12.540153503417969
12.597005486488342
12.597116947174072
12.5971839427948
12.597246527671814
12.623876571655273
12.623948574066162
12.624012470245361
12.6240736246109
12.602707982063293
12.602781414985657
12.602844953536987
12.602906465530396
12.624233484268188
12.624307513237
12.624372005462646
12.624433040618896
12.658967018127441
12.659038543701172
12.659101605415344
12.659162521362305
12.747588515281677
12.747660994529724
12.74772596359253
12.747787475585938
12.579846024513245
12.57992947101593
12.5799959897995
12.580061078071594
12.56713354587555
12.567203998565674
12.567274570465088
12.567339062690735
12.557909488677979
12.557979941368103
12.55804193019867
12.558101892471313
12.595801591873169
12.59587299823761
12.595937490463257
12.595999002456665
12.647440433502197
12.647511005401611
12.647574424743652
12.647635459899902
12.674436092376709
12.674515008926392
12.67459261417389
12.674673080444336
12.652081489562988
12.652193546295166
12.652297496795654
12.652362942695618
12.66075348854065
12.660826086997986
12.66088855266571
12.660948634147644
12.692337036132812
12.69241213798523
12.69248652458191
12.692548036575317
12.717898488044739
12.71797251701355
12.71803593635559
12.718096494674683
12.666487574577332
12.666731119155884
12.666812062263489
12.666909575462341
12.673116087913513
12.673189520835876
12.673254013061523
12.673370480537415
12.70785105228424
12.707924008369446
12.707987546920776
12.708048105239868
12.771473050117493
12.771548509597778
12.771700024604797
12.771762609481812
12.731652975082397
12.731727957725525
12.731791973114014
12.731855988502502
12.76728105545044
12.767361521720886
12.767434000968933
12.76753854751587
12.767296552658081
12.767369985580444
12.76743495464325
12.76749587059021
12.7694411277771
12.769514083862305
12.769577503204346
12.769638538360596
12.792492866516113
12.79256546497345
12.792660355567932
12.792780995368958
12.76973307132721
12.769805073738098
12.769869565963745
12.769931554794312
12.786576390266418
12.786648511886597
12.78671145439148
12.78677248954773
12.818933486938477
12.819008469581604
12.819072961807251
12.81913447380066
12.885066032409668
12.885338544845581
12.885505557060242
12.885579109191895
12.924402832984924
12.924477934837341
12.92454743385315
12.924609422683716
12.950390100479126
12.950465440750122
12.950530529022217
12.950592637062073
12.98896610736847
12.98903751373291
12.989100575447083
12.989459037780762
13.013420581817627
13.013492584228516
13.013556003570557
13.01361608505249
13.077940464019775
13.07803988456726
13.078214883804321
13.078351497650146
13.091102957725525
13.091175556182861
13.09123945236206
13.091300010681152
13.044617056846619
13.04477310180664
13.044850587844849
13.045061707496643
13.154237508773804
13.154313921928406
13.154380917549133
13.154447436332703
13.187617897987366
13.187924981117249
13.187991976737976
13.188163876533508
13.208604574203491
13.20868456363678
13.20875108242035
13.208840608596802
13.378334403038025
13.378408551216125
13.378503918647766
13.3785719871521
13.357756972312927
13.358000993728638
13.358130931854248
13.35827648639679
13.38289999961853
13.382978439331055
13.383045554161072
13.383109450340271
13.66665506362915
13.667174100875854
13.667243957519531
13.667502522468567
13.694959044456482
13.695060968399048
13.695128440856934
13.69519293308258
13.701509475708008
13.701582908630371
13.701647996902466
13.701709508895874
13.821358561515808
13.821431517601013
13.821495532989502
13.821556568145752
13.842064499855042
13.842137455940247
13.842258930206299
13.842321395874023
13.872780561447144
13.872854948043823
13.872928977012634
13.872992038726807
13.868257999420166
13.868330001831055
13.868394494056702
13.868458986282349
13.90228545665741
13.90236485004425
13.902429938316345
13.902495980262756
14.090476989746094
14.090548515319824
14.09061348438263
14.090673565864563
14.093636512756348
14.093706488609314
14.093769550323486
14.093830585479736
14.165155410766602
14.165278434753418
14.165346026420593
14.165409445762634
14.163062930107117
14.163135886192322
14.16319990158081
14.163260459899902
14.194016575813293
14.194088101387024
14.194151043891907
14.194211959838867
14.200977444648743
14.201050996780396
14.201115489006042
14.20117700099945
14.234012007713318
14.234156966209412
14.234227418899536
14.23432195186615
14.273833513259888
14.273904085159302
14.273967504501343
14.274029970169067
14.282613039016724
14.28270709514618
14.282773613929749
14.282835602760315
14.362194418907166
14.36226749420166
14.362332463264465
14.362393975257874
14.387877583503723
14.388033509254456
14.388102531433105
14.388165473937988
14.356813907623291
14.356889009475708
14.356954455375671
14.357017993927002
14.38563859462738
14.385753989219666
14.385820388793945
14.385882496833801
14.406486988067627
14.406559944152832
14.406624555587769
14.406685471534729
14.497751951217651
14.497827410697937
14.49789297580719
14.497957944869995
14.527808427810669
14.527896523475647
14.527963042259216
14.528025031089783
14.530686497688293
14.53076159954071
14.530825972557068
14.530938982963562
14.546371936798096
14.546444058418274
14.546508431434631
14.546573042869568
14.572206497192383
14.572281002998352
14.572346568107605
14.572418928146362
14.646347999572754
14.6464204788208
14.646485090255737
14.646546483039856
14.66419243812561
14.664265990257263
14.664330005645752
14.664390444755554
14.686442494392395
14.686514616012573
14.686577439308167
14.686638474464417
14.672840595245361
14.672911047935486
14.672975540161133
14.673037052154541
14.693655490875244
14.6937255859375
14.693788528442383
14.693848609924316
14.684295535087585
14.684401512145996
14.68446958065033
14.684532642364502
14.723694920539856
14.723766446113586
14.723829507827759
14.723889946937561
14.779744386672974
14.77981698513031
14.779884576797485
14.779945492744446
14.777150392532349
14.777220845222473
14.777283906936646
14.77734386920929
14.776327013969421
14.776399970054626
14.776464939117432
14.776527404785156
14.777405977249146
14.777485370635986
14.77755093574524
14.777613401412964
14.780579924583435
14.780652403831482
14.78071653842926
14.78077745437622
14.802619457244873
14.802690505981445
14.802753448486328
14.80281400680542
14.827327013015747
14.827401638031006
14.82749354839325
14.827558517456055
14.851534485816956
14.851613998413086
14.85167944431305
14.85176694393158
14.889561533927917
14.889643907546997
14.88975989818573
14.889822959899902
14.866565465927124
14.866634488105774
14.86669647693634
14.866756916046143
14.916935443878174
14.917006969451904
14.917071342468262
14.917132377624512
14.87048053741455
14.870556592941284
14.870623111724854
14.870684623718262
14.841339468955994
14.841424465179443
14.841494083404541
14.841558456420898
14.858904004096985
14.858982920646667
14.859048008918762
14.859108090400696
14.854029059410095
14.854102492332458
14.85416555404663
14.854225397109985
14.903877854347229
14.903946995735168
14.904009461402893
14.90407145023346
14.918989539146423
14.919103980064392
14.91917109489441
14.919233083724976
14.913989901542664
14.914061427116394
14.914123892784119
14.914183378219604
14.933956027030945
14.934028506278992
14.934109568595886
14.934176564216614
14.95172643661499
14.95180356502533
14.95186996459961
14.951934933662415
14.981190085411072
14.981263041496277
14.981327056884766
14.981388092041016
14.986864566802979
14.986934423446655
14.987022519111633
14.987087607383728
14.981914043426514
14.98198401927948
14.982047080993652
14.982107043266296
14.995485544204712
14.995558142662048
14.995622634887695
14.995684027671814
14.98052453994751
14.980597972869873
14.980717062950134
14.980785012245178
15.013770937919617
15.013841390609741
15.013905048370361
15.013964891433716
14.999289512634277
14.999361038208008
14.999423503875732
14.999483585357666
15.026199460029602
15.02626895904541
15.026331901550293
15.026391983032227
15.04745900630951
15.04752802848816
15.047589421272278
15.047648072242737
15.009815096855164
15.009884595870972
15.009947061538696
15.010006070137024
14.98711609840393
14.98718547821045
14.987248063087463
14.98730754852295
15.020168542861938
15.02023959159851
15.020303130149841
15.02036201953888
15.027697443962097
15.027764916419983
15.027827501296997
15.027886390686035
15.038657546043396
15.038751006126404
15.038817048072815
15.038877010345459
15.069410562515259
15.069481015205383
15.06954300403595
15.06960141658783
15.080988049507141
15.081056475639343
15.081117510795593
15.081175446510315
15.080139517784119
15.080239415168762
15.080307483673096
15.08036994934082
15.099397540092468
15.099470496177673
15.099535584449768
15.099600076675415
15.139684438705444
15.13975191116333
15.13981294631958
15.139871954917908
15.145929098129272
15.145998001098633
15.146059513092041
15.146118521690369
15.104102492332458
15.104172110557556
15.104234099388123
15.10429298877716
15.110840439796448
15.110910892486572
15.110981941223145
15.111065864562988
15.075155019760132
15.075225114822388
15.075295448303223
15.075450658798218
15.064859986305237
15.064926505088806
15.064987063407898
15.065044522285461
15.108036041259766
15.108105540275574
15.108166933059692
15.108225464820862
15.141421914100647
15.14148736000061
15.141547441482544
15.141604900360107
15.158928990364075
15.158995985984802
15.159056425094604
15.159114480018616
15.153545022010803
15.153613924980164
15.153675556182861
15.153735518455505
15.11159360408783
15.111662983894348
15.111724019050598
15.11178195476532
15.116355538368225
15.11656641960144
15.116657018661499
15.11676287651062
15.132486581802368
15.132597088813782
15.132662057876587
15.132773041725159
15.174081921577454
15.17414903640747
15.174209356307983
15.174267411231995
15.219642996788025
15.21981954574585
15.2198965549469
15.219958543777466
15.253596425056458
15.25367546081543
15.253739953041077
15.253887057304382
15.273072957992554
15.273141503334045
15.273202538490295
15.273260951042175
15.27859354019165
15.278677940368652
15.278738498687744
15.278796553611755
15.286402583122253
15.286469459533691
15.286530017852783
15.286587476730347
15.312653303146362
15.312723398208618
15.312785387039185
15.312845349311829
15.299787044525146
15.299860000610352
15.299963593482971
15.300028085708618
15.346431136131287
15.346499562263489
15.346561551094055
15.346619009971619
15.376267075538635
15.376338481903076
15.376399040222168
15.37645697593689
15.38736343383789
15.387451529502869
15.387519478797913
15.387582898139954
15.401145458221436
15.401240944862366
15.401307940483093
15.401366949081421
15.407201051712036
15.407269597053528
15.407334446907043
15.407392501831055
15.419102907180786
15.419170379638672
15.419233441352844
15.41929042339325
15.41594398021698
15.416079878807068
15.416148900985718
15.41620945930481
15.395596623420715
15.395667552947998
15.395728588104248
15.395788550376892
15.43338394165039
15.433453559875488
15.433514475822449
15.43357241153717
15.42408549785614
15.42415702342987
15.424243450164795
15.424317955970764
15.435022473335266
15.435091137886047
15.435152053833008
15.435210585594177
15.4493989944458
15.449471592903137
15.449532985687256
15.44967257976532
15.481177926063538
15.481247544288635
15.481308102607727
15.481365442276001
15.45998764038086
15.460080981254578
15.46015453338623
15.460214972496033
15.501599431037903
15.501681447029114
15.501745343208313
15.501803994178772
15.512506008148193
15.51257586479187
15.512637376785278
15.512695908546448
15.55496346950531
15.555034518241882
15.55509603023529
15.555155038833618
15.584912061691284
15.58497953414917
15.585040092468262
15.585116982460022
15.607480525970459
15.607549548149109
15.607611536979675
15.607672452926636
15.613437533378601
15.613519549369812
15.613606095314026
15.61366856098175
15.636158466339111
15.63622498512268
15.636337518692017
15.636438488960266
15.66334056854248
15.663411021232605
15.663472533226013
15.66353154182434
15.679335117340088
15.679404616355896
15.679467558860779
15.679551005363464
15.731733441352844
15.7318274974823
15.731903910636902
15.73196542263031
15.708249926567078
15.70831847190857
15.70837950706482
15.7084379196167
15.752805471420288
15.752876043319702
15.752938508987427
15.752997517585754
15.803979516029358
15.80413544178009
15.804204940795898
15.80426549911499
15.803302884101868
15.80337131023407
15.803431868553162
15.803489446640015
15.814059495925903
15.814128994941711
15.814189910888672
15.814249515533447
15.81866204738617
15.818735599517822
15.818797588348389
15.818856596946716
15.84397554397583
15.844051003456116
15.84411346912384
15.84417200088501
15.874879479408264
15.874948501586914
15.875011086463928
15.87506902217865
15.905400037765503
15.905468940734863
15.905530452728271
15.905588030815125
15.891192078590393
15.891275405883789
15.891381978988647
15.891459941864014
15.93748164176941
15.937552094459534
15.93761420249939
15.93767762184143
15.971413493156433
15.97170889377594
15.971773982048035
15.97183346748352
15.96231198310852
15.962386012077332
15.962719559669495
15.9627925157547
16.015073895454407
16.015278458595276
16.015345335006714
16.015405416488647
16.038505911827087
16.038574934005737
16.038636922836304
16.038696885108948
16.058438420295715
16.058533549308777
16.058597922325134
16.058696508407593
16.097203016281128
16.097283005714417
16.097350001335144
16.09742045402527
16.141563415527344
16.141632914543152
16.141708493232727
16.14176642894745
16.183589577674866
16.183656573295593
16.183716535568237
16.183775544166565
16.165921449661255
16.16599190235138
16.166053414344788
16.1661114692688
16.181720495224
16.181878089904785
16.181944966316223
16.182040095329285
16.2068989276886
16.20696997642517
16.20703148841858
16.207096457481384
16.235604405403137
16.235673904418945
16.235734820365906
16.235792994499207
16.262547492980957
16.262616395950317
16.26267945766449
16.262738943099976
16.252562999725342
16.252632975578308
16.252694010734558
16.252772450447083
16.172657370567322
16.172728896141052
16.17279839515686
16.17288899421692
16.218226313591003
16.218302845954895
16.21836543083191
16.218424320220947
16.230021834373474
16.230088472366333
16.23018443584442
16.230249881744385
16.24523651599884
16.24530804157257
16.245370030403137
16.245429039001465
16.259392976760864
16.25946056842804
16.259520053863525
16.259578585624695
16.23025345802307
16.230319023132324
16.230414032936096
16.2304869890213
16.279072046279907
16.279142022132874
16.279243111610413
16.279307007789612
16.300323486328125
16.30039143562317
16.30045247077942
16.300509572029114
16.310799479484558
16.310869932174683
16.310930967330933
16.310990929603577
16.313228487968445
16.313310503959656
16.313372492790222
16.313431978225708
16.37392556667328
16.373995423316956
16.37405753135681
16.374115467071533
16.333132028579712
16.333203554153442
16.333266019821167
16.333325624465942
16.351238012313843
16.35134506225586
16.351433396339417
16.351523518562317
16.377363443374634
16.377435445785522
16.377498030662537
16.37755596637726
16.42615258693695
16.426220059394836
16.426310062408447
16.426382541656494
16.421924352645874
16.422016978263855
16.42209243774414
16.42215347290039
16.43134355545044
16.43141508102417
16.431477546691895
16.431536555290222
16.397650003433228
16.397735953330994
16.3978009223938
16.397860050201416
16.45383906364441
16.453907012939453
16.45396852493286
16.454025983810425
16.47236657142639
16.472436547279358
16.472498059272766
16.47255551815033
16.500494122505188
16.500562071800232
16.500622034072876
16.50067949295044
16.492678999900818
16.492748498916626
16.492828488349915
16.492903470993042
16.487261533737183
16.487369537353516
16.487435460090637
16.48755395412445
16.498623490333557
16.49869453907013
16.498756051063538
16.498814582824707
16.466572523117065
16.46664249897003
16.466722011566162
16.466811060905457
16.431902527809143
16.43197202682495
16.432034492492676
16.432092547416687
16.51421308517456
16.51429545879364
16.514358520507812
16.51441752910614
16.5880069732666
16.588076949119568
16.588138341903687
16.588229417800903
16.60079002380371
16.60086154937744
16.600950360298157
16.60101842880249
16.603760957717896
16.603839993476868
16.603927969932556
16.603991389274597
16.624554991722107
16.624626874923706
16.62468945980072
16.624762415885925
16.628741025924683
16.628812074661255
16.628872990608215
16.628934025764465
16.6682049036026
16.668280482292175
16.668343424797058
16.668402433395386
16.694522976875305
16.69463849067688
16.69470250606537
16.69482696056366
16.698133945465088
16.698203444480896
16.698264956474304
16.698323488235474
16.675204634666443
16.67528259754181
16.675425052642822
16.675488114356995
16.749154448509216
16.749300479888916
16.74941897392273
16.74954104423523
16.799163103103638
16.79923391342163
16.799296021461487
16.799355506896973
16.80388343334198
16.80395793914795
16.804020404815674
16.804080963134766
16.81116509437561
16.811235547065735
16.811323523521423
16.811583518981934
16.801801681518555
16.801873087882996
16.801963567733765
16.802027463912964
16.779507994651794
16.77957844734192
16.779640436172485
16.779698967933655
16.856994032859802
16.857066988945007
16.857145071029663
16.85727047920227
16.940081477165222
16.940175890922546
16.940240502357483
16.94034445285797
16.95895266532898
16.95902454853058
16.959145069122314
16.959211111068726
16.966540098190308
16.966623544692993
16.966687560081482
16.96678602695465
16.970107436180115
16.97017741203308
16.97023832798004
16.970301389694214
16.968319058418274
16.96838903427124
16.9684499502182
16.968509078025818
17.063612580299377
17.063740968704224
17.064159989356995
17.064290046691895
17.08929705619812
17.089434027671814
17.089508533477783
17.089569091796875
17.086459517478943
17.08659851551056
17.08667302131653
17.087325930595398
17.102479457855225
17.102550625801086
17.10267412662506
17.102741599082947
17.15347695350647
17.153581500053406
17.153666973114014
17.15376651287079
17.262385964393616
17.26246201992035
17.262549996376038
17.26261842250824
17.272244930267334
17.272350430488586
17.272416472434998
17.272475361824036
17.297338485717773
17.29740595817566
17.297468543052673
17.297526001930237
17.30084252357483
17.300914525985718
17.30097806453705
17.30103600025177
17.335962891578674
17.33603298664093
17.336094975471497
17.336182475090027
17.391303062438965
17.391371607780457
17.39143407344818
17.39149248600006
17.41149389743805
17.41183292865753
17.411898851394653
17.41210901737213
17.42013990879059
17.42025351524353
17.42033541202545
17.4203964471817
17.459166526794434
17.459279537200928
17.459342122077942
17.459400534629822
17.45790195465088
17.457973957061768
17.458035945892334
17.458094477653503
17.523420453071594
17.52349102497101
17.523553013801575
17.523612022399902
17.532777547836304
17.532919049263
17.532983422279358
17.533043026924133
17.554104924201965
17.554173946380615
17.554234504699707
17.55454695224762
17.573707461357117
17.57377851009369
17.57387101650238
17.57393193244934
17.620442628860474
17.620511054992676
17.620572090148926
17.620630621910095
17.6201114654541
17.6201890707016
17.620252013206482
17.620315432548523
17.620662569999695
17.620739936828613
17.620803475379944
17.620863556861877
17.641301035881042
17.641401529312134
17.641485571861267
17.641546964645386
17.662354469299316
17.66244637966156
17.662511944770813
17.662609457969666
17.670791506767273
17.670863389968872
17.670928478240967
17.6710045337677
