-1.0
-1.0
-1.0
2248.5
-1.0
-1.0
-1.0
2148.5
-1.0
-1.0
-1.0
2409.5
-1.0
-1.0
-1.0
2442.5
-1.0
-1.0
-1.0
2342.5
-1.0
-1.0
-1.0
2330.5
-1.0
-1.0
-1.0
2656.0
-1.0
-1.0
-1.0
2566.0
-1.0
-1.0
-1.0
2843.5
-1.0
-1.0
-1.0
2743.5
-1.0
-1.0
-1.0
2782.5
-1.0
-1.0
-1.0
2733.0
-1.0
-1.0
-1.0
2690.0
-1.0
-1.0
-1.0
2652.0
-1.0
-1.0
-1.0
2571.5
-1.0
-1.0
-1.0
2488.0
-1.0
-1.0
-1.0
2406.5
-1.0
-1.0
-1.0
2355.0
-1.0
-1.0
-1.0
2289.5
-1.0
-1.0
-1.0
2256.0
-1.0
-1.0
-1.0
2331.0
-1.0
-1.0
-1.0
2308.0
-1.0
-1.0
-1.0
2359.0
-1.0
4734.0
-1.0
2374.0
-1.0
4708.0
-1.0
2514.0
-1.0
4663.0
-1.0
2571.5
-1.0
4668.0
-1.0
2663.5
-1.0
4583.0
-1.0
2663.5
-1.0
4496.5
-1.0
2696.5
-1.0
4413.5
-1.0
2714.0
-1.0
4380.5
-1.0
2760.0
-1.0
4284.5
-1.0
2804.0
-1.0
4260.5
-1.0
2873.5
-1.0
4194.5
-1.0
2892.0
-1.0
4196.0
-1.0
2996.5
-1.0
4120.5
-1.0
3006.5
-1.0
4096.0
-1.0
3094.0
-1.0
4064.0
-1.0
3167.0
-1.0
3964.0
-1.0
3175.0
-1.0
3946.0
-1.0
3253.0
-1.0
3871.5
-1.0
3277.0
-1.0
3799.0
-1.0
3289.5
-1.0
3714.0
-1.0
3318.5
-1.0
3633.0
-1.0
3335.5
-1.0
3663.5
-1.0
3464.5
-1.0
3580.5
-1.0
3475.5
-1.0
3611.5
-1.0
3621.0
-1.0
3564.0
-1.0
3629.5
-1.0
3514.0
-1.0
3602.0
-1.0
3500.5
-1.0
3561.0
-1.0
3450.5
-1.0
3511.0
-1.0
3557.0
-1.0
3595.5
-1.0
3507.0
-1.0
3577.0
-1.0
3601.0
-1.0
3654.0
3172.5
3583.0
-1.0
3664.5
3122.5
3557.5
-1.0
3683.5
3087.0
3558.5
-1.0
3732.5
3060.5
3524.5
-1.0
3756.0
3010.5
3520.5
3204.5
3756.0
2985.0
3603.0
3198.0
3829.0
2980.5
3677.0
3158.0
3904.5
2939.0
3677.0
3156.5
3912.5
2889.0
3697.0
3106.5
3912.5
2881.0
3726.5
3056.5
3982.5
2831.0
3734.5
3012.5
3992.0
2781.0
3801.0
3010.5
4018.5
2745.0
3848.0
3004.5
4072.0
2707.0
3925.0
2986.5
4136.0
2763.0
3972.0
2936.5
4240.0
2713.0
4024.0
2890.0
4244.5
2663.0
4036.5
2860.0
4264.5
2624.5
4044.0
2810.0
4275.0
2588.0
4106.5
2804.0
4330.0
2538.0
4141.5
2795.0
4377.5
2488.0
4141.5
2745.0
4377.5
2484.5
4268.0
2727.5
4459.5
2483.5
4268.0
2677.5
4506.5
2440.5
4342.5
2686.5
4574.0
2438.0
4365.0
2636.5
4624.0
2388.0
4442.5
2661.5
4699.0
2338.0
4494.5
2611.5
4699.0
2336.0
4497.5
2573.5
4749.5
2332.5
4576.5
2523.5
4795.5
2299.0
4628.5
2512.5
4854.5
2279.5
4628.5
2462.5
4884.5
2242.0
4690.5
6221.5
4903.0
2262.0
4648.0
6164.0
4970.5
2262.0
4705.0
6189.5
4936.0
2308.5
4705.0
6139.5
4968.0
2308.5
4831.0
6214.0
4982.0
2348.5
4848.5
6187.5
4970.5
2348.5
4917.0
6173.0
4936.0
2421.0
4952.5
6196.5
4982.0
2431.0
5001.5
6186.0
4941.5
2460.0
5056.5
6192.5
4977.5
6517.0
5111.0
6193.5
4936.5
6542.5
5141.5
6167.5
5009.5
6527.5
5182.0
6164.5
5047.0
6568.5
5272.0
6208.5
5135.0
6565.0
5352.0
6213.0
5181.0
6559.0
5373.5
6208.0
5227.5
6593.0
5485.5
6252.0
5315.0
6571.5
5485.5
6225.5
5344.5
6575.5
5519.0
6206.0
5401.5
6545.0
5579.0
6214.5
5422.5
6567.0
5635.5
6216.5
5485.5
6527.5
5635.5
6166.5
5500.5
6573.0
5698.0
6179.5
5594.5
6523.0
5751.5
6182.5
5594.5
6504.5
5830.0
6262.0
5666.5
6451.5
5844.0
6275.5
5712.0
6355.0
5862.0
6287.5
5708.5
6338.0
5883.5
6313.5
5698.5
6374.5
5982.5
6417.0
5729.0
6358.0
5994.0
6442.0
5733.0
6337.5
5985.5
6462.5
5756.5
6300.0
5935.5
6497.5
5774.0
6295.5
5939.0
6512.5
5825.0
6267.5
5903.5
6554.0
5845.0
6259.5
5890.5
6586.0
5879.5
6289.5
5959.5
6674.5
5962.5
6306.0
5909.5
6706.0
6032.5
6295.5
5921.5
6773.0
6067.5
6381.5
6000.5
6883.0
6189.5
6331.5
6032.5
6909.0
6139.5
6317.0
6074.5
6950.5
6183.5
6217.0
6095.5
6976.0
6183.5
6250.5
6122.0
7021.5
6252.0
6335.5
6113.0
7019.5
6335.5
6374.0
6198.0
7028.0
6376.5
6443.0
6270.0
6952.0
6437.0
6504.0
6310.0
6927.5
6506.5
6602.5
6376.5
6951.0
6603.5
6630.5
6430.5
6851.0
6629.5
6678.0
6522.0
6836.5
6678.0
6714.0
6487.5
6771.0
6715.5
6748.0
6532.5
6761.5
6747.0
6852.5
6603.0
6767.0
6851.5
6977.5
6705.5
6810.0
6989.5
6949.5
6643.5
6810.0
6979.5
6992.0
6737.0
6852.0
7072.5
7049.0
6844.0
6910.0
7175.0
7060.5
6907.0
6934.5
7240.0
7016.0
6912.0
6937.0
7196.5
6985.5
6976.0
6997.5
7254.0
6969.5
6934.5
6997.5
7211.5
7003.0
6939.5
6963.0
7195.5
6997.0
6988.0
6997.0
7176.0
7026.0
7042.0
7054.5
7120.0
7087.0
7024.5
7093.0
7130.5
7087.0
7047.0
7034.0
7089.5
7141.0
7064.5
7045.5
7104.5
7178.0
7127.5
7116.0
7143.5
7197.0
7193.0
7174.5
7169.0
7195.5
7205.0
7202.5
7201.0
7227.5
7227.0
7198.5
7214.0
7256.0
7294.5
7272.0
7277.0
7317.0
7255.0
7314.0
7310.5
7345.5
7308.0
7283.0
7344.0
7336.5
7334.5
7313.5
7351.0
7382.0
7407.5
7386.0
7367.5
7381.0
7389.0
7381.0
7386.5
7441.0
7416.0
7440.5
7436.0
7424.5
7411.0
7416.5
7420.0
7486.0
7483.0
7438.5
7465.5
7467.0
7483.0
7447.5
7461.5
7419.0
7512.5
7439.5
7430.5
7802.0
7787.0
7791.5
7800.0
7846.5
7867.0
7842.5
7875.5
7982.5
7976.0
7977.0
7945.0
8049.5
8054.5
8059.0
8038.0
8117.5
8137.5
8123.5
8126.0
8164.5
8180.0
8162.0
8185.5
8137.5
8155.0
8137.0
8162.5
8137.5
8114.5
8137.0
8103.0
8109.0
8084.5
8117.0
8081.5
8085.5
8084.5
8053.5
8068.5
8085.5
8084.5
8003.5
8018.5
8055.0
8043.5
7994.5
7999.0
8004.0
7994.5
7994.5
7999.0
7943.0
7955.5
7994.5
7999.0
7905.0
7905.5
7994.5
7987.0
7905.0
7905.5
7944.5
7937.0
7886.0
7905.5
7894.5
7906.0
7839.5
7903.5
7846.5
7902.5
7839.5
7853.5
7846.5
7852.5
7839.5
7801.0
7846.5
7805.0
7822.5
7775.0
7822.5
7772.0
7772.5
7775.0
7776.5
7768.0
7772.0
7725.5
7776.5
7718.0
7725.5
7713.0
7739.0
7714.5
7685.5
7713.0
7679.0
7714.5
7655.5
7679.0
7663.0
7694.5
7626.5
7645.0
7663.0
7657.5
7624.5
7633.5
7611.5
7622.5
7600.0
7600.0
7595.0
7597.0
7576.0
7576.0
7563.0
7577.0
7536.5
7553.0
7547.5
7555.0
7522.0
7526.0
7525.5
7518.5
7501.5
7499.5
7490.0
7501.0
7475.5
7479.0
7466.0
7471.5
7454.0
7450.5
7435.5
7452.0
7425.5
7424.0
7416.0
7426.5
7411.0
7395.0
7371.0
7415.0
7352.0
7364.5
7360.5
7415.0
7315.0
7364.5
7360.5
7352.0
7315.0
7317.0
7345.0
7315.0
7315.0
7298.0
7290.0
7289.0
7288.0
7271.0
7264.0
7269.0
7247.0
7249.0
7247.5
7248.5
7230.0
7213.5
7217.0
7231.5
7174.5
7184.0
7214.5
7219.0
7166.0
7158.5
7190.0
7177.5
7166.0
7158.5
7128.5
7139.0
7151.0
7130.0
7107.0
7104.0
7103.5
7107.0
7107.0
7074.5
7066.0
7079.5
7074.0
7072.5
7053.0
7049.0
7040.0
7050.0
7022.0
7018.0
7012.5
7039.5
7002.0
7003.0
6996.0
6991.0
6990.0
6995.0
6916.0
6991.0
6973.5
6916.5
6911.0
6991.0
6911.0
6916.5
6911.0
6953.5
6911.0
6893.0
6885.0
6903.0
6882.5
6878.5
6847.0
6884.0
6835.5
6843.5
6847.0
6866.0
6835.5
6814.0
6818.0
6824.5
6781.5
6814.0
6786.0
6810.5
6767.5
6741.5
6772.5
6810.5
6724.5
6724.0
6772.5
6771.0
6724.5
6724.0
6725.0
6718.5
6704.0
6701.0
6693.5
6693.5
6673.5
6670.0
6671.5
6677.0
6638.5
6639.0
6652.5
6662.0
6602.5
6639.0
6606.5
6644.0
6602.0
6605.5
6598.0
6586.5
6577.0
6579.0
6566.5
6569.5
6543.0
6546.0
6551.5
6551.5
6524.0
6515.5
6530.5
6522.0
6502.5
6503.5
6495.5
6490.5
6471.0
6476.5
6471.0
6473.5
6455.5
6440.5
6462.5
6433.5
6455.5
6411.5
6416.5
6408.5
6428.5
6411.5
6369.0
6383.0
6377.5
6379.5
6369.0
6366.0
6331.0
6326.0
6369.0
6366.0
6315.5
6318.5
6326.5
6331.5
6272.0
6318.5
6283.0
6318.5
6270.0
6277.5
6273.5
6271.0
6251.0
6249.5
6247.5
6244.0
6207.5
6226.5
6226.5
6231.5
6203.0
6173.5
6212.5
6203.0
6203.0
6165.0
6174.5
6149.5
6137.0
6161.0
6154.5
6139.5
6129.5
6111.5
6111.5
6139.5
6103.0
6092.0
6094.0
6103.0
6074.0
6078.5
6079.0
6060.5
6041.0
6030.5
6060.0
6060.5
6012.0
6030.5
6020.5
6029.0
6000.0
5992.0
5996.5
6003.5
5985.5
5947.0
5975.5
5984.0
5946.5
5920.0
5944.0
5981.5
5929.0
5920.0
5927.5
5915.5
5901.0
5888.0
5901.0
5902.0
5871.5
5862.0
5873.5
5885.0
5850.5
5862.0
5849.5
5830.0
5829.5
5807.5
5825.0
5830.0
5800.0
5793.5
5796.0
5802.5
5778.0
5776.0
5771.5
5766.5
5769.0
5737.0
5740.0
5746.0
5705.5
5727.5
5719.0
5740.0
5700.0
5692.0
5703.5
5696.5
5652.0
5680.0
5663.5
5696.5
5650.5
5643.0
5656.5
5642.0
5648.0
5630.0
5619.5
5594.5
5598.0
5587.0
5619.5
5587.5
5583.0
5544.5
5619.5
5545.0
5543.5
5539.0
5564.5
5545.0
5526.5
5516.5
5519.0
5530.0
5504.5
5503.0
5490.0
5494.5
5495.0
5455.5
5447.0
5494.5
5450.0
5400.5
5447.0
5494.5
5407.5
5400.5
5403.0
5481.0
5407.5
5385.0
5393.5
5406.0
5407.5
5345.5
5333.0
5406.0
5407.5
5325.5
5322.5
5336.5
5332.5
5325.5
5322.5
5311.5
5296.0
5295.5
5294.5
5306.0
5295.0
5256.5
5255.0
5285.5
5272.5
5243.0
5255.0
5221.5
5224.0
5194.0
5253.0
5221.0
5174.0
5194.0
5203.0
5221.0
5167.5
5145.5
5158.0
5221.0
5121.0
5142.0
5142.5
5186.5
5119.5
5112.5
5142.5
5117.5
5119.5
5052.0
5103.0
5117.5
5119.5
5052.0
5052.0
5068.5
5061.0
5049.0
5052.0
5030.0
5029.0
4999.0
5034.0
5030.0
4996.5
4985.5
4984.0
5026.0
4980.0
4976.5
4969.5
4966.0
4943.5
4939.0
4969.5
4940.0
4936.0
4885.5
4930.5
4940.0
4896.5
4885.0
4886.0
4924.5
4874.0
4869.0
4886.0
4863.0
4856.5
4852.5
4850.5
4832.5
4786.5
4852.5
4850.5
4802.5
4772.5
4816.5
4836.5
4766.5
4772.5
4790.0
4763.0
4766.5
4746.0
4741.5
4739.5
4765.0
4715.0
4741.5
4739.5
4696.0
4689.5
4682.0
4726.5
4694.0
4683.0
4673.0
4668.5
4667.5
4624.0
4664.5
4668.5
4635.0
4624.0
4599.5
4641.5
4627.0
4588.0
4599.5
4596.5
4608.0
4560.0
4578.0
4596.5
4557.5
4528.5
4559.5
4556.0
4548.0
4528.0
4507.0
4524.5
4532.5
4499.0
4494.0
4489.5
4509.5
4482.0
4465.5
4465.5
4479.0
4457.5
4437.0
4441.0
4456.5
4428.0
4421.0
4415.5
4427.5
4401.5
4393.0
4392.0
4405.5
4371.5
4381.5
4392.0
4347.0
4343.0
4338.5
4385.0
4325.5
4312.0
4313.5
4341.0
4325.5
4267.0
4282.5
4322.0
4320.5
4257.0
4278.0
4282.0
4275.0
4250.5
4251.5
4245.5
4244.5
4222.0
4221.5
4224.0
4224.5
4202.0
4194.0
4199.5
4196.5
4167.5
4171.5
4187.0
4166.0
4143.5
4118.5
4166.0
4164.0
4121.5
4115.5
4166.0
4089.0
4076.0
4115.5
4128.5
4072.0
4076.0
4082.0
4062.0
4072.0
4047.5
4043.5
4062.0
4039.0
4015.5
4017.0
4048.0
4011.5
4003.0
3982.0
4001.5
4005.5
3961.5
3970.5
4001.5
3958.5
3936.5
3952.5
3952.5
3950.5
3912.0
3921.0
3949.0
3910.0
3884.5
3910.0
3908.5
3889.0
3859.0
3870.0
3906.5
3856.5
3840.5
3843.5
3851.5
3856.5
3802.0
3843.5
3842.5
3804.0
3788.0
3807.5
3808.0
3788.5
3769.5
3775.5
3783.0
3764.0
3749.0
3750.0
3763.5
3729.5
3733.0
3714.0
3725.5
3719.5
3673.5
3714.0
3712.0
3692.5
3638.0
3679.5
3712.0
3662.5
3638.0
3635.5
3682.0
3636.5
3614.5
3600.5
3640.5
3636.5
3603.0
3597.0
3603.0
3589.0
3573.0
3576.5
3565.5
3577.0
3560.5
3553.5
3537.0
3541.0
3518.0
3529.0
3523.0
3522.0
3495.5
3491.5
3509.5
3495.5
3465.5
3474.0
3480.0
3472.5
3451.0
3453.0
3448.5
3439.5
3426.5
3432.0
3401.0
3432.5
3426.5
3395.5
3381.5
3388.5
3340.5
3395.0
3381.5
3375.0
3338.0
3354.5
3364.0
3335.5
3316.5
3332.5
3307.5
3335.5
3302.0
3299.5
3295.0
3295.5
3250.5
3272.5
3295.0
3274.0
3249.5
3264.5
3225.0
3253.0
3210.5
3229.5
3210.0
3242.0
3210.5
3201.0
3210.0
3170.5
3169.5
3173.5
3185.5
3163.5
3169.5
3137.0
3149.0
3136.5
3110.5
3135.5
3118.0
3128.0
3086.5
3092.0
3111.5
3102.0
3063.0
3081.5
3060.5
3087.0
3058.0
3038.5
3054.5
3041.0
3032.0
3030.0
3013.0
3017.0
2981.5
2993.0
3013.0
3004.5
2973.5
2975.0
2970.5
2973.0
2972.5
2926.0
2970.5
2923.0
2918.5
2926.0
2958.0
2889.5
2892.5
2905.0
2905.0
2889.5
2851.5
2882.0
2887.5
2871.0
2851.5
2857.0
2841.5
2842.0
2805.5
2839.0
2841.5
2806.0
2800.0
2797.5
2796.0
2798.5
2786.0
2777.0
2790.0
2739.0
2723.5
2754.0
2790.0
2724.5
2718.0
2735.5
2714.0
2724.5
2663.5
2701.5
2702.5
2724.5
2616.5
2701.5
2702.5
2671.5
2616.5
2655.0
2702.5
2618.0
2616.5
2649.5
2608.0
2618.0
2616.5
2601.0
2593.0
2581.5
2573.5
2594.0
2593.0
2531.5
2527.5
2544.0
2593.0
2527.5
2526.0
2542.0
2496.5
2527.5
2488.0
2492.0
2495.5
2516.5
2454.0
2471.5
2495.5
2471.0
2454.0
2454.0
2439.0
2445.0
2426.0
2426.5
2439.0
2400.5
2392.5
2391.5
2424.0
2384.0
2360.0
2390.5
2357.5
2384.0
2341.0
2347.0
2357.5
2346.5
2312.0
2315.0
2339.5
2325.5
2312.0
2315.0
2278.5
2286.5
2278.0
2269.5
2276.0
2268.5
2226.5
2244.0
2276.0
2245.5
2215.5
2235.5
2227.0
2214.0
2191.0
2182.5
2204.5
2214.0
2175.5
2171.5
2169.0
2176.0
2161.0
2136.5
2160.0
2134.5
2135.5
2136.5
2110.5
2109.5
2091.5
2096.5
2100.0
2104.0
2065.5
2068.0
2078.5
2080.0
2031.5
2068.0
2023.0
2069.5
2009.0
2034.0
2007.0
2042.0
2009.0
2004.5
1988.5
1990.0
1997.0
1995.5
1947.5
1952.0
1947.0
1948.0
1947.5
1949.5
1945.5
1948.0
1899.0
1899.5
1900.5
1901.0
1896.0
1894.5
1847.0
1891.0
1859.5
1894.5
1834.5
1858.0
1842.5
1857.0
1825.5
1824.5
1821.0
1821.0
1800.5
1800.5
1795.0
1796.0
1765.0
1768.5
1781.0
1777.5
1723.0
1768.5
1733.5
1767.0
1723.0
1726.0
1694.0
1749.0
1706.0
1698.0
1694.0
1694.0
1662.0
1672.0
1675.0
1683.0
1620.5
1661.5
1651.0
1659.0
1620.5
1628.0
1599.0
1644.5
1598.0
1597.5
1599.0
1597.5
1578.5
1574.0
1571.0
1568.5
1538.5
1555.0
1543.0
1555.5
1521.5
1528.0
1540.0
1502.5
1496.0
1481.5
1540.0
1474.5
1466.5
1480.0
1471.0
1474.5
1428.0
1459.5
1430.0
1474.5
1408.0
1425.0
1430.0
1429.0
1402.5
1400.5
1394.0
1395.0
1366.0
1363.5
1385.5
1377.0
1324.5
1363.5
1349.0
1355.0
1324.5
1324.0
1331.0
1312.5
1294.0
1297.5
1303.5
1297.0
1272.0
1272.0
1272.5
1275.5
1238.5
1245.5
1257.5
1250.5
1224.5
1224.0
1224.0
1219.5
1188.0
1193.5
1206.0
1204.5
1180.0
1160.5
1188.0
1163.5
1151.0
1143.0
1181.5
1116.5
1114.5
1135.0
1139.5
1103.0
1089.5
1098.0
1101.5
1103.0
1057.5
1060.5
1089.0
1085.0
1025.0
1034.0
1089.0
1044.0
1025.0
1025.5
1020.5
1021.0
1005.0
992.5
1014.0
980.5
963.5
988.0
982.0
958.5
939.5
948.0
949.0
955.5
932.0
917.5
927.5
915.0
890.0
890.0
927.5
884.5
865.0
871.0
876.0
880.0
847.0
840.5
842.0
862.5
839.0
818.5
819.5
815.0
794.5
800.5
799.0
798.0
771.5
780.5
773.5
766.5
764.0
747.5
759.0
721.5
723.0
747.5
739.5
682.0
685.5
723.0
701.5
682.0
667.0
682.5
660.5
682.0
632.0
632.5
660.5
667.0
584.0
619.0
660.5
628.5
576.0
582.5
647.0
586.5
576.0
575.5
563.5
577.0
576.0
537.0
563.5
515.5
529.5
537.0
563.5
462.0
487.5
495.0
563.5
446.0
461.0
467.5
517.5
446.0
452.0
467.5
426.5
446.0
410.0
420.0
424.0
438.0
368.0
400.0
424.0
400.0
368.0
375.0
382.0
367.0
368.0
345.5
345.5
333.0
327.0
322.5
345.5
297.0
295.5
301.5
298.0
297.0
260.5
267.5
269.5
294.5
226.0
249.5
269.5
247.0
226.0
231.5
206.0
228.5
207.5
203.0
205.0
176.5
164.5
163.0
198.5
166.0
145.5
137.0
143.5
166.0
96.5
137.0
131.0
127.5
96.5
95.5
104.0
96.0
84.0
80.5
77.0
50.5
40.5
46.0
68.0
37.5
21.5
16.5
16.5
37.5
-2.0
-2.0
-2.0
-2.0
