3.1356879472732544
3.1366264820098877
3.2499959468841553
3.250071883201599
3.3836110830307007
3.383697986602783
3.5636110305786133
3.5636740922927856
3.863740086555481
3.866007089614868
4.126441597938538
4.126539587974548
4.2025874853134155
4.202669978141785
4.242395520210266
4.242456078529358
4.338141083717346
4.338202476501465
4.5804619789123535
4.580536961555481
4.700464963912964
4.700539469718933
4.981261968612671
4.981373071670532
5.197036027908325
5.19710099697113
5.22907292842865
5.229140400886536
5.355005502700806
5.35506796836853
5.3257914781570435
5.325852036476135
5.290820479393005
5.290881037712097
5.27039909362793
5.270466566085815
5.26451301574707
5.264569878578186
5.242488980293274
5.242547988891602
5.256114959716797
5.25618040561676
5.233427405357361
5.233485460281372
5.483698010444641
5.483775615692139
5.494108438491821
5.494171977043152
5.49532151222229
5.495379447937012
5.641655087471008
5.64171302318573
5.59040892124176
5.590465426445007
5.577433943748474
5.5774924755096436
5.497808933258057
5.497910380363464
5.713738560676575
5.713799595832825
5.688979148864746
5.689037561416626
5.674845576286316
5.674904108047485
5.5914084911346436
5.591466426849365
5.568883419036865
5.568943977355957
5.549586534500122
5.54964554309845
5.473019003868103
5.473079562187195
5.531391024589539
5.531450510025024
5.764552474021912
5.764617443084717
5.654770612716675
5.6548285484313965
5.62593686580658
5.625996470451355
5.9490954875946045
5.949155569076538
5.933559060096741
5.933620572090149
5.899771094322205
5.8998295068740845
5.850382924079895
5.850448966026306
5.814917087554932
5.815014481544495
5.7282774448394775
5.728343486785889
5.607441425323486
5.607526898384094
5.6003605127334595
5.6004509925842285
5.776165962219238
5.776239991188049
5.786828398704529
5.7868958711624146
5.791030049324036
5.7911049127578735
5.873831033706665
5.873895049095154
6.238708972930908
6.238774538040161
6.231510043144226
6.231573104858398
6.223714113235474
6.223778009414673
6.222016453742981
6.22208046913147
6.196577429771423
6.1966400146484375
6.179121017456055
6.1791980266571045
6.149195432662964
6.1492544412612915
6.13317346572876
6.133234977722168
5.941316485404968
5.941379427909851
6.203603386878967
6.203668832778931
6.258214950561523
6.258278965950012
6.1040613651275635
6.104124426841736
6.088730692863464
6.089026570320129
6.106857180595398
6.106921672821045
6.102458953857422
6.102530479431152
6.19301700592041
6.193157434463501
6.303500533103943
6.3035629987716675
6.312119364738464
6.312183499336243
6.209327578544617
6.209388971328735
6.304996013641357
6.305058002471924
6.294188141822815
6.294247031211853
6.285359501838684
6.285420894622803
6.37978208065033
6.379851579666138
6.282738566398621
6.282824993133545
6.381898045539856
6.381974577903748
6.382915019989014
6.382978081703186
6.318273901939392
6.318337082862854
6.398424983024597
6.398488998413086
6.36511492729187
6.365177512168884
6.367092609405518
6.3671640157699585
6.531627535820007
6.531691074371338
6.868881106376648
6.8689446449279785
6.8734400272369385
6.87350594997406
6.978240489959717
6.978303551673889
6.9564008712768555
6.956465363502502
6.9356430768966675
6.935720443725586
6.88887345790863
6.888938069343567
6.850210070610046
6.850312113761902
6.812556982040405
6.812619566917419
6.749498963356018
6.749562501907349
6.707052111625671
6.707113146781921
6.533621549606323
6.533684134483337
6.724373459815979
6.7244709730148315
6.8478124141693115
6.847875356674194
7.084270000457764
7.084335446357727
7.32451856136322
7.324594140052795
7.067166447639465
7.067229986190796
7.066266417503357
7.066337466239929
7.050755500793457
7.050819993019104
7.016900897026062
7.01699697971344
7.375919580459595
7.375984072685242
7.176180124282837
7.1762449741363525
7.1495654582977295
7.149643898010254
7.099133610725403
7.099197626113892
7.096184968948364
7.096249461174011
7.0777575969696045
7.07782256603241
7.049177050590515
7.049243092536926
7.042687892913818
7.042758464813232
7.358628988265991
7.358692526817322
7.240320444107056
7.24038553237915
7.571658492088318
7.571723937988281
7.136933445930481
7.136997938156128
7.356536030769348
7.3566014766693115
7.330704569816589
7.330768585205078
7.134872078895569
7.13494348526001
7.123189091682434
7.123253583908081
7.434043526649475
7.434109926223755
7.117737412452698
7.117800354957581
7.431362986564636
7.431428551673889
7.41411554813385
7.414180636405945
7.658532500267029
7.658599019050598
7.637240409851074
7.637322902679443
7.629012942314148
7.629078984260559
7.628371000289917
7.628437042236328
7.609471082687378
7.609536051750183
7.510359048843384
7.510424971580505
7.5861769914627075
7.586244463920593
7.541296482086182
7.541360974311829
7.442260026931763
7.442327976226807
7.521659016609192
7.521724462509155
7.513698577880859
7.513765096664429
7.55089795589447
7.5509644746780396
7.530299425125122
7.530363440513611
7.4837610721588135
7.483824014663696
7.472079515457153
7.472146391868591
7.8196330070495605
7.819700002670288
8.028949499130249
8.02901303768158
7.8434062004089355
7.843471527099609
7.8204585313797
7.820543527603149
7.547509074211121
7.547573089599609
7.779887557029724
7.779951453208923
7.753442883491516
7.7535094022750854
7.537524580955505
7.537592530250549
7.6889389753341675
7.689007520675659
7.795060038566589
7.795125961303711
8.043236494064331
8.0433509349823
8.022371530532837
8.022440552711487
7.665194034576416
7.665258049964905
7.952735900878906
7.952803015708923
7.722824573516846
7.722887635231018
7.836322069168091
7.836389541625977
7.857727646827698
7.8577951192855835
7.848950982093811
7.849016547203064
8.155921578407288
8.15599000453949
8.666845560073853
8.666910409927368
8.659251928329468
8.659311890602112
8.874457955360413
8.874520421028137
8.908109545707703
8.908172488212585
8.701494455337524
8.70155644416809
8.57382607460022
8.573889017105103
8.606605052947998
8.6066654920578
8.5879465341568
8.588006496429443
8.583381056785583
8.583469986915588
8.904820084571838
8.904894948005676
8.727712035179138
8.727774977684021
8.772168040275574
8.772231459617615
8.766616463661194
8.766677975654602
8.912182569503784
8.912246704101562
8.80355429649353
8.803616404533386
8.799625039100647
8.799687623977661
8.774476885795593
8.774538397789001
8.868470549583435
8.868532538414001
8.84740149974823
8.847489953041077
9.26753842830658
9.267600893974304
9.186290502548218
9.186352610588074
9.157662510871887
9.157724499702454
9.022990465164185
9.023053407669067
9.005348443984985
9.005411982536316
9.285578608512878
9.28564703464508
9.126875042915344
9.126937985420227
9.249595522880554
9.249658942222595
9.227068066596985
9.227130651473999
9.09766709804535
9.097736120223999
9.111825585365295
9.111889004707336
9.12718641757965
9.127249479293823
9.113012552261353
9.113079071044922
9.457221508026123
9.457283020019531
9.377562403678894
9.37762451171875
9.25098192691803
9.251046895980835
9.324870586395264
9.324931979179382
9.41431212425232
9.414374113082886
9.401606917381287
9.401670455932617
9.336432933807373
9.336493968963623
9.405099987983704
9.405163407325745
9.327807903289795
9.32787001132965
9.345650434494019
9.345711588859558
9.30911648273468
9.309180974960327
9.330515027046204
9.330579042434692
9.324695944786072
9.324759006500244
9.64242148399353
9.642482995986938
9.538476467132568
9.538536071777344
9.516318917274475
9.516378998756409
9.7691730260849
9.7692369222641
9.729730606079102
9.72979199886322
9.585612177848816
9.58567464351654
9.515720009803772
9.515781044960022
9.63269555568695
9.632758498191833
9.451854467391968
9.451915979385376
9.387495040893555
9.387557029724121
9.33748209476471
9.337545037269592
9.623800039291382
9.623865008354187
9.586102485656738
9.586195945739746
9.512846946716309
9.512909054756165
9.759716033935547
9.759778499603271
9.628073573112488
9.628136038780212
9.612373113632202
9.612436532974243
9.591265082359314
9.591327667236328
9.561189889907837
9.561252355575562
9.53743600845337
9.537503480911255
9.563561081886292
9.563623547554016
9.702592492103577
9.702678561210632
9.693711519241333
9.693773031234741
9.696425914764404
9.696486473083496
9.867818355560303
9.867881059646606
9.774468898773193
9.774533033370972
9.755329608917236
9.755391478538513
9.805606126785278
9.805695056915283
9.741015553474426
9.741078495979309
9.673964500427246
9.674044609069824
9.845208525657654
9.845302939414978
9.843005895614624
9.84307050704956
9.8981773853302
9.898247480392456
9.929018020629883
9.929080963134766
9.990052461624146
9.990116477012634
9.998741030693054
9.998807072639465
10.03804099559784
10.038105487823486
10.056194067001343
10.056259036064148
10.025274991989136
10.025337934494019
10.389531135559082
10.389594435691833
10.429975032806396
10.43003797531128
10.406188011169434
10.406270027160645
10.40963900089264
10.409703493118286
10.382238507270813
10.38230299949646
10.38611888885498
10.38618290424347
10.137969493865967
10.138031482696533
10.146094560623169
10.146159529685974
10.173498392105103
10.173560500144958
10.408883452415466
10.408960461616516
11.387781023979187
11.387843012809753
11.361149430274963
11.361211895942688
11.347329020500183
11.347393989562988
11.35625445842743
11.35631799697876
11.346562623977661
11.346624493598938
11.299763441085815
11.299827456474304
11.276059985160828
11.276124477386475
11.226197481155396
11.226266980171204
11.189463496208191
11.189528465270996
11.174371600151062
11.174436450004578
11.214848518371582
11.21491253376007
11.205551981925964
11.205615997314453
11.064489483833313
11.064586520195007
11.219568133354187
11.219638586044312
11.100325465202332
11.100403904914856
11.255959510803223
11.256031036376953
11.317321538925171
11.317383050918579
11.3031485080719
11.303213477134705
11.320207476615906
11.32026994228363
11.37259817123413
11.372663140296936
11.340077996253967
11.340145468711853
11.350203037261963
11.35026502609253
11.432693481445312
11.432825922966003
11.4471355676651
11.447198033332825
11.436856031417847
11.436919927597046
11.487338066101074
11.487404584884644
11.481359004974365
11.481424450874329
11.663663625717163
11.663748025894165
11.668889999389648
11.668954014778137
11.680527925491333
11.68059492111206
11.662160992622375
11.6622234582901
11.671651363372803
11.671723365783691
11.662316083908081
11.66237998008728
11.6798734664917
11.679937958717346
11.62693703174591
11.627002000808716
11.75978147983551
11.75984501838684
11.643457531929016
11.643521547317505
11.687097430229187
11.687162518501282
11.573120474815369
11.5731840133667
11.847717046737671
11.847779035568237
11.89353597164154
11.893598556518555
11.875278949737549
11.87534248828888
11.79149341583252
11.791563868522644
11.819323539733887
11.819387555122375
11.785326957702637
11.785391926765442
12.067285418510437
12.067349076271057
11.999683499336243
11.999747037887573
11.996895432472229
11.996962547302246
12.240438103675842
12.240501642227173
12.113763928413391
12.113832354545593
12.082030534744263
12.082096457481384
11.955968022346497
11.956051588058472
11.904872417449951
11.904937982559204
11.890114068984985
11.890177011489868
11.859789967536926
11.859854936599731
11.812939047813416
11.813042044639587
11.820286512374878
11.82034945487976
11.991689920425415
11.991753458976746
12.240628480911255
12.240694403648376
12.045629978179932
12.045700550079346
11.971397399902344
11.971462368965149
11.953691124916077
11.953753113746643
11.945009469985962
11.94507348537445
11.995102882385254
11.995165944099426
12.01063060760498
12.010694146156311
12.0180823802948
12.018145442008972
12.071058511734009
12.071125507354736
12.058717608451843
12.058783531188965
12.133191585540771
12.133257627487183
12.840829491615295
12.840893030166626
12.834988594055176
12.835051536560059
12.800843119621277
12.80090606212616
12.77886700630188
12.778938055038452
12.832888960838318
12.832951426506042
12.930545568466187
12.930610537528992
12.824417471885681
12.824480533599854
12.658432483673096
12.658496975898743
12.331381916999817
12.331449508666992
12.40610146522522
12.406174421310425
12.402029395103455
12.40209186077118
12.386305928230286
12.386370539665222
12.793624997138977
12.793725967407227
13.299756050109863
13.29981803894043
13.092615008354187
13.09267795085907
12.838139414787292
12.838202476501465
12.840333938598633
12.84039843082428
12.917916536331177
12.917982578277588
12.885216474533081
12.88528037071228
12.986198425292969
12.986265063285828
12.840619564056396
12.840694546699524
12.772834539413452
12.772904992103577
13.094901084899902
13.095195531845093
12.865047097206116
12.86522352695465
12.846738934516907
12.84681499004364
12.83244800567627
12.832512974739075
13.263141512870789
13.2632075548172
13.243772506713867
13.243842005729675
13.383726477622986
13.38382601737976
13.200252890586853
13.200316071510315
13.252884030342102
13.252957940101624
13.342666029930115
13.342730045318604
13.565693855285645
13.565799355506897
13.487117528915405
13.487181901931763
13.399305582046509
13.399370074272156
13.428363561630249
13.42842698097229
13.458664655685425
13.458729028701782
13.447145462036133
13.447216987609863
13.409514307975769
13.409580826759338
13.300419569015503
13.300482988357544
13.516032338142395
13.516096949577332
13.388829946517944
13.38889753818512
13.48887550830841
13.489046573638916
13.608551979064941
13.60862135887146
13.564513444900513
13.564576983451843
13.555513858795166
13.555576920509338
13.573980450630188
13.574042439460754
13.585829377174377
13.585895419120789
13.654765963554382
13.654839515686035
13.7153639793396
13.715426445007324
13.686123967170715
13.686187505722046
13.668211936950684
13.668278098106384
13.64954149723053
13.649605393409729
13.610940098762512
13.611031532287598
13.679357528686523
13.679421067237854
13.754767417907715
13.754829406738281
13.83862853050232
13.83869194984436
13.81355607509613
13.81362009048462
13.81441593170166
13.814480066299438
13.8423490524292
13.842439532279968
13.86880898475647
13.868873953819275
13.821505665779114
13.821569561958313
13.896233916282654
13.896296501159668
13.822935581207275
13.823001503944397
13.974393486976624
13.974460124969482
13.919022917747498
13.919086933135986
13.859940528869629
13.860004901885986
13.990495920181274
13.990561962127686
14.176787614822388
14.176854491233826
14.166107058525085
14.166182518005371
14.152227997779846
14.152289986610413
14.16270101070404
14.162765502929688
14.13122010231018
14.131283640861511
14.122565865516663
14.122628450393677
14.104351043701172
14.104413986206055
14.117128610610962
14.117193579673767
14.094417333602905
14.094480991363525
14.454572558403015
14.454636931419373
14.41102647781372
14.411088466644287
14.386123418807983
14.386185884475708
14.370789051055908
14.370851993560791
14.367003560066223
14.367066621780396
14.351003527641296
14.351068019866943
14.36619257926941
14.366255521774292
14.348679423332214
14.348743557929993
14.332666993141174
14.332736015319824
14.328302502632141
14.328366994857788
14.372333526611328
14.372394442558289
14.361053943634033
14.3611159324646
14.31567394733429
14.315735459327698
14.395328521728516
14.395402431488037
14.401118040084839
14.401180982589722
14.481190919876099
14.48126995563507
14.464704990386963
14.464769005775452
14.445883989334106
14.445945978164673
14.425574541091919
14.425637006759644
14.616371393203735
14.616436958312988
14.725110411643982
14.72517442703247
14.706550598144531
14.70661199092865
14.693020939826965
14.693085074424744
14.853420972824097
14.853484511375427
14.831289410591125
14.831353545188904
14.720418453216553
14.720484495162964
14.858877062797546
14.85894000530243
15.031684517860413
15.031747460365295
15.010998964309692
15.01106345653534
14.992241501808167
14.992307424545288
14.961721658706665
14.961783528327942
15.097633004188538
15.097697019577026
14.991857528686523
14.991922497749329
14.988351464271545
14.988425970077515
14.974307537078857
14.97437298297882
14.957454562187195
14.957522511482239
14.942557096481323
14.942659974098206
14.941757559776306
14.941826939582825
14.948561549186707
14.94865345954895
15.13709807395935
15.137197494506836
15.125285983085632
15.125349998474121
15.030063033103943
15.030123949050903
15.01530647277832
15.01537299156189
14.998669981956482
14.998754978179932
15.044008374214172
15.044070959091187
15.015804529190063
15.015868544578552
15.285399556159973
15.28546154499054
15.287874937057495
15.287939548492432
15.279937148094177
15.279999017715454
15.263713955879211
15.263779997825623
15.244306921958923
15.244369864463806
15.224395513534546
15.224458456039429
15.218894600868225
15.218959093093872
15.633966445922852
15.634031414985657
15.603686094284058
15.603751063346863
15.574707984924316
15.57478404045105
15.845566511154175
15.845630526542664
15.82070505619049
15.820767998695374
15.819561004638672
15.81962251663208
15.793987035751343
15.79405152797699
15.760480403900146
15.760544419288635
15.75020146369934
15.750267148017883
15.74525249004364
15.745314955711365
15.735711097717285
15.73577606678009
15.73026990890503
15.730334997177124
15.751717925071716
15.751783013343811
15.734454989433289
15.734521508216858
15.718569993972778
15.718634963035583
15.691810965538025
15.691874027252197
15.693770051002502
15.693833112716675
15.697930932044983
15.698008418083191
15.683869004249573
15.683952569961548
15.668314099311829
15.668377995491028
15.788929104804993
15.789003133773804
15.703109622001648
15.70319402217865
15.664682984352112
15.664746046066284
15.921255946159363
15.92132842540741
15.907649993896484
15.90772569179535
15.884979963302612
15.885064959526062
15.868748426437378
15.868811011314392
15.863600611686707
15.863662600517273
15.852997541427612
15.853061437606812
15.83897602558136
15.839040994644165
16.498120546340942
16.49818253517151
16.46933341026306
16.469396948814392
16.433449506759644
16.433512091636658
16.425480008125305
16.425543546676636
16.3845134973526
16.38457691669464
16.385174989700317
16.385239005088806
16.365949988365173
16.366014003753662
16.35324800014496
16.353313446044922
16.340370416641235
16.340437412261963
16.336753964424133
16.336819052696228
16.331119894981384
16.331183433532715
16.32243061065674
16.322494626045227
16.439864993095398
16.439944982528687
16.449984550476074
16.45004892349243
16.42139446735382
16.42145550251007
16.423826456069946
16.423918962478638
16.40207040309906
16.40213441848755
16.396591424942017
16.39665400981903
16.384172558784485
16.38423752784729
16.380598425865173
16.38066339492798
16.368963479995728
16.369028568267822
