10699.5
11344.5
11437.0
12399.0
12283.0
12349.0
12298.0
12299.0
12248.0
12249.0
12198.0
12199.0
12148.0
12149.0
12098.0
12099.0
12048.0
12049.0
11998.0
11999.0
11948.0
11949.0
11898.0
11899.0
11848.0
11849.0
11798.0
11799.0
11748.0
11749.0
11698.0
11699.0
11648.0
11649.0
11598.0
11599.0
11548.0
11549.0
11498.0
11499.0
11448.0
11449.0
11398.0
11399.0
11348.0
11349.0
11298.0
11299.0
11248.0
11249.0
11198.0
11199.0
11148.0
11149.0
11098.0
11099.0
11048.0
11049.0
10998.0
10999.0
10948.0
10949.0
10898.0
10899.0
10848.0
10849.0
10798.0
10799.0
10748.0
10749.0
10698.0
10699.0
10648.0
10649.0
10598.0
10599.0
10548.0
10549.0
10498.0
10499.0
10448.0
10449.0
10398.0
10399.0
10348.0
10349.0
10298.0
10299.0
10248.0
10249.0
10198.0
10199.0
10148.0
10149.0
10098.0
10099.0
10048.0
10049.0
9998.0
9999.0
9948.0
9949.0
9898.0
9899.0
9848.0
9849.0
9798.0
9799.0
9748.0
9749.0
9698.0
9699.0
9648.0
9649.0
9598.0
9599.0
9548.0
9549.0
9498.0
9499.0
9448.0
9449.0
9398.0
9399.0
9348.0
9349.0
9298.0
9299.0
9248.0
9249.0
9198.0
9199.0
9148.0
9149.0
9098.0
9099.0
9048.0
9049.0
8998.0
8999.0
8948.0
8949.0
8898.0
8899.0
8848.0
8849.0
8798.0
8799.0
8748.0
8749.0
8698.0
8699.0
8648.0
8649.0
8598.0
8599.0
8548.0
8549.0
8498.0
8499.0
8448.0
8449.0
8398.0
8399.0
8348.0
8349.0
8298.0
8299.0
8248.0
8249.0
8198.0
8199.0
8148.0
8149.0
8098.0
8099.0
8048.0
8049.0
7998.0
7999.0
7948.0
7949.0
7898.0
7899.0
7848.0
7849.0
7798.0
7799.0
7748.0
7749.0
7698.0
7699.0
7648.0
7649.0
7598.0
7599.0
7548.0
7549.0
7498.0
7499.0
7448.0
7449.0
7398.0
7399.0
7348.0
7349.0
7298.0
7299.0
7248.0
7249.0
7198.0
7199.0
7148.0
7149.0
7098.0
7099.0
7048.0
7049.0
6998.0
6999.0
6948.0
6949.0
6898.0
6899.0
6848.0
6849.0
6798.0
6799.0
6748.0
6749.0
6698.0
6699.0
6648.0
6649.0
6598.0
6599.0
6548.0
6549.0
6498.0
6499.0
6448.0
6449.0
6398.0
6399.0
6348.0
6349.0
6298.0
6299.0
6248.0
6249.0
6198.0
6199.0
6148.0
6149.0
6098.0
6099.0
6048.0
6049.0
5998.0
5999.0
5948.0
5949.0
5898.0
5899.0
5848.0
5849.0
5798.0
5799.0
5748.0
5749.0
5698.0
5699.0
5648.0
5649.0
5598.0
5599.0
5548.0
5549.0
5498.0
5499.0
5448.0
5449.0
5398.0
5399.0
5348.0
5349.0
5298.0
5299.0
5248.0
5249.0
5198.0
5199.0
5148.0
5149.0
5098.0
5099.0
5048.0
5049.0
4998.0
4999.0
4948.0
4949.0
4898.0
4899.0
4848.0
4849.0
4798.0
4799.0
4748.0
4749.0
4698.0
4699.0
4697.0
17100.0
4697.0
17000.0
4697.0
16900.0
4697.0
16800.0
4697.0
16700.0
4697.0
16600.0
4697.0
16500.0
4697.0
16400.0
4697.0
16300.0
4697.0
16200.0
4697.0
16100.0
4697.0
16000.0
4697.0
15900.0
4697.0
15800.0
4697.0
15700.0
4697.0
15600.0
4697.0
15500.0
4697.0
15400.0
4697.0
15300.0
4697.0
15200.0
4697.0
15100.0
4697.0
15000.0
4697.0
14900.0
4697.0
14800.0
4697.0
14700.0
4697.0
14600.0
4697.0
14500.0
4697.0
14400.0
4697.0
14300.0
4697.0
14200.0
4697.0
14100.0
4697.0
14000.0
4697.0
13900.0
4697.0
13800.0
4697.0
13700.0
4697.0
13600.0
4697.0
13500.0
4697.0
13400.0
4697.0
13300.0
4697.0
13200.0
4697.0
13100.0
4697.0
13000.0
4697.0
12900.0
4697.0
12800.0
4697.0
12700.0
4697.0
12600.0
4697.0
12500.0
4697.0
12400.0
4697.0
12300.0
4697.0
12200.0
4697.0
12100.0
4697.0
12000.0
4697.0
11900.0
4697.0
11800.0
4697.0
11700.0
4697.0
11600.0
4697.0
11500.0
4697.0
11400.0
4697.0
11300.0
4697.0
11200.0
4697.0
11100.0
4697.0
11000.0
4697.0
10900.0
4697.0
10800.0
4697.0
10700.0
4697.0
10600.0
4697.0
10500.0
4697.0
10400.0
4697.0
10300.0
4697.0
10200.0
4697.0
10100.0
4697.0
10000.0
4697.0
9900.0
4697.0
9800.0
4697.0
9700.0
4697.0
9600.0
4697.0
9500.0
4697.0
9400.0
4697.0
9300.0
4697.0
9200.0
4697.0
9100.0
4697.0
9000.0
4697.0
8900.0
4697.0
8800.0
4697.0
8700.0
4697.0
8600.0
4697.0
8500.0
4697.0
8400.0
4697.0
8300.0
4697.0
8200.0
4697.0
8100.0
4697.0
8000.0
4697.0
7900.0
4697.0
7800.0
17146.5
7749.5
17096.5
7699.5
17046.5
7649.5
16996.5
7599.5
16946.5
7549.5
16896.5
7499.5
16846.5
7449.5
16796.5
7399.5
16746.5
7349.5
16696.5
7299.5
16646.5
7249.5
16596.5
7199.5
16546.5
7149.5
16496.5
7099.5
16446.5
7049.5
16396.5
6999.5
16346.5
6949.5
16296.5
6899.5
16246.5
6849.5
16196.5
6799.5
16146.5
6749.5
16096.5
6699.5
16046.5
6649.5
15996.5
6599.5
15946.5
6549.5
15896.5
6499.5
15846.5
6449.5
15796.5
6399.5
15746.5
6349.5
15696.5
6299.5
15646.5
6249.5
15596.5
6199.5
15546.5
6149.5
15496.5
6099.5
15446.5
6049.5
15396.5
5999.5
15346.5
5949.5
15296.5
5899.5
15246.5
5849.5
15196.5
5799.5
15146.5
5749.5
15096.5
5699.5
15046.5
5649.5
14996.5
5599.5
14946.5
5549.5
14896.5
5499.5
14846.5
5449.5
14796.5
5399.5
14746.5
5349.5
14696.5
5299.5
14646.5
5249.5
14596.5
5199.5
14546.5
5149.5
14496.5
5099.5
14405.5
5090.5
14305.5
5090.5
14205.5
5090.5
14105.5
5090.5
14005.5
5090.5
13905.5
5090.5
13805.5
5090.5
13705.5
5090.5
13605.5
5090.5
13505.5
5090.5
13405.5
5090.5
13305.5
5090.5
13205.5
5090.5
13105.5
5090.5
13005.5
5090.5
12905.5
5090.5
12805.5
5090.5
12705.5
5090.5
12605.5
5090.5
12505.5
5090.5
12405.5
5090.5
12305.5
5090.5
12205.5
5090.5
12105.5
5090.5
12005.5
5090.5
11905.5
5090.5
11805.5
5090.5
11705.5
5090.5
11605.5
5090.5
11505.5
5090.5
11405.5
5090.5
11305.5
5090.5
11205.5
5090.5
11105.5
5090.5
11005.5
5090.5
10905.5
5090.5
10805.5
5090.5
10705.5
5090.5
10605.5
5090.5
10505.5
5090.5
10405.5
5090.5
10305.5
5090.5
10205.5
5090.5
10105.5
5090.5
10005.5
5090.5
9905.5
5090.5
9805.5
5090.5
9705.5
5090.5
9605.5
5090.5
9505.5
5090.5
9405.5
5090.5
9305.5
5090.5
9205.5
5090.5
9105.5
5090.5
9005.5
5090.5
8905.5
5090.5
8805.5
5090.5
8705.5
5090.5
8605.5
5090.5
8546.5
5049.5
8496.5
4999.5
8446.5
4949.5
8396.5
4899.5
8346.5
4849.5
8296.5
4799.5
8246.5
4749.5
8196.5
4699.5
8146.5
4649.5
8096.5
4599.5
8046.5
4549.5
7996.5
4499.5
7946.5
4449.5
7896.5
4399.5
7846.5
4349.5
7796.5
4299.5
7746.5
4249.5
7696.5
4199.5
7646.5
4149.5
7596.5
4099.5
7546.5
4049.5
7496.5
3999.5
7446.5
3949.5
7396.5
3899.5
7346.5
3849.5
7296.5
3799.5
7246.5
3749.5
7196.5
3699.5
7146.5
3649.5
7096.5
3599.5
7046.5
3549.5
6996.5
3499.5
6946.5
3449.5
6896.5
3399.5
6846.5
3349.5
6796.5
3299.5
6746.5
3249.5
6696.5
3199.5
6646.5
3149.5
6596.5
3099.5
6546.5
3049.5
6496.5
2999.5
6446.5
2949.5
6396.5
2899.5
6346.5
2849.5
6296.5
2799.5
6246.5
2749.5
6196.5
2699.5
6146.5
2649.5
6096.5
2599.5
6046.5
2549.5
5996.5
2499.5
5946.5
2449.5
5896.5
2399.5
5846.5
2349.5
5796.5
2299.5
5706.5
2289.5
5606.5
2289.5
5540.0
2256.0
5469.0
2227.0
5369.0
2227.0
5269.0
2227.0
5169.0
2227.0
5069.0
2227.0
4969.0
2227.0
4877.0
2219.0
4827.0
2169.0
4777.0
2119.0
4727.0
2069.0
4677.0
2019.0
4627.0
1969.0
4577.0
1919.0
4510.0
1886.0
4410.0
1886.0
4310.0
1886.0
4210.0
1886.0
4110.0
1886.0
4010.0
1886.0
3910.0
1886.0
3810.0
1886.0
3710.0
1886.0
3610.0
1886.0
3510.0
1886.0
3410.0
1886.0
3310.0
1886.0
3210.0
1886.0
3110.0
1886.0
3010.0
1886.0
2910.0
1886.0
2831.5
1864.5
2781.5
1814.5
2731.5
1764.5
2681.5
1714.5
2631.5
1664.5
2581.5
1614.5
2531.5
1564.5
2481.5
1514.5
2431.5
1464.5
2381.5
1414.5
2331.5
1364.5
2281.5
1314.5
2231.5
1264.5
2181.5
1214.5
2131.5
1164.5
2081.5
1114.5
2031.5
1064.5
1953.5
1042.5
1853.5
1042.5
1753.5
1042.5
1653.5
1042.5
1553.5
1042.5
1453.5
1042.5
1353.5
1042.5
1253.5
1042.5
1153.5
1042.5
1053.5
1042.5
998.0
998.0
948.0
948.0
898.0
898.0
848.0
848.0
798.0
798.0
748.0
748.0
698.0
698.0
648.0
648.0
598.0
598.0
548.0
548.0
498.0
498.0
448.0
448.0
398.0
398.0
348.0
348.0
298.0
298.0
248.0
248.0
198.0
198.0
148.0
148.0
98.0
98.0
48.0
48.0
-2.0
-2.0
