3.252927005290985
3.313773900270462
3.499155968427658
3.663625955581665
3.9442924559116364
4.112979531288147
4.278164058923721
4.4275447726249695
4.5836904644966125
4.8104961812496185
5.006097316741943
5.039537280797958
5.08016574382782
5.1181120574474335
5.1405859887599945
5.151337623596191
5.156451463699341
5.199543088674545
5.296500086784363
5.371946454048157
5.362854540348053
5.3701088428497314
5.379408657550812
5.396884590387344
5.533035486936569
5.620038688182831
5.783670008182526
5.764002799987793
5.782818853855133
5.81095153093338
5.904156595468521
5.903671681880951
5.935700863599777
5.967331558465958
5.9987271428108215
6.016065388917923
6.056056469678879
6.113804250955582
6.124585688114166
6.0838331282138824
6.173895746469498
6.198558986186981
6.25753927230835
6.360219478607178
6.489817887544632
6.4841945469379425
6.647242903709412
6.649082601070404
6.645325660705566
6.605330556631088
6.844402998685837
6.828121870756149
6.863045811653137
6.92849525809288
6.939433753490448
7.050754129886627
6.986244589090347
7.040595531463623
7.006615728139877
7.061073482036591
7.125106781721115
7.073155522346497
7.088360756635666
7.22535565495491
7.208503246307373
7.338745683431625
7.3874369859695435
7.436651021242142
7.496062397956848
7.581760734319687
7.60193333029747
7.706421673297882
7.699887007474899
7.7984137535095215
7.827977895736694
7.868373900651932
7.850387364625931
7.955166697502136
7.997188448905945
8.078735619783401
7.979783535003662
8.260130852460861
8.448240399360657
8.425192475318909
8.470656752586365
8.391605913639069
8.394445449113846
8.61696144938469
8.589627802371979
8.696135371923447
8.64717948436737
8.63593065738678
8.636772364377975
8.645111799240112
8.750992625951767
9.014633774757385
9.275917947292328
9.21309232711792
9.147205650806427
9.160482287406921
9.287722945213318
9.357346385717392
9.369937121868134
9.496440678834915
9.503324419260025
9.576932668685913
9.545863091945648
9.610077321529388
9.620079845190048
9.60021260380745
10.013183951377869
9.989268064498901
10.003516554832458
10.022731006145477
10.1363725066185
10.217342406511307
10.217900454998016
10.218104809522629
10.220718026161194
10.264236062765121
10.284418761730194
10.287974238395691
10.286981254816055
10.262154966592789
