3.033420503139496
3.231706440448761
3.561640501022339
3.8526874780654907
3.968473494052887
4.224880218505859
4.50126588344574
4.708472788333893
4.945458471775055
5.253892183303833
5.396312713623047
5.548806011676788
5.671011984348297
5.781241476535797
5.815192759037018
5.836503744125366
5.836131453514099
5.8358489871025085
5.833406746387482
5.919643342494965
5.946187794208527
6.025937438011169
6.021417021751404
5.999144434928894
6.022172033786774
6.091928064823151
6.160959720611572
6.1642367243766785
6.155547559261322
6.295477569103241
6.347648739814758
6.335552215576172
6.512805223464966
6.498690664768219
6.4834065437316895
6.47005295753479
6.445095062255859
6.526360034942627
6.61881148815155
6.584854781627655
6.605415999889374
6.595427989959717
6.670484960079193
6.685285210609436
6.73483145236969
6.769113481044769
6.75990754365921
6.782818257808685
6.829102039337158
7.011428534984589
7.0445616245269775
7.049126029014587
7.02365255355835
7.027728259563446
7.019137322902679
6.958364248275757
7.041734457015991
7.201831758022308
7.240630269050598
7.228982746601105
7.261249005794525
7.337854504585266
7.396434962749481
7.365329325199127
7.611185431480408
7.52470850944519
7.566609561443329
7.5538870096206665
7.727175712585449
7.734728991985321
7.759940981864929
7.779944002628326
7.710739433765411
7.709534287452698
7.746369302272797
7.704572558403015
7.744414806365967
7.732211172580719
7.679964482784271
7.803498268127441
7.954674959182739
7.911451756954193
7.873381733894348
7.84903085231781
8.009557962417603
8.293868005275726
8.39989423751831
8.30165821313858
8.465855240821838
8.422911405563354
8.48201870918274
8.397045016288757
8.24507451057434
8.304886937141418
8.479493975639343
8.489026427268982
8.525848984718323
8.483905494213104
8.473001718521118
8.496050238609314
8.477035999298096
8.40141648054123
8.337233006954193
8.517520546913147
8.524249255657196
8.751823008060455
8.656209766864777
9.045849204063416
9.071715235710144
9.06951653957367
8.871179938316345
8.86368727684021
9.067534983158112
9.29295825958252
9.106378018856049
9.196468591690063
9.135547459125519
9.20650178194046
9.18526142835617
9.435948669910431
9.429793953895569
9.428357362747192
9.505321025848389
9.598380982875824
9.582955241203308
9.68690174818039
9.48812448978424
9.470862209796906
9.638237476348877
9.640699982643127
9.614881694316864
9.694464027881622
9.672492980957031
9.456921696662903
9.71676754951477
10.08634728193283
10.046536207199097
10.013042986392975
9.977538228034973
10.016737163066864
10.161200761795044
10.174852967262268
10.254239559173584
10.148439943790436
10.328054010868073
10.320768475532532
10.164035439491272
10.135745704174042
10.148880660533905
10.252195060253143
10.407505512237549
10.392785012722015
10.601636707782745
10.46927946805954
10.677500247955322
10.639375030994415
10.777976036071777
10.816514253616333
10.669997930526733
10.709490358829498
11.039350628852844
10.937199473381042
11.018768548965454
11.031937718391418
11.092628955841064
11.111551761627197
11.090986013412476
10.987834811210632
10.973803222179413
10.98159646987915
11.234288990497589
11.292303919792175
11.364313781261444
11.366080820560455
11.414690554141998
11.50480306148529
11.50560051202774
11.453844010829926
11.59439867734909
11.657089173793793
11.731152772903442
11.7547767162323
11.82996541261673
11.901551723480225
12.094653010368347
11.91798722743988
11.927603542804718
12.015599012374878
12.054844498634338
12.058697581291199
12.146013915538788
12.186708211898804
12.077817976474762
12.075865924358368
12.188414514064789
12.23311471939087
12.228568255901337
12.34045147895813
12.32071053981781
12.25786542892456
12.321293234825134
12.525050222873688
12.494477987289429
12.577508747577667
12.666303157806396
12.79642367362976
12.807146549224854
12.655915439128876
12.663184940814972
12.79141080379486
12.779940068721771
12.887386739253998
12.898346245288849
12.955557465553284
12.949572920799255
12.929810464382172
13.023836970329285
13.046738684177399
13.14304405450821
13.121177315711975
13.248191714286804
13.309792041778564
13.32302176952362
13.371695220470428
13.382315516471863
13.383739173412323
13.426541447639465
13.428814470767975
13.600074470043182
13.61685574054718
13.66839975118637
13.664384007453918
13.785006523132324
13.782245516777039
13.710481882095337
13.70221996307373
13.69605004787445
13.826554238796234
13.948975503444672
13.967705726623535
13.896257281303406
13.976357281208038
13.955663979053497
13.960100769996643
14.010664284229279
14.025435268878937
14.021124541759491
13.98990660905838
13.95632153749466
