1.5454170107841492
1.5461888313293457
1.5809234082698822
1.5898494720458984
1.6209136247634888
1.7547155320644379
1.8512732982635498
1.9099506735801697
1.9854871034622192
2.11285400390625
2.127137631177902
2.1437178552150726
2.2037054300308228
2.236858516931534
2.2276574075222015
2.24447762966156
2.2855775356292725
2.338341176509857
2.476233124732971
2.421960026025772
2.546958237886429
2.6226866543293
2.7137118875980377
2.6901977956295013
2.6885696351528168
2.7628482580184937
2.795816093683243
2.906243771314621
2.887283980846405
2.934409648180008
2.93570539355278
2.933439016342163
2.9773871898651123
2.99507999420166
3.0176438689231873
3.0253815054893494
3.0762736201286316
3.1600296795368195
3.1856020390987396
3.2096408009529114
3.302902102470398
3.398799628019333
3.4936486184597015
3.645998179912567
3.7676447927951813
3.8578875958919525
4.05242183804512
4.137532532215118
4.351892292499542
4.432871550321579
4.42139059305191
4.36772957444191
4.535543739795685
4.747412264347076
4.804070770740509
4.794015496969223
4.992536187171936
5.236460298299789
5.402945637702942
5.495809882879257
5.588540881872177
5.548843264579773
5.780755698680878
5.8798860013484955
5.981420189142227
6.034484326839447
6.129788100719452
6.42009562253952
6.782242059707642
6.864939242601395
6.96661713719368
7.025136083364487
7.108415365219116
7.218244791030884
7.287602096796036
7.355284810066223
7.523292988538742
7.620002865791321
7.729361027479172
7.774948388338089
7.843417018651962
7.914595693349838
7.970135122537613
8.017133474349976
8.04363465309143
8.03962978720665
8.059691399335861
8.022435545921326
8.022677332162857
8.173288255929947
8.159939408302307
8.128482699394226
8.093287378549576
7.994812220335007
8.085111796855927
8.063744515180588
8.036074250936508
8.00948166847229
7.989081889390945
8.079841256141663
8.042075246572495
8.088600844144821
8.055092632770538
8.085731267929077
8.09163835644722
8.174480259418488
8.147131383419037
8.123389780521393
8.153755605220795
8.167148381471634
8.159850269556046
8.208163976669312
8.242384523153305
8.293060421943665
8.33686077594757
8.318013370037079
8.305381000041962
8.274591833353043
8.2665596306324
8.288673758506775
8.248863160610199
8.21367809176445
8.20297235250473
8.178860992193222
