4422.625
4459.25
4674.75
4790.75
4796.125
4756.875
5310.75
5449.0
5490.625
5593.375
5527.0
5460.625
5633.125
5901.875
5854.625
5801.5
6034.0
6384.75
6490.625
6434.25
6487.75
6946.25
7510.0
7631.625
7765.125
8373.25
8417.25
8637.0
8713.125
8740.5
8753.125
8699.5
8719.625
8690.0
8666.375
8622.625
8608.625
8536.0
8482.25
8413.0
8318.75
8246.75
8148.0
8048.0
7948.0
7848.0
7748.0
7648.0
7548.0
7448.0
7348.0
7248.0
7148.0
7048.0
6948.0
6848.0
6748.0
6648.0
6548.0
6448.0
6348.0
6248.0
6148.0
6048.0
5948.0
5848.0
5748.0
5648.0
5548.0
5448.0
5348.0
5248.0
5148.0
5048.0
4948.0
4848.0
4748.0
4648.0
4548.0
4448.0
4348.0
4248.0
4148.0
4048.0
3948.0
3848.0
3748.0
3648.0
3548.0
3448.0
3348.0
3248.0
3148.0
3048.0
2948.0
2848.0
2748.0
2648.0
2548.0
2448.0
2348.0
2248.0
2148.0
2048.0
1948.0
1848.0
1748.0
1648.0
1548.0
1448.0
1348.0
1248.0
1148.0
1048.0
948.0
848.0
748.0
648.0
548.0
448.0
348.0
248.0
148.0
48.0
