5.362136483192444
5.3839720487594604
5.515768647193909
5.586430072784424
5.5804818868637085
5.659912943840027
5.66338038444519
5.715217471122742
5.719074010848999
5.721439480781555
5.758612871170044
5.7804049253463745
5.77435839176178
5.7697514295578
5.768388509750366
5.772062063217163
5.774796962738037
5.868170976638794
6.016027569770813
6.014160990715027
6.012228965759277
6.008595943450928
6.009142994880676
6.0096515417099
6.034725069999695
6.014049053192139
6.030086517333984
6.023728966712952
6.026851534843445
6.0346139669418335
6.029232025146484
6.052751064300537
6.04826807975769
6.058954954147339
6.065773010253906
6.068410396575928
6.063451051712036
6.185247421264648
6.27351701259613
6.259339094161987
6.247984886169434
6.248682022094727
6.253638029098511
6.276929020881653
6.298547387123108
6.539902567863464
6.541964530944824
6.5414159297943115
6.5565794706344604
6.567121982574463
6.532174468040466
6.57308566570282
6.565026044845581
6.581938982009888
6.589066505432129
6.594929575920105
6.610008001327515
6.594319939613342
6.591495871543884
6.59135103225708
6.579366564750671
6.575955033302307
6.592473983764648
6.523037075996399
6.519509434700012
6.556072354316711
6.589119911193848
6.573234438896179
6.570072531700134
6.577582478523254
6.610528945922852
6.652118563652039
6.646588444709778
6.62611198425293
6.622420072555542
6.618384003639221
6.658027529716492
7.227832913398743
7.219065070152283
7.221894383430481
7.2176690101623535
7.21733295917511
7.216469407081604
7.235748529434204
7.236624002456665
7.241331934928894
7.236840009689331
7.236254096031189
7.218463897705078
7.151504635810852
7.1035284996032715
7.056857109069824
7.051954507827759
7.052589058876038
7.049226641654968
7.051815509796143
7.026404976844788
7.028070330619812
7.0298484563827515
7.026488423347473
7.095215439796448
7.0304999351501465
7.033697962760925
7.036009907722473
7.136058568954468
7.316344380378723
7.320206522941589
7.311802387237549
7.288168430328369
7.282724618911743
7.283925890922546
7.242557048797607
7.245879650115967
7.23326301574707
7.264419436454773
7.265321135520935
7.267865061759949
7.273151993751526
7.364970922470093
7.285509943962097
7.2891600131988525
7.2854204177856445
7.402572870254517
7.292203068733215
7.2940709590911865
7.381564378738403
7.739368557929993
7.735446572303772
7.749998569488525
7.7480854988098145
7.748484969139099
7.747695565223694
7.749342918395996
7.983070492744446
7.97390341758728
7.976540446281433
7.952687501907349
8.116994500160217
8.117096066474915
8.12010645866394
8.103631496429443
8.103759527206421
8.022269010543823
8.053155064582825
7.972375869750977
7.972048997879028
7.973355412483215
7.964993000030518
7.960270524024963
7.957234025001526
7.962954998016357
7.978797435760498
7.9621909856796265
8.084949016571045
8.07998251914978
8.07640254497528
8.080323934555054
8.120994091033936
8.108720421791077
8.04373550415039
8.015013575553894
7.920775413513184
7.953681945800781
8.031906962394714
8.0794095993042
8.094662070274353
8.014075994491577
8.016336560249329
8.016716480255127
8.018513321876526
8.020569920539856
8.271589994430542
8.266265988349915
8.072734594345093
8.077394485473633
8.141000509262085
8.173253417015076
8.194995522499084
8.331253409385681
8.273065090179443
8.22228991985321
8.213636994361877
8.290974974632263
8.291646003723145
8.387914538383484
8.389937162399292
8.364736914634705
8.37165105342865
8.372128367424011
8.372405171394348
8.37751591205597
8.382179617881775
8.384297013282776
8.386199593544006
8.644982099533081
8.583613395690918
8.583785891532898
8.580698490142822
8.52144455909729
8.52328097820282
8.528176426887512
8.530468940734863
8.696954607963562
8.637825012207031
8.641667485237122
8.542715072631836
8.546926021575928
8.551974415779114
8.555847644805908
8.55973207950592
8.563193678855896
8.567094087600708
8.571722865104675
8.579577088356018
8.584834933280945
8.713799834251404
8.658976912498474
8.663054943084717
8.667160034179688
8.685428619384766
8.689457416534424
8.819332003593445
8.821541428565979
8.824614524841309
8.828348875045776
9.030104517936707
9.033026099205017
9.029255390167236
8.993739008903503
9.002667546272278
9.00556993484497
9.02638852596283
9.037898540496826
9.04236614704132
9.040675520896912
9.04236888885498
9.044402599334717
9.046416401863098
9.031715512275696
9.035289525985718
9.039475560188293
9.042581915855408
9.361602544784546
9.340874075889587
9.290148973464966
9.292267918586731
9.356419086456299
9.360317945480347
9.38234555721283
9.499927043914795
9.419561624526978
9.423468470573425
9.424094080924988
9.18211305141449
9.188965559005737
9.19522500038147
9.200473189353943
9.20544445514679
9.228531002998352
9.236419081687927
9.24518597126007
9.251086592674255
9.25770902633667
9.26288652420044
9.268778443336487
9.274815559387207
9.297635078430176
9.311402559280396
9.658915996551514
9.547574996948242
9.555949449539185
9.56398093700409
9.570831656455994
9.577573537826538
9.568392872810364
9.585664510726929
9.588791012763977
9.849911451339722
9.855257987976074
9.860349535942078
9.84559941291809
9.850929498672485
9.856875538825989
9.876322984695435
9.88899302482605
9.907553553581238
9.917632460594177
9.922742486000061
9.926533460617065
9.931883454322815
9.968082547187805
9.971593976020813
9.972594976425171
9.973692059516907
9.976401567459106
9.979848027229309
9.983473420143127
9.989234924316406
9.993253946304321
9.997965931892395
10.002922058105469
10.022879838943481
10.220430612564087
10.225130438804626
10.229514479637146
10.234257459640503
10.23888647556305
10.244050979614258
10.247932434082031
10.251541018486023
10.254700064659119
10.257527470588684
10.503366589546204
10.50506591796875
10.508095979690552
10.5109304189682
10.514256477355957
10.51754105091095
10.535693883895874
10.544026374816895
10.547991514205933
10.551771402359009
10.555488586425781
10.559080004692078
10.565523505210876
10.57012951374054
10.59934949874878
10.603164076805115
10.607017517089844
10.611218333244324
10.61409854888916
10.618645429611206
10.622431993484497
10.627903938293457
10.632314562797546
10.639984965324402
10.657595038414001
10.666578888893127
10.673330068588257
10.679149985313416
10.583850979804993
10.584945917129517
10.589159965515137
10.714550614356995
10.723327040672302
10.734522342681885
10.741653084754944
10.77870798110962
10.785664916038513
10.794697523117065
10.804550409317017
10.813709497451782
10.822652459144592
10.831559896469116
10.840099930763245
10.847282528877258
10.85832154750824
10.88115108013153
10.889871835708618
10.896177887916565
10.890395402908325
11.043857097625732
11.049874424934387
11.05537748336792
11.060835480690002
11.065616488456726
11.06928300857544
11.27421247959137
11.278286933898926
11.283699035644531
11.289201378822327
11.297731637954712
11.305994510650635
11.31300437450409
11.319621443748474
11.323276996612549
11.327415108680725
11.355654001235962
11.386738538742065
11.663342356681824
11.675113439559937
11.679478526115417
11.696470975875854
11.711222529411316
11.727218508720398
11.731629490852356
11.735302567481995
11.738809466362
11.761062979698181
11.76512348651886
11.77894651889801
11.786008477210999
11.797397494316101
11.809231638908386
11.819172501564026
11.824596524238586
11.829651474952698
11.839134454727173
11.865412950515747
11.872182965278625
11.88497793674469
11.892267942428589
11.899929881095886
11.93031096458435
11.944512486457825
11.946633458137512
11.944918990135193
11.948716640472412
12.316596031188965
12.325441002845764
12.3290354013443
12.344103932380676
12.368926525115967
12.379658460617065
12.394235014915466
12.411881446838379
12.417889952659607
12.424215316772461
12.430114984512329
12.434033513069153
12.737546443939209
12.740059494972229
12.742639541625977
12.747207522392273
12.746170043945312
12.752418518066406
12.965618014335632
12.973096489906311
13.004064559936523
13.009300112724304
13.01576852798462
13.022054076194763
13.028606534004211
13.05079197883606
13.072496056556702
13.089209079742432
13.118484497070312
13.125495791435242
13.130033373832703
13.134965538978577
13.140616059303284
13.146304845809937
13.171653866767883
13.176578998565674
13.183222532272339
13.215102910995483
13.224388480186462
13.242997407913208
13.434728860855103
13.44558048248291
13.483058094978333
13.53931212425232
13.562184929847717
13.488162875175476
13.494821071624756
13.501365065574646
13.50686240196228
13.52980089187622
13.537461042404175
13.545412540435791
13.5401930809021
13.547222971916199
13.552927017211914
13.555070519447327
13.723488092422485
13.727538585662842
13.731150031089783
13.735514044761658
13.844059467315674
13.848536610603333
13.852823495864868
13.860836029052734
13.894262671470642
13.902147054672241
13.908508062362671
13.916394472122192
13.923395991325378
13.931267023086548
13.939043045043945
13.95082402229309
13.959250450134277
13.966260552406311
13.973344445228577
13.982019066810608
13.987170934677124
13.999336004257202
14.008257508277893
14.036761403083801
