5.48596727848053
5.530782262484233
5.595600922902425
5.722546497980754
5.877194166183472
6.004196802775065
6.050341367721558
6.130806962649028
6.185505588849385
6.278727690378825
6.347858866055806
6.518055001894633
6.592550873756409
6.72482697168986
6.78362496693929
6.852682550748189
6.959154566129048
7.001541972160339
7.101856350898743
7.123300472895305
7.262148022651672
7.263394713401794
7.262489040692647
7.214431484540303
7.227330327033997
7.2487078110377
7.203847249348958
7.258916139602661
7.319083412488301
7.304705301920573
7.323996623357137
7.307084520657857
7.459927002588908
7.47821843624115
7.452624479929606
7.4796742995580034
7.498506307601929
7.621208270390828
7.620440165201823
7.636797269185384
7.738390525182088
7.752928376197815
7.801490505536397
7.821627855300903
7.850433826446533
7.919636249542236
7.9022754828135175
7.860393524169922
7.89248541990916
7.908880790074666
7.907971819241841
7.919487317403157
7.881993214289348
7.871705691019694
7.975629091262817
8.003901998202005
8.0131196975708
8.011431614557901
8.116431514422098
8.193032145500183
8.230448842048645
8.232290069262186
8.23000693321228
8.300680041313171
8.268760879834494
8.265841801961264
8.277522842089335
8.278441150983175
8.27924116452535
8.284923632939657
8.394986311594645
8.405890742937723
8.333168506622314
8.557239691416422
8.449825008710226
8.444759567578634
8.563369472821554
8.604575316111246
8.630167722702026
8.666448513666788
8.6821475426356
8.683938026428223
8.98644232749939
9.118122100830078
9.209147334098816
9.217109481493631
9.227670828501383
9.242178360621134
9.25102718671163
9.26176118850708
9.256618618965149
9.269853154818216
9.370503664016724
9.371701320012411
9.383607069651285
9.382637659708658
9.385994950930277
9.397809783617655
9.571560978889465
9.621511499087015
9.626113692919413
9.620437622070312
9.637529651323954
9.646657864252726
9.642613172531128
9.759878158569336
9.920897881189982
9.934173345565796
9.935244043668112
9.932956973711649
9.961654623349508
9.966220498085022
9.971153457959494
9.984003702799479
9.998274803161621
10.01866602897644
10.007935166358948
10.014941136042276
10.04550858338674
10.051025032997131
10.043184518814087
10.035656372706095
10.034340699513754
10.02824834982554
