7154.833333333333
8045.833333333333
8104.5
8301.0
8593.666666666666
8849.5
8863.166666666666
8682.833333333334
8729.833333333334
8516.166666666666
8596.5
8349.5
8463.166666666666
8182.833333333333
8329.833333333334
8016.166666666667
8196.5
7849.5
8063.166666666667
7682.833333333333
7929.833333333333
7516.166666666667
7796.5
7349.5
7663.166666666667
7182.833333333333
7529.833333333333
7016.166666666667
7396.5
6849.5
7263.166666666667
6682.833333333333
7129.833333333333
6516.166666666667
6996.5
6349.5
6863.166666666667
6182.833333333333
6729.833333333333
6016.166666666667
6596.5
5849.5
6449.0
5697.0
6299.0
5547.0
6149.0
5397.0
5999.0
5247.0
5849.0
5097.0
5699.0
4947.0
5549.0
4797.0
5399.0
4647.0
5249.0
4497.0
5099.0
4347.0
4949.0
4197.0
4799.0
4047.0
4649.0
3897.0
4499.0
3747.0
4349.0
3597.0
4199.0
3447.0
4049.0
3297.0
3899.0
3147.0
3749.0
2997.0
3599.0
2847.0
3448.0
2698.0
3281.3333333333335
2564.6666666666665
3114.6666666666665
2431.3333333333335
2948.0
2298.0
2781.3333333333335
2164.6666666666665
2614.6666666666665
2031.3333333333333
2448.0
1898.0
2281.3333333333335
1764.6666666666667
2114.6666666666665
1631.3333333333333
1948.0
1498.0
1781.3333333333333
1364.6666666666667
1614.6666666666667
1231.3333333333333
1448.0
1098.0
1281.3333333333333
964.6666666666666
1114.6666666666667
831.3333333333334
948.0
698.0
781.3333333333334
564.6666666666666
614.6666666666666
431.3333333333333
448.0
298.0
281.3333333333333
164.66666666666666
114.66666666666667
31.333333333333332
