2.66924649477005
2.669324219226837
2.647976517677307
2.6480519771575928
2.7169845700263977
2.7173335552215576
2.84826523065567
2.848359227180481
2.8980915546417236
2.8981910943984985
2.9461609721183777
2.94623601436615
3.1771252155303955
3.17725670337677
3.2063499689102173
3.2064282298088074
3.2428115606307983
3.2428868412971497
3.317504584789276
3.3176090717315674
3.3565768003463745
3.356693744659424
3.333684742450714
3.33376145362854
3.4202669262886047
3.420359194278717
3.4581785202026367
3.458287537097931
3.4965067505836487
3.4965839982032776
3.590157985687256
3.590310037136078
3.6819008588790894
3.681975841522217
3.7056829929351807
3.705757260322571
3.773210287094116
3.7732879519462585
3.7713454961776733
3.7714739441871643
3.8472957611083984
3.8473739624023438
3.8567925691604614
3.8568660020828247
3.8685437440872192
3.86862450838089
4.013160169124603
4.013302981853485
4.076163172721863
4.076256215572357
4.119339466094971
4.119450747966766
4.126843452453613
4.126918196678162
4.213126242160797
4.213216006755829
4.279170095920563
4.279278337955475
4.28026407957077
4.280370831489563
4.319706737995148
4.319782257080078
4.3288819789886475
4.328956484794617
4.402624011039734
4.402784764766693
4.423416256904602
4.423527240753174
4.533955752849579
4.547226011753082
4.724841475486755
4.724938452243805
4.8592448234558105
4.859328210353851
4.950204491615295
4.950282514095306
4.999685049057007
4.999778509140015
5.145577013492584
5.145686984062195
5.252008318901062
5.2521034479141235
5.292539715766907
5.29262501001358
5.2999347448349
5.300033211708069
5.388010263442993
5.388097524642944
5.4345826506614685
5.434670448303223
5.477926731109619
5.478006482124329
5.556325256824493
5.556419253349304
5.6272082924842834
5.627363502979279
5.680055677890778
5.6801323890686035
5.697184801101685
5.697273015975952
5.751645505428314
5.751728653907776
5.7879332304000854
5.788016676902771
5.847746431827545
5.84782487154007
5.889217257499695
5.889320015907288
5.9767226576805115
5.976804435253143
6.005693078041077
6.005810558795929
6.094225466251373
6.094303071498871
6.127344906330109
6.127424716949463
6.157505571842194
6.157628834247589
6.2331503033638
6.233256280422211
6.291488289833069
6.291581571102142
6.456661939620972
6.456770479679108
7.225592494010925
7.225683271884918
7.366905748844147
7.367000460624695
8.191963970661163
8.192070543766022
8.420220792293549
8.420394539833069
8.678993225097656
8.679121017456055
8.898266851902008
8.898470997810364
9.16391533613205
9.164009749889374
10.83346301317215
10.833582758903503
11.055503010749817
11.055608808994293
11.216983795166016
11.217089772224426
11.488434553146362
11.488570034503937
11.803601264953613
11.803763568401337
12.034640491008759
12.034736454486847
12.378714799880981
12.378855586051941
12.630399763584137
12.63052099943161
12.871780455112457
12.871886432170868
13.092291295528412
13.092394709587097
13.301428735256195
13.301523268222809
13.439764201641083
13.43985915184021
13.736675262451172
13.736787557601929
13.941874742507935
13.941958248615265
14.10818475484848
14.108281016349792
14.338250279426575
14.338341295719147
14.477105259895325
14.47720205783844
14.603811502456665
14.603920996189117
14.76271653175354
14.76283073425293
14.928694307804108
14.928784549236298
15.063501417636871
15.06360399723053
15.196062803268433
15.196146488189697
15.339880526065826
15.339965522289276
15.491842687129974
15.491959989070892
15.606861770153046
15.606959760189056
15.74687147140503
15.74696969985962
15.887007176876068
15.887102723121643
16.034383535385132
16.03448575735092
16.211711823940277
16.211908757686615
16.467115700244904
16.46721577644348
16.718886733055115
16.71898925304413
16.888116717338562
16.888231217861176
17.08355623483658
17.083674490451813
17.239118099212646
17.239219069480896
17.39346671104431
17.393568515777588
17.498736441135406
17.4988214969635
17.637492537498474
17.637616753578186
17.777261674404144
17.777399957180023
17.87619286775589
17.876282811164856
17.97302544116974
17.973114728927612
18.01610231399536
18.016186475753784
18.084818065166473
18.084903061389923
18.102810382843018
18.102895200252533
18.146139323711395
18.146244049072266
18.16856974363327
18.168653547763824
18.17962622642517
18.179719924926758
18.188272714614868
18.188650488853455
18.241240978240967
18.241438031196594
18.244736313819885
18.244824051856995
18.26810973882675
18.268196284770966
18.293370246887207
18.29345327615738
18.31588977575302
18.31597399711609
18.330699741840363
18.33078223466873
18.354071736335754
18.35416406393051
18.38831925392151
18.388402998447418
18.40640425682068
18.40650177001953
18.434303998947144
18.43438720703125
18.504095256328583
18.50419580936432
18.521144807338715
18.52122575044632
18.541409015655518
18.541488707065582
18.612974762916565
18.61305719614029
18.654103934764862
18.65418189764023
18.69666486978531
18.696744561195374
18.70799559354782
18.70807456970215
18.757462978363037
18.757583439350128
18.925604164600372
18.925781786441803
18.920894980430603
18.92097568511963
18.959940671920776
18.960047483444214
18.971097767353058
18.97117793560028
19.008018851280212
19.008097052574158
19.03446525335312
19.034544050693512
18.94727051258087
18.947363257408142
18.83412927389145
18.83423340320587
18.867544770240784
18.86763459444046
18.94112652540207
18.941243767738342
18.880696833133698
18.880774438381195
18.883978009223938
18.884060263633728
18.939230501651764
18.939324021339417
18.969287276268005
18.96936732530594
19.02443504333496
19.024543046951294
19.026804268360138
19.026897311210632
19.081775784492493
19.08185774087906
19.131707966327667
19.131787538528442
19.141524970531464
19.141604959964752
19.15906125307083
19.159142315387726
19.129429697990417
19.12950897216797
19.16437953710556
19.164487063884735
19.133123517036438
19.13320618867874
19.12428778409958
19.124369025230408
19.17797178030014
19.178075969219208
19.18689453601837
19.18697428703308
19.225311756134033
19.225419580936432
19.25716495513916
19.257243931293488
19.277121007442474
19.277214229106903
19.319172739982605
19.319410502910614
19.36801952123642
19.36809951066971
19.343073546886444
19.343151032924652
19.319221317768097
19.319298028945923
19.3480007648468
19.34808224439621
19.393289506435394
19.393366992473602
19.43390566110611
19.433983504772186
19.43093830347061
19.431016266345978
19.476504266262054
19.476586759090424
19.494092047214508
19.494170010089874
19.575806736946106
19.575897932052612
19.521031618118286
19.521109342575073
19.45297795534134
19.45305508375168
19.438266277313232
19.438357055187225
19.4310439825058
19.43112152814865
19.378127455711365
19.378240048885345
19.30560803413391
19.3056857585907
19.28980904817581
19.28988552093506
19.261745035648346
19.26182132959366
19.262881696224213
19.262957215309143
19.218078017234802
19.218171536922455
19.1574347615242
19.157510697841644
19.17006152868271
19.170138716697693
19.16117823123932
19.16125386953354
19.156156957149506
19.156240701675415
19.105512976646423
19.105623602867126
19.060317993164062
19.060433745384216
18.994988799095154
18.995132505893707
19.0356547832489
19.035730600357056
18.99726092815399
18.997336447238922
18.968990564346313
18.969067335128784
18.97379595041275
18.97387421131134
18.928871989250183
18.928958237171173
18.952897548675537
18.95297533273697
18.956053018569946
18.956129729747772
18.916049480438232
18.916126430034637
18.879194021224976
18.879271686077118
18.86643624305725
18.86651372909546
18.894033312797546
18.894111037254333
18.772564947605133
18.772640764713287
18.698935508728027
18.699018239974976
18.70447051525116
18.70454728603363
18.69759315252304
18.697671711444855
18.70518445968628
18.705285251140594
18.729372024536133
18.729474008083344
18.75177526473999
18.751851737499237
18.80940854549408
18.809481739997864
18.820606768131256
18.82068371772766
18.829984486103058
18.83008474111557
18.80001127719879
18.800085246562958
18.722995042800903
18.723095297813416
18.70150339603424
18.701576709747314
18.736586272716522
18.73665875196457
18.702999472618103
18.703073501586914
18.608802020549774
18.60887598991394
18.606936275959015
18.607008516788483
18.592693269252777
18.592770040035248
18.555864930152893
18.555939495563507
18.549997627735138
18.550072193145752
18.522920966148376
18.522993683815002
18.537837624549866
18.53791046142578
18.522835552692413
18.52290827035904
18.513653576374054
18.513733327388763
18.514654278755188
18.514728248119354
18.565617978572845
18.565694510936737
18.563616573810577
18.563692271709442
18.593840301036835
18.593914568424225
18.603292763233185
18.603366434574127
18.632830798625946
18.63290846347809
18.65937429666519
18.65944904088974
18.65664267539978
18.65671616792679
18.66156530380249
18.661651968955994
18.697503209114075
18.697593688964844
18.67885994911194
18.679094672203064
18.65379101037979
18.653882801532745
18.70327079296112
18.703345239162445
18.66448599100113
18.664563536643982
18.610400199890137
18.610474705696106
18.560716331005096
18.560795545578003
18.567671954631805
18.567748427391052
18.548341929912567
18.548415422439575
18.457648754119873
18.45772248506546
18.434727728366852
18.434799790382385
18.402104020118713
18.40217626094818
18.39070075750351
18.390778958797455
18.368958711624146
18.369031250476837
