3246.25
3452.5
3400.5
3412.0
3362.0
3364.5
3358.0
3383.75
3342.25
3352.5
3338.25
3413.5
3373.25
3427.5
3418.25
3377.5
3405.0
3414.5
3381.5
3464.5
3499.25
3501.75
3477.0
3532.75
3511.5
3704.75
3566.25
3661.0
3636.25
3611.0
3615.75
3617.5
3583.0
3611.25
3561.25
3561.25
3539.5
3572.25
3521.75
3522.25
3507.0
3529.25
3478.25
3491.0
3453.0
3455.75
3458.5
3513.5
3467.25
3472.5
3424.25
3430.75
3380.0
3381.25
3367.25
3418.75
3379.25
3376.5
3333.75
3363.75
3320.75
3337.25
3297.5
3287.25
3277.25
3319.5
3269.0
3269.5
3254.75
3302.75
3293.75
3288.75
3281.0
3383.0
3336.75
3401.0
3351.25
3375.75
3368.5
3369.75
3367.25
3363.5
3327.25
3344.25
3292.0
3294.25
3286.25
3332.0
3294.75
3282.0
3259.5
3287.0
3307.5
3258.75
3290.0
3381.75
3361.5
3331.75
3329.0
3356.0
3341.0
3374.5
3307.5
3353.75
3318.75
3334.5
3314.25
3292.75
3274.5
3309.25
3251.5
3290.5
3257.5
3273.0
3221.5
3234.25
3199.5
3210.75
3179.5
3204.0
3148.0
3173.75
3116.5
3123.75
3087.5
6184.0
3062.5
6109.0
6139.5
6056.5
6089.5
6006.5
6039.5
5956.5
5989.5
5906.5
5939.5
5856.5
9014.5
8931.5
8964.5
8881.5
8914.5
8831.5
8864.5
8781.5
8814.5
8731.5
8764.5
8681.5
8714.5
8631.5
8664.5
8581.5
8614.5
8531.5
8564.5
8481.5
8514.5
8431.5
8464.5
8381.5
8414.5
8331.5
8364.5
8281.5
8314.5
8231.5
8264.5
8181.5
8214.5
8131.5
8164.5
8081.5
8114.5
8031.5
8064.5
7981.5
8014.5
7931.5
7964.5
7881.5
7914.5
7831.5
7864.5
7781.5
7814.5
7731.5
7764.5
7681.5
7714.5
7631.5
7664.5
7581.5
7614.5
7531.5
7564.5
7481.5
7514.5
7431.5
7464.5
7381.5
7414.5
7331.5
7364.5
7281.5
7314.5
7231.5
7264.5
7181.5
7214.5
7131.5
7164.5
7081.5
7114.5
7031.5
7064.5
6981.5
7014.5
6931.5
6964.5
6881.5
6914.5
6831.5
6864.5
6781.5
6814.5
6731.5
6764.5
6681.5
6714.5
6631.5
6664.5
6581.5
6614.5
6531.5
6564.5
6481.5
6514.5
6431.5
6464.5
6381.5
6414.5
6331.5
6364.5
6281.5
6314.5
6231.5
6264.5
6181.5
6214.5
6131.5
6153.25
6092.75
6078.25
6067.75
6023.0
6023.0
5973.0
5973.0
5923.0
5923.0
5873.0
5873.0
5823.0
5823.0
5772.75
5773.25
5723.25
5722.75
5673.25
5672.75
5623.25
5622.75
5573.25
5572.75
5523.25
5522.75
5473.25
5472.75
5429.0
5417.0
5375.25
5370.75
5330.75
5315.25
5282.0
5264.0
5217.25
5228.75
5178.75
5167.25
5112.5
5133.5
5086.75
5059.25
5040.75
5005.25
4973.0
4973.0
4934.25
4911.75
4887.75
4858.25
4824.25
4821.75
4789.0
4757.0
4721.0
4725.0
4673.0
4673.0
4627.75
4618.25
4611.25
4534.75
4542.5
4503.5
4487.25
4458.75
4423.0
4423.0
4360.25
4385.75
4346.25
4299.75
4285.5
4260.5
4243.5
4202.5
4176.0
4170.0
4137.0
4109.0
4070.5
4075.5
4031.5
4014.5
3961.0
3985.0
3934.25
3911.75
3857.25
3888.75
3819.25
3826.75
3756.25
3789.75
3723.0
3723.0
3673.5
3672.5
3629.25
3616.75
3577.0
3569.0
3521.25
3524.75
3470.75
3475.25
3420.5
3425.5
3373.25
3372.75
3329.5
3316.5
3275.25
3270.75
3206.75
3239.25
3172.0
3174.0
3109.25
3136.75
3090.25
3055.75
3031.75
3014.25
2977.25
2968.75
2917.0
2929.0
2874.5
2871.5
2826.25
2819.75
2778.0
2768.0
2720.25
2725.75
2687.0
2659.0
2615.0
2631.0
2571.0
2575.0
2522.5
2523.5
2494.0
2452.0
2410.75
2435.25
2369.5
2376.5
2311.75
2334.25
2268.0
2278.0
2216.25
2229.75
2173.5
2172.5
2102.75
2143.25
2077.25
2068.75
2029.75
2016.25
1973.5
1972.5
1919.25
1926.75
1870.25
1875.75
1821.25
1824.75
1767.0
1779.0
1732.25
1713.75
1674.5
1671.5
1624.5
1621.5
1571.25
1574.75
1526.0
1520.0
1475.0
1471.0
1421.75
1424.25
1373.75
1372.25
1329.5
1316.5
1291.75
1254.25
1234.0
1212.0
1182.25
1163.75
1140.75
1105.25
1080.75
1065.25
1048.0
998.0
979.0
967.0
934.5
911.5
870.75
875.25
809.0
837.0
789.5
756.5
714.25
731.75
675.5
670.5
632.75
613.25
577.75
568.25
525.0
521.0
480.5
465.5
428.25
417.75
390.75
355.25
349.25
296.75
270.5
275.5
221.75
224.25
174.75
171.25
121.25
124.75
70.75
75.25
22.25
23.75
