4468.5
4274.5
4418.5
5509.0
4738.0
6350.0
4943.0
6300.0
4893.0
6972.5
4843.0
7461.0
5037.5
7411.0
7396.0
7686.0
9320.5
7636.0
9270.5
7586.0
9604.0
11949.0
9554.0
11899.0
9504.0
11849.0
9454.0
11799.0
11748.0
11749.0
11698.0
11699.0
11648.0
11649.0
11598.0
11599.0
11548.0
11549.0
11498.0
11499.0
11448.0
11449.0
11398.0
11399.0
11348.0
11349.0
11298.0
11299.0
11248.0
11249.0
11198.0
11199.0
11148.0
11149.0
11098.0
11099.0
11048.0
11049.0
10998.0
10999.0
10948.0
10949.0
10898.0
10899.0
10848.0
10849.0
10798.0
10799.0
10748.0
10749.0
10698.0
10699.0
10648.0
10649.0
10598.0
10599.0
10548.0
10549.0
10498.0
10499.0
10448.0
10449.0
10398.0
10399.0
10348.0
10349.0
10298.0
10299.0
10248.0
10249.0
10198.0
10199.0
10148.0
10149.0
10098.0
10099.0
10048.0
10049.0
9998.0
9999.0
9948.0
9949.0
9898.0
9899.0
9848.0
9849.0
9798.0
9799.0
9748.0
9749.0
9698.0
9699.0
9648.0
9649.0
9598.0
9599.0
9548.0
9549.0
9498.0
9499.0
9448.0
9449.0
9398.0
9399.0
9348.0
9349.0
9298.0
9299.0
9248.0
9249.0
9198.0
9199.0
9148.0
9149.0
9098.0
9099.0
9048.0
9049.0
8998.0
8999.0
8948.0
8949.0
8898.0
8899.0
8848.0
8849.0
8798.0
8799.0
8748.0
8749.0
8698.0
8699.0
8648.0
8649.0
8598.0
8599.0
8548.0
8549.0
8498.0
8499.0
8448.0
8449.0
8398.0
8399.0
8348.0
8349.0
8298.0
8299.0
8248.0
8249.0
8198.0
8199.0
8148.0
8149.0
8098.0
8099.0
8048.0
8049.0
7998.0
7999.0
7948.0
7949.0
7898.0
7899.0
7848.0
7849.0
7798.0
7799.0
7748.0
7749.0
7698.0
7699.0
7648.0
7649.0
7598.0
7599.0
7548.0
7549.0
7498.0
7499.0
7448.0
7449.0
7398.0
7399.0
7353.5
19843.5
7353.5
19743.5
7353.5
19643.5
7353.5
19543.5
7353.5
19443.5
7353.5
19343.5
7353.5
19243.5
7353.5
19143.5
7353.5
19043.5
7353.5
18943.5
7353.5
18843.5
7353.5
18743.5
7353.5
18643.5
7353.5
18543.5
7353.5
18443.5
7353.5
18343.5
7353.5
18243.5
7353.5
18143.5
7353.5
18043.5
7353.5
17943.5
7353.5
17843.5
7353.5
17743.5
7353.5
17643.5
7353.5
17543.5
7353.5
17443.5
7353.5
17343.5
7353.5
17243.5
7353.5
17143.5
7353.5
17043.5
7353.5
16943.5
7353.5
16843.5
7353.5
16743.5
7353.5
16643.5
7353.5
16543.5
7353.5
16443.5
7353.5
16343.5
7353.5
16243.5
7353.5
16143.5
7353.5
16043.5
7353.5
15943.5
7353.5
15843.5
7353.5
15743.5
7353.5
15643.5
7353.5
15543.5
7353.5
15443.5
7353.5
15343.5
7353.5
15243.5
7353.5
15143.5
7353.5
15043.5
7353.5
14943.5
7353.5
14843.5
7353.5
14743.5
7353.5
14643.5
19815.0
14581.0
19765.0
14531.0
19715.0
14481.0
19665.0
14431.0
19615.0
14381.0
19565.0
14331.0
19515.0
14281.0
19465.0
14231.0
19415.0
14181.0
19365.0
14131.0
19315.0
14081.0
19265.0
14031.0
19215.0
13981.0
19165.0
13931.0
19115.0
13881.0
19065.0
13831.0
19015.0
13781.0
18965.0
13731.0
18915.0
13681.0
18865.0
13631.0
18815.0
13581.0
18765.0
13531.0
18715.0
13481.0
18665.0
13431.0
18615.0
13381.0
18565.0
13331.0
18515.0
13281.0
18465.0
13231.0
18415.0
13181.0
18365.0
13131.0
18315.0
13081.0
18265.0
13031.0
18215.0
12981.0
18165.0
12931.0
18115.0
12881.0
18065.0
12831.0
18015.0
12781.0
17965.0
12731.0
17915.0
12681.0
17865.0
12631.0
17815.0
12581.0
17765.0
12531.0
17715.0
12481.0
17665.0
12431.0
17615.0
12381.0
17565.0
12331.0
17515.0
12281.0
17465.0
12231.0
17415.0
12181.0
17365.0
12131.0
17315.0
12081.0
17265.0
12031.0
17200.5
11995.5
17100.5
11995.5
17000.5
11995.5
16900.5
11995.5
16800.5
11995.5
16720.5
11975.5
16670.5
11925.5
16620.5
11875.5
16570.5
11825.5
16520.5
11775.5
16470.5
11725.5
16420.5
11675.5
16370.5
11625.5
16320.5
11575.5
16270.5
11525.5
16220.5
11475.5
16170.5
11425.5
16120.5
11375.5
16070.5
11325.5
16020.5
11275.5
15970.5
11225.5
15920.5
11175.5
15870.5
11125.5
15820.5
11075.5
15770.5
11025.5
15720.5
10975.5
15670.5
10925.5
15620.5
10875.5
15570.5
10825.5
15520.5
10775.5
15470.5
10725.5
15420.5
10675.5
15370.5
10625.5
15320.5
10575.5
15270.5
10525.5
15220.5
10475.5
15170.5
10425.5
15120.5
10375.5
15070.5
10325.5
15020.5
10275.5
14970.5
10225.5
14920.5
10175.5
14870.5
10125.5
14820.5
10075.5
14770.5
10025.5
14720.5
9975.5
14670.5
9925.5
14620.5
9875.5
14570.5
9825.5
14520.5
9775.5
14470.5
9725.5
14420.5
9675.5
14370.5
9625.5
14320.5
9575.5
14270.5
9525.5
14220.5
9475.5
14170.5
9425.5
14120.5
9375.5
14070.5
9325.5
14020.5
9275.5
13970.5
9225.5
13920.5
9175.5
13870.5
9125.5
13820.5
9075.5
13770.5
9025.5
13720.5
8975.5
13670.5
8925.5
13620.5
8875.5
13570.5
8825.5
13520.5
8775.5
13470.5
8725.5
13420.5
8675.5
13370.5
8625.5
13320.5
8575.5
13302.5
8493.5
13302.5
8393.5
13302.5
8293.5
13302.5
8193.5
13264.5
8131.5
13214.5
8081.5
13157.5
8038.5
13057.5
8038.5
12957.5
8038.5
12857.5
8038.5
12757.5
8038.5
12657.5
8038.5
12557.5
8038.5
12457.5
8038.5
12357.5
8038.5
12257.5
8038.5
12157.5
8038.5
12057.5
8038.5
11957.5
8038.5
11857.5
8038.5
11757.5
8038.5
11657.5
8038.5
11557.5
8038.5
11457.5
8038.5
11357.5
8038.5
11257.5
8038.5
11157.5
8038.5
11057.5
8038.5
10957.5
8038.5
10857.5
8038.5
10757.5
8038.5
10657.5
8038.5
10557.5
8038.5
10457.5
8038.5
10357.5
8038.5
10257.5
8038.5
10157.5
8038.5
10057.5
8038.5
9957.5
8038.5
9857.5
8038.5
9757.5
8038.5
9657.5
8038.5
9557.5
8038.5
9457.5
8038.5
9357.5
8038.5
9257.5
8038.5
9157.5
8038.5
9057.5
8038.5
8957.5
8038.5
8857.5
8038.5
8757.5
8038.5
8657.5
8038.5
8587.0
8009.0
8537.0
7959.0
8487.0
7909.0
8437.0
7859.0
8387.0
7809.0
8337.0
7759.0
8287.0
7709.0
8237.0
7659.0
8187.0
7609.0
8137.0
7559.0
8087.0
7509.0
8037.0
7459.0
7987.0
7409.0
7937.0
7359.0
7887.0
7309.0
7837.0
7259.0
7787.0
7209.0
7737.0
7159.0
7687.0
7109.0
7637.0
7059.0
7587.0
7009.0
7537.0
6959.0
7487.0
6909.0
7437.0
6859.0
7387.0
6809.0
7337.0
6759.0
7287.0
6709.0
7237.0
6659.0
7187.0
6609.0
7137.0
6559.0
7087.0
6509.0
7013.0
6483.0
6913.0
6483.0
6813.0
6483.0
6713.0
6483.0
6613.0
6483.0
6513.0
6483.0
6413.0
6483.0
6313.0
6483.0
6213.0
6483.0
6113.0
6483.0
6013.0
6483.0
5913.0
6483.0
5813.0
6483.0
5713.0
6483.0
5613.0
6483.0
5513.0
6483.0
5413.0
6483.0
5313.0
6483.0
5213.0
6483.0
5113.0
6483.0
5013.0
6483.0
4913.0
6483.0
4813.0
6483.0
4713.0
6483.0
4613.0
6483.0
4513.0
6483.0
4413.0
6483.0
4313.0
6483.0
4213.0
6483.0
4113.0
6483.0
4013.0
6483.0
3913.0
6483.0
3813.0
6483.0
3713.0
6483.0
3613.0
6483.0
3513.0
6483.0
3413.0
6483.0
3313.0
6483.0
3213.0
6483.0
3113.0
6483.0
3062.5
6433.5
3012.5
6383.5
2962.5
6333.5
2912.5
6283.5
2862.5
6233.5
2812.5
6183.5
2762.5
6133.5
2725.5
6070.5
2725.5
5970.5
2725.5
5870.5
2725.5
5770.5
2725.5
5670.5
2725.5
5570.5
2725.5
5470.5
2725.5
5370.5
2725.5
5270.5
2725.5
5170.5
2725.5
5070.5
2725.5
4970.5
2725.5
4870.5
2725.5
4770.5
2725.5
4670.5
2725.5
4570.5
2725.5
4470.5
2725.5
4370.5
2725.5
4270.5
2725.5
4170.5
2725.5
4070.5
2725.5
3970.5
2725.5
3870.5
2725.5
3770.5
2725.5
3670.5
2725.5
3570.5
2725.5
3470.5
2725.5
3370.5
2725.5
3270.5
2725.5
3170.5
2725.5
3070.5
2725.5
2970.5
2725.5
2870.5
2725.5
2770.5
2698.0
2698.0
2648.0
2648.0
2598.0
2598.0
2548.0
2548.0
2498.0
2498.0
2448.0
2448.0
2398.0
2398.0
2348.0
2348.0
2298.0
2298.0
2248.0
2248.0
2198.0
2198.0
2148.0
2148.0
2098.0
2098.0
2048.0
2048.0
1998.0
1998.0
1948.0
1948.0
1898.0
1898.0
1848.0
1848.0
1798.0
1798.0
1748.0
1748.0
1698.0
1698.0
1648.0
1648.0
1598.0
1598.0
1548.0
1548.0
1498.0
1498.0
1448.0
1448.0
1398.0
1398.0
1348.0
1348.0
1298.0
1298.0
1248.0
1248.0
1198.0
1198.0
1148.0
1148.0
1098.0
1098.0
1048.0
1048.0
998.0
998.0
948.0
948.0
898.0
898.0
848.0
848.0
798.0
798.0
748.0
748.0
698.0
698.0
648.0
648.0
598.0
598.0
548.0
548.0
498.0
498.0
448.0
448.0
398.0
398.0
348.0
348.0
298.0
298.0
248.0
248.0
198.0
198.0
148.0
148.0
98.0
98.0
48.0
48.0
-2.0
-2.0
