1.5780479907989502
1.5781140327453613
1.686995029449463
1.687057614326477
1.8040605783462524
1.804128646850586
1.954285979270935
1.9544055461883545
1.9755514860153198
1.9756280183792114
2.1912466287612915
2.1913546323776245
2.310877561569214
2.3111146688461304
2.442575454711914
2.4426475763320923
2.579912543296814
2.5800050497055054
2.703131914138794
2.703212022781372
2.8672505617141724
2.86738657951355
2.9185359477996826
2.918681502342224
3.1307365894317627
3.1308079957962036
3.2602776288986206
3.260343074798584
3.4209320545196533
3.421002507209778
3.572529911994934
3.5731600522994995
3.727261543273926
3.7273260354995728
3.8982125520706177
3.8983629941940308
4.075320482254028
4.075388431549072
4.309728622436523
4.309810996055603
4.47626805305481
4.476490616798401
4.672913074493408
4.672992467880249
4.800018906593323
4.8000794649124146
4.883046507835388
4.883117914199829
4.986957430839539
4.987029433250427
5.065404057502747
5.0655635595321655
5.105980038642883
5.106049060821533
5.135117053985596
5.135188460350037
5.130495548248291
5.130558967590332
5.4649704694747925
5.465028524398804
5.4564255475997925
5.456479072570801
5.481872081756592
5.481936097145081
5.741649031639099
5.741709113121033
5.739038944244385
5.73909592628479
5.7349933385849
5.735074877738953
5.74515688419342
5.745218515396118
5.7543100118637085
5.754367470741272
5.747932434082031
5.7479939460754395
5.740846037864685
5.740901589393616
5.775799036026001
5.775859117507935
5.818287491798401
5.818350076675415
5.81337296962738
5.813432574272156
5.801049590110779
5.8011064529418945
5.815352559089661
5.815413594245911
5.824398517608643
5.824470043182373
5.818595051765442
5.818654417991638
5.811890602111816
5.811947464942932
5.806151986122131
5.8062074184417725
5.800692081451416
5.800747632980347
5.7951730489730835
5.795228004455566
5.815872073173523
5.815948128700256
5.838143587112427
5.838208436965942
6.070111989974976
6.070183992385864
6.0717350244522095
6.071793437004089
6.077283024787903
6.077343463897705
5.988508582115173
5.988566040992737
5.984668970108032
5.9847270250320435
5.978674530982971
5.978728413581848
5.995460510253906
5.99552047252655
5.9938063621521
5.99386191368103
6.01271653175354
6.0127750635147095
6.0085660219192505
6.008623480796814
6.006170034408569
6.0062243938446045
6.017200350761414
6.017259001731873
6.011744499206543
6.011803507804871
6.020884037017822
6.020945072174072
6.078076004981995
6.078134894371033
6.0668874979019165
6.066944479942322
6.065948486328125
6.066007494926453
6.06855046749115
6.068606019020081
6.079609513282776
6.079671502113342
6.0740965604782104
6.07415246963501
6.069985032081604
6.070040464401245
6.062649607658386
6.062704563140869
6.055524587631226
6.055603981018066
6.0610350370407104
6.061093091964722
6.067137002944946
6.06719446182251
6.063194036483765
6.063252925872803
6.388511061668396
6.388568043708801
6.383838057518005
6.383894085884094
6.37876296043396
6.3788158893585205
6.391077995300293
6.391135573387146
6.1182109117507935
6.118270993232727
6.118261933326721
6.118320465087891
6.128692984580994
6.1287524700164795
6.141700506210327
6.1417635679244995
6.063176989555359
6.063237309455872
6.056860566139221
6.056918621063232
6.050671458244324
6.050726532936096
6.088765978813171
6.088826537132263
6.095378518104553
6.095437407493591
6.144126892089844
6.14418888092041
6.142484903335571
6.142544984817505
6.140422105789185
6.140516996383667
6.152427554130554
6.152485489845276
6.163777947425842
6.16383695602417
6.159939408302307
6.159998893737793
6.333021402359009
6.333078980445862
6.344357132911682
6.344425082206726
6.340506434440613
6.34056293964386
6.3515944480896
6.3516539335250854
6.345669507980347
6.345727920532227
7.012679100036621
7.01273512840271
7.005543112754822
7.005596995353699
7.015488028526306
7.015554904937744
7.009835481643677
7.0098899602890015
7.005563974380493
7.0056174993515015
7.018018007278442
7.0180743932724
7.015069603919983
7.015130043029785
7.0285913944244385
7.028648376464844
7.022760987281799
7.02281653881073
7.036915063858032
7.0369755029678345
7.048112988471985
7.048172473907471
7.048073410987854
7.048130989074707
7.040482401847839
7.040537476539612
7.1819504499435425
7.1820080280303955
7.179305076599121
7.179360508918762
7.189859509468079
7.189924597740173
7.2160139083862305
7.216068983078003
7.211021065711975
7.211076498031616
7.206567049026489
7.206621408462524
7.2157474756240845
7.215802431106567
7.225583553314209
7.225638508796692
7.221160531044006
7.221217513084412
7.215288996696472
7.215341567993164
7.222674369812012
7.222730398178101
7.224992394447327
7.225049018859863
7.223787546157837
7.223904490470886
7.252900004386902
7.2529600858688354
7.248469948768616
7.248528003692627
7.948630452156067
7.948686957359314
7.945343494415283
7.945398569107056
7.935081362724304
7.93513548374176
7.940814971923828
7.94087290763855
7.9397488832473755
7.939804434776306
7.9500685930252075
7.950125575065613
7.94973349571228
7.949788451194763
7.948238015174866
7.94830048084259
7.954905033111572
7.9549665451049805
7.961512923240662
7.961571931838989
7.961506128311157
7.961561560630798
7.949311017990112
7.949388861656189
7.953078985214233
7.953136444091797
7.946505546569824
7.946560025215149
8.228312492370605
8.228370904922485
8.224530458450317
8.224588513374329
8.234221577644348
8.234280586242676
8.230306029319763
8.230363965034485
8.241341590881348
8.241400122642517
8.237184047698975
8.237244963645935
8.252924919128418
8.252983450889587
8.246429443359375
8.246486902236938
8.3434339761734
8.343491077423096
8.337237000465393
8.337293982505798
8.330175042152405
8.330231547355652
8.44849944114685
8.448557496070862
8.442728519439697
8.442785501480103
8.468270897865295
8.468327403068542
8.461507439613342
8.461562991142273
8.455717921257019
8.455774426460266
8.465137124061584
8.465193033218384
8.463934063911438
8.463990926742554
8.514207482337952
8.514263987541199
8.512449026107788
8.512505412101746
8.522143006324768
8.522199034690857
8.522461414337158
8.522530913352966
8.700123071670532
8.700184941291809
8.702373504638672
8.702433943748474
8.71911907196045
8.719178080558777
8.720836997032166
8.720916986465454
8.711139559745789
8.711196064949036
8.703647375106812
8.7037034034729
8.704106450080872
8.704195499420166
8.73666799068451
8.736722946166992
8.742718577384949
8.742775082588196
8.7497318983078
8.749789476394653
8.741973042488098
8.742054104804993
8.765685081481934
8.765740633010864
8.758565068244934
8.758621454238892
8.75938856601715
8.759443998336792
8.777462005615234
8.777517557144165
8.928910970687866
8.928967952728271
8.94695258140564
8.947017073631287
9.014970898628235
9.015025973320007
8.949012637138367
8.949068069458008
8.958364486694336
8.9584219455719
8.971168518066406
8.971244096755981
9.056879043579102
9.056944012641907
9.050920128822327
9.05097758769989
9.346414566040039
9.346472024917603
9.34036898612976
9.34042489528656
9.294494986534119
9.294551014900208
9.361125588417053
9.361183047294617
9.470842957496643
9.470901608467102
9.465425491333008
9.465481996536255
9.494366884231567
9.49442434310913
9.489502549171448
9.489561080932617
9.485016584396362
9.48507308959961
9.493276834487915
9.493333339691162
9.48833703994751
9.488394021987915
9.496843099594116
9.496899604797363
9.482462882995605
9.482519388198853
9.476560473442078
9.476616978645325
9.281370878219604
9.281428337097168
9.274500489234924
9.274558424949646
9.301615476608276
9.30167305469513
9.29332149028778
9.29337763786316
9.534461498260498
9.534517526626587
9.571756601333618
9.571813464164734
9.554948449134827
9.55504047870636
9.556087136268616
9.556147575378418
9.54942500591278
9.549482464790344
9.436431407928467
9.436489939689636
9.455807089805603
9.455870151519775
9.463546991348267
9.463604092597961
9.461238026618958
9.461294531822205
9.64169955253601
9.64176058769226
9.658727049827576
9.658997535705566
9.65843951702118
9.658498525619507
9.654713988304138
9.654776096343994
9.665834426879883
9.665917038917542
9.79289436340332
9.79295301437378
9.632696866989136
9.632765054702759
9.657653570175171
9.657713890075684
9.653998494148254
9.654058456420898
9.697489976882935
9.697550415992737
9.70562756061554
9.705686450004578
9.719534993171692
9.719592571258545
9.760468363761902
9.760527491569519
9.7288179397583
9.728876948356628
9.761123061180115
9.7611825466156
9.77279543876648
9.772854447364807
9.77467691898346
9.774735450744629
9.791791439056396
9.79185152053833
10.057173490524292
10.057283997535706
10.0194730758667
10.019530057907104
10.057283997535706
10.057344555854797
10.069732069969177
10.069790959358215
9.857689619064331
9.857747554779053
9.819638967514038
9.819697976112366
9.828091025352478
9.828150510787964
9.986129999160767
9.986186385154724
10.000317573547363
10.00037705898285
10.011898398399353
10.011996984481812
10.01303505897522
10.013092994689941
10.02691650390625
10.026975512504578
10.026756048202515
10.02681303024292
10.042636036872864
10.042694926261902
10.08224105834961
10.082308888435364
10.080299496650696
10.080358624458313
10.089183449745178
10.089243054389954
10.083962440490723
10.084022045135498
10.080692529678345
10.08074963092804
10.07668399810791
10.076743483543396
10.350848078727722
10.350907564163208
10.343443989753723
10.343500971794128
10.339694023132324
10.339753031730652
10.279004573822021
10.27906346321106
10.314543008804321
10.314602375030518
10.362536907196045
10.362594962120056
10.357671022415161
10.357736110687256
10.367483496665955
10.36754047870636
10.367200016975403
10.367257952690125
10.369292497634888
10.369351506233215
10.351658582687378
10.35171663761139
10.376579523086548
10.376639604568481
10.391983985900879
10.39204490184784
10.601614952087402
10.601745009422302
10.403466939926147
10.403528928756714
10.400476336479187
10.400539875030518
10.42819344997406
10.428263068199158
10.455339550971985
10.455401539802551
10.535536050796509
10.535597562789917
10.539913535118103
10.539973020553589
10.564594984054565
10.564677476882935
10.537828922271729
10.537890553474426
10.554089426994324
10.554149508476257
10.554429054260254
10.554489016532898
10.565036058425903
10.565093517303467
10.579532027244568
10.57959246635437
10.592612504959106
10.592671513557434
10.367430448532104
10.367491483688354
10.364181995391846
10.364245414733887
10.360074043273926
10.360134482383728
10.38540005683899
10.38546097278595
10.863859057426453
10.863919973373413
10.856046557426453
10.85610806941986
11.136070013046265
11.136130571365356
11.155441999435425
11.155502915382385
11.170222043991089
11.170287013053894
11.183468103408813
11.183528542518616
11.179369926452637
11.179430484771729
11.178831100463867
11.17889404296875
11.20570695400238
11.205768942832947
11.21926760673523
11.219330072402954
11.280609846115112
11.280673384666443
11.27652895450592
11.276592493057251
11.29198706150055
11.292048454284668
11.304585099220276
11.304644465446472
11.30675208568573
11.306815028190613
11.305819034576416
11.305883049964905
11.304479479789734
11.30454158782959
11.301610112190247
11.301676034927368
11.332001566886902
11.33206307888031
11.330696940422058
11.330764412879944
11.329182028770447
11.329242467880249
11.327841997146606
11.327903509140015
11.334649562835693
11.334738969802856
11.360220551490784
11.360280513763428
11.434025526046753
11.434087038040161
11.433789014816284
11.433857440948486
11.43048906326294
11.430549025535583
11.436703443527222
11.436786413192749
11.464266538619995
11.464328050613403
11.464313507080078
11.464376449584961
11.464313507080078
11.464394569396973
11.463813543319702
11.463874578475952
11.61065399646759
11.610721588134766
11.63167953491211
11.631741642951965
11.630903482437134
11.6309654712677
11.630855083465576
11.630951523780823
11.664516925811768
11.6646169424057
11.668761491775513
11.668830037117004
11.67033052444458
11.670392990112305
11.667773485183716
11.667987942695618
11.68143343925476
11.681503534317017
11.697109580039978
11.697172045707703
11.695344090461731
11.695411562919617
11.691676020622253
11.691735982894897
11.688610553741455
11.68867301940918
11.701138019561768
11.701199054718018
11.711761951446533
11.7118239402771
11.707391381263733
11.7074533700943
11.912350535392761
11.91241192817688
12.07521641254425
12.075276494026184
12.072424530982971
12.072510480880737
12.087128520011902
12.087189078330994
12.083892583847046
12.083952903747559
12.10025143623352
12.100312948226929
12.127156496047974
12.127217054367065
12.126561522483826
12.12662160396576
12.1270250082016
12.127084970474243
12.139548063278198
12.139607548713684
12.148817420005798
12.148878455162048
12.161185026168823
12.16124701499939
12.16203498840332
12.162097454071045
12.159815073013306
12.159876108169556
12.189543962478638
12.189605474472046
12.196087002754211
12.196148037910461
12.19571590423584
12.195777893066406
12.192412495613098
12.192474007606506
12.203997015953064
12.20407497882843
12.251715421676636
12.251778602600098
12.358189105987549
12.358250617980957
12.354774117469788
12.354848027229309
12.352370381355286
12.35245132446289
12.395014524459839
12.395076036453247
12.422695517539978
12.422762036323547
12.423529982566833
12.423591613769531
12.42040205001831
12.420464038848877
12.41918694972992
12.419246912002563
12.425035953521729
12.425096988677979
12.441458106040955
12.441521048545837
12.458140015602112
12.458204627037048
12.90128469467163
12.901345610618591
12.913142085075378
12.913203954696655
12.91143000125885
12.911491513252258
12.923208951950073
12.923269510269165
12.922943472862244
12.923006534576416
12.926215171813965
12.926276087760925
12.921625018119812
12.921684980392456
12.934035539627075
12.934107542037964
13.065988063812256
13.066048622131348
13.066817045211792
13.066877007484436
13.07746946811676
13.07753038406372
13.079528093338013
13.079612016677856
13.079082131385803
13.07914412021637
13.08826994895935
13.088351488113403
13.106178522109985
13.10624098777771
13.123803973197937
13.12386703491211
13.120741486549377
13.120803594589233
13.121458530426025
13.121519565582275
13.118094563484192
13.1181560754776
13.135581612586975
13.135643005371094
13.151524901390076
13.151586532592773
13.253488540649414
13.253569483757019
13.251054525375366
13.25115191936493
13.249497056007385
13.249573469161987
13.249950528144836
13.25001060962677
13.246822476387024
13.246883630752563
13.273087978363037
13.273163437843323
13.271154046058655
13.27121651172638
13.267698049545288
13.267758965492249
13.266843438148499
13.266906499862671
13.270986437797546
13.271049976348877
13.284114480018616
13.28417456150055
13.295060515403748
13.29512095451355
13.398472547531128
13.398536086082458
13.393882513046265
13.39394497871399
13.39389193058014
13.393953084945679
13.413470029830933
13.413540959358215
13.427713990211487
13.427802443504333
13.425803065299988
13.42586612701416
13.42621397972107
13.426275372505188
13.707504034042358
13.707573056221008
13.717671036720276
13.717737555503845
13.728901028633118
13.728964447975159
13.726688504219055
13.726752519607544
13.72514295578003
13.72520649433136
13.743648052215576
13.743712544441223
13.74089252948761
13.740963578224182
14.291001558303833
14.291065573692322
14.281720519065857
14.281781435012817
14.2878999710083
14.287964582443237
14.279876947402954
14.279940366744995
14.299564480781555
14.299628973007202
14.298688530921936
14.298752427101135
14.311548948287964
14.311612486839294
14.317176938056946
14.317282438278198
14.327510952949524
14.327576518058777
14.325387001037598
14.325451970100403
14.326104998588562
14.326167941093445
14.33797562122345
14.338040113449097
14.187038540840149
14.187101125717163
14.183549046516418
14.18361246585846
14.19122052192688
14.191284418106079
14.412110447883606
14.412173509597778
14.41209352016449
14.412158489227295
14.427233457565308
14.427295446395874
14.429473400115967
14.429585933685303
14.427156567573547
14.42722201347351
14.425640106201172
14.425703525543213
14.437711477279663
14.43777596950531
14.453937649726868
14.454000473022461
14.453770518302917
14.453834533691406
14.449896931648254
14.44995903968811
14.446284532546997
14.446347117424011
14.459507465362549
14.459568500518799
14.457265496253967
14.457364559173584
14.470901370048523
14.470965385437012
14.469834089279175
14.469896912574768
14.467214345932007
14.467290997505188
14.463826894760132
14.463889002799988
14.633137941360474
14.633208990097046
14.646230816841125
14.646295428276062
14.713850975036621
14.713912963867188
14.7118661403656
14.711927652359009
14.70823049545288
14.708294987678528
14.720574975013733
14.720638990402222
14.720634460449219
14.720698475837708
14.733301877975464
14.733364939689636
14.730185389518738
14.73025643825531
14.731215000152588
14.73127794265747
15.180335521697998
15.180399537086487
15.181077480316162
15.181140065193176
15.178658485412598
15.178720951080322
15.189764380455017
15.18982744216919
15.205803990364075
15.205865502357483
15.204114437103271
15.20417594909668
15.201292991638184
15.201378583908081
15.215322613716125
15.215386509895325
15.212178111076355
15.212240099906921
15.228435039520264
15.228501081466675
15.22588050365448
15.225944995880127
15.22500205039978
15.225063562393188
15.238297581672668
15.238359928131104
15.237273931503296
15.237335920333862
15.23413860797882
15.234200596809387
15.246767044067383
15.246828556060791
15.260918974876404
15.260982036590576
15.258247017860413
15.258313417434692
15.256971955299377
15.25703489780426
15.254078388214111
15.254141926765442
15.267696380615234
15.267760515213013
15.265583038330078
15.265645027160645
15.279805541038513
15.279867053031921
15.277251482009888
15.277314066886902
15.276447057723999
15.276508569717407
15.273357152938843
15.273420572280884
15.466941952705383
15.467005968093872
15.463546514511108
15.463609457015991
15.479710459709167
15.479773998260498
15.477542519569397
15.477604985237122
15.475603103637695
15.475664496421814
15.471749067306519
15.471810579299927
15.48319160938263
15.483256578445435
15.480769515037537
15.480831623077393
15.493830442428589
15.493901014328003
15.490898132324219
15.490959525108337
15.505830526351929
15.505893468856812
15.503185987472534
15.503248453140259
15.50210165977478
15.502164125442505
15.498886585235596
15.498948454856873
15.511306047439575
15.511417031288147
15.526414036750793
15.526477456092834
15.528129577636719
15.528195977210999
15.526116013526917
15.5261789560318
15.537779569625854
15.537843585014343
15.533063411712646
15.533125519752502
15.52957308292389
15.529634475708008
