5.857972979545593
5.993554512659709
6.0723873774210615
6.2911403973897295
6.380663832028707
6.454131682713826
6.433059453964233
6.634812315305074
6.8070956865946455
6.8808664083480835
6.981616655985515
6.978743672370911
6.990201195081075
7.044225811958313
7.0805584192276
7.057588338851929
7.125396132469177
7.080247163772583
7.060064673423767
7.064504583676656
7.246166865030925
7.362173795700073
7.320887605349223
7.3356921672821045
7.273480852444966
7.269000212351481
7.2392996946970625
7.3178456624348955
7.454875508944194
7.48344365755717
7.466383536656697
7.43055244286855
7.459615667661031
7.4220666488011675
7.495203455289205
7.546982606252034
7.589463631312053
7.6229318380355835
7.7113931973775225
7.655123472213745
7.746427536010742
7.849702517191569
7.845465064048767
7.837272524833679
7.798767805099487
7.730294227600098
7.802288293838501
7.787694573402405
7.791965166727702
7.874685684839885
7.913455168406169
7.950749357541402
7.875835816065471
7.922447005907695
7.952959855397542
7.9508828322092695
8.007128993670145
8.183727979660034
8.12432865301768
8.19346829255422
8.245192011197409
8.177321990331015
8.268679658571878
8.277446866035461
8.251749157905579
8.437828024228414
8.425013780593872
8.31079081694285
8.517892638842264
8.537267287572226
8.535386006037394
8.528412302335104
8.538169860839844
8.615420778592428
8.601791739463806
8.637331883112589
8.756312012672424
8.809544841448465
8.838504115740458
8.748013178507486
8.75256351629893
8.822772661844889
8.808857679367065
8.831342021624247
8.785919109980265
8.89193300406138
8.900399327278137
9.0183154741923
9.123819669087728
9.149974505106607
9.181663831075033
9.200324098269144
9.215047637621561
9.253333806991577
9.220809380213419
9.276082555452982
9.284700632095337
9.292417804400126
9.487611293792725
9.609588106473288
9.688053886095682
9.692100485165914
9.701572179794312
9.656756361325582
9.642349680264791
9.64715846379598
9.71408216158549
9.711080948511759
9.727912505467733
9.805637200673422
9.736382285753885
9.922615687052408
9.918986002604166
9.978372494379679
10.030252854029337
10.116584181785583
10.105134963989258
10.111726601918539
10.106947660446167
10.10998523235321
10.090432127316793
10.091838161150614
10.06830620765686
10.057093143463135
