8205.5
8611.5
9449.0
8697.0
9282.333333333334
8563.666666666666
9115.666666666666
8430.333333333334
8949.0
8297.0
8782.333333333334
8163.666666666667
8615.666666666666
8030.333333333333
8449.0
7897.0
8282.333333333334
7763.666666666667
8115.666666666667
7630.333333333333
7949.0
7497.0
7782.333333333333
7363.666666666667
7625.666666666667
7220.333333333333
7475.666666666667
7070.333333333333
7325.666666666667
6920.333333333333
7175.666666666667
6770.333333333333
7025.666666666667
6620.333333333333
6875.666666666667
6470.333333333333
6725.666666666667
6320.333333333333
6575.666666666667
6170.333333333333
6425.666666666667
6020.333333333333
6275.666666666667
5870.333333333333
6125.666666666667
5720.333333333333
5975.666666666667
5570.333333333333
5825.666666666667
5420.333333333333
5672.0
5274.0
5505.333333333333
5140.666666666667
5338.666666666667
5007.333333333333
5172.0
4874.0
5005.333333333333
4740.666666666667
4838.666666666667
4607.333333333333
4681.666666666667
4464.333333333333
4531.666666666667
4314.333333333333
4381.666666666667
4164.333333333333
4231.666666666667
4014.3333333333335
4081.6666666666665
3864.3333333333335
3931.6666666666665
3714.3333333333335
3781.6666666666665
3564.3333333333335
3631.6666666666665
3414.3333333333335
3481.6666666666665
3264.3333333333335
3331.6666666666665
3114.3333333333335
3181.6666666666665
2964.3333333333335
3031.6666666666665
2814.3333333333335
2881.6666666666665
2664.3333333333335
2731.6666666666665
2514.3333333333335
2581.6666666666665
2364.3333333333335
2431.6666666666665
2214.3333333333335
2281.6666666666665
2064.3333333333335
2131.6666666666665
1914.3333333333333
1981.6666666666667
1764.3333333333333
1831.6666666666667
1614.3333333333333
1681.6666666666667
1464.3333333333333
1531.6666666666667
1314.3333333333333
1381.6666666666667
1164.3333333333333
1231.6666666666667
1014.3333333333334
1081.6666666666667
864.3333333333334
931.6666666666666
714.3333333333334
781.3333333333334
564.6666666666666
614.6666666666666
431.3333333333333
448.0
298.0
281.3333333333333
164.66666666666666
114.66666666666667
31.333333333333332
