4.144507527351379
4.172826528549194
4.356643438339233
4.443609952926636
4.586603999137878
4.591928005218506
4.664386510848999
4.666359066963196
4.754849910736084
4.767199635505676
4.913511514663696
4.9007896184921265
5.3772804737091064
5.409446477890015
5.444161534309387
5.590166449546814
5.694353938102722
5.919020414352417
5.977184414863586
6.03631591796875
6.040153503417969
6.078799486160278
6.087179899215698
6.086499094963074
6.124712109565735
6.1382365226745605
6.170781970024109
6.170489549636841
6.173419952392578
6.203495383262634
6.2260414361953735
6.339275479316711
6.341901659965515
6.337813019752502
6.376402020454407
6.405527591705322
6.423433899879456
6.432353377342224
6.430665016174316
6.437981009483337
6.5190335512161255
6.524399995803833
6.509729504585266
6.50644838809967
6.516875982284546
6.533321142196655
6.613137483596802
6.5917134284973145
6.611719012260437
6.603856086730957
6.638454556465149
6.636768460273743
6.656012058258057
6.665053367614746
6.688550114631653
6.692262530326843
6.7004899978637695
6.693543434143066
6.698106527328491
6.723586916923523
6.748725652694702
6.763088941574097
6.8402179479599
6.794667601585388
6.869269967079163
6.868528962135315
6.874447464942932
6.895524024963379
6.903460621833801
6.963858962059021
6.959158897399902
6.951493859291077
6.961721420288086
6.985242962837219
6.996484041213989
7.051665425300598
7.079784631729126
7.083119511604309
7.084259033203125
7.088489055633545
7.114572644233704
7.115144968032837
7.133513569831848
7.152891039848328
7.165341019630432
7.173878908157349
7.218727946281433
7.363279938697815
7.369734048843384
7.370096564292908
7.384758949279785
7.434027433395386
7.381932497024536
7.39589250087738
7.404022455215454
7.696797609329224
7.711533069610596
7.740818977355957
7.752265572547913
7.752021431922913
7.781335115432739
7.786579966545105
7.785328507423401
7.852762460708618
7.871378064155579
7.865977048873901
7.868476033210754
7.8674949407577515
7.815166473388672
7.825806975364685
8.07384192943573
8.074355959892273
8.093500137329102
8.104885578155518
8.126006841659546
8.133265018463135
8.153443574905396
8.14210057258606
8.182532548904419
8.469065546989441
8.465497016906738
8.463235974311829
8.50523293018341
8.48946499824524
8.304127097129822
8.306034445762634
8.326037049293518
8.350750088691711
8.353746891021729
8.356394052505493
8.344486951828003
8.179846405982971
8.192522048950195
8.199049472808838
8.202451944351196
8.205199956893921
8.238669037818909
8.244955062866211
8.484350442886353
8.594563841819763
8.601651430130005
8.628545999526978
8.628622055053711
8.63236153125763
8.624753952026367
8.643831133842468
8.649697065353394
8.682555437088013
8.688515424728394
8.901297450065613
8.94298243522644
8.829763531684875
8.883577466011047
8.884447455406189
8.921003460884094
8.923426628112793
8.920430541038513
9.082205533981323
9.002626657485962
9.078643441200256
9.113715529441833
9.113139510154724
9.115160584449768
9.142067432403564
9.326330065727234
9.334702372550964
9.33915400505066
9.365949392318726
9.372366547584534
9.42514157295227
9.426584362983704
9.464504599571228
9.46915352344513
9.472991585731506
9.489526152610779
9.500377535820007
9.505034446716309
9.50730311870575
9.504583477973938
9.57075297832489
9.343371033668518
9.351282000541687
9.371413111686707
9.396610021591187
9.403525948524475
9.653276562690735
9.657071590423584
9.693626046180725
10.021667122840881
10.01606810092926
9.958693027496338
9.978379607200623
10.038130402565002
10.041814923286438
10.043436527252197
10.051669001579285
9.833118081092834
9.84352993965149
9.885995388031006
10.007141470909119
9.965272545814514
9.986500024795532
10.19037640094757
10.066447973251343
10.084645509719849
10.109945893287659
10.163275957107544
10.166581988334656
10.142154097557068
10.147254943847656
10.181152939796448
10.358646988868713
10.363757491111755
10.084318041801453
10.08995509147644
10.108766078948975
10.123653531074524
10.141877055168152
10.1458078622818
10.167603373527527
10.18074905872345
10.18786907196045
10.934471011161804
10.942669987678528
10.94724154472351
10.96247398853302
10.965473055839539
10.984474539756775
10.993281483650208
10.996525049209595
11.175171971321106
10.999651432037354
11.003484010696411
11.036808967590332
11.032150030136108
10.970543026924133
10.977796912193298
10.986111521720886
11.192483901977539
11.080406427383423
11.162032961845398
11.150085926055908
10.876962542533875
10.880020499229431
10.89773404598236
10.893633484840393
11.364149928092957
11.383014917373657
11.29077935218811
11.299552083015442
11.107099056243896
11.108772158622742
11.111329436302185
11.147658944129944
11.164121985435486
11.168588399887085
11.349357008934021
11.089680433273315
11.12749195098877
11.136865496635437
11.150563955307007
11.155740976333618
11.215927004814148
11.222976088523865
11.229356527328491
11.64935851097107
11.25064241886139
11.281048059463501
11.280672430992126
11.749629020690918
11.643564462661743
12.043372511863708
12.073836922645569
12.12365198135376
12.123894929885864
12.071982979774475
12.076712965965271
12.134684920310974
12.13954496383667
12.14521050453186
12.164924025535583
12.193013906478882
12.197906613349915
11.999788045883179
12.002417922019958
12.01033890247345
12.246268033981323
12.25103497505188
12.258906483650208
12.42045795917511
12.42108404636383
12.441055417060852
12.355482459068298
12.361589074134827
12.370172500610352
12.387914419174194
12.414958000183105
12.424766063690186
12.427903532981873
12.452611446380615
12.47124445438385
12.477660059928894
12.484331130981445
12.48704445362091
12.526052594184875
12.568319916725159
12.577104091644287
12.583196520805359
12.607614994049072
12.612566590309143
12.634948492050171
12.63860547542572
12.652266025543213
12.655562400817871
12.674129009246826
12.695473551750183
12.701465010643005
12.704993963241577
12.685849905014038
13.134731411933899
13.138002872467041
13.151848554611206
13.077936053276062
13.096532940864563
13.114922523498535
13.121950387954712
13.12585699558258
13.155540466308594
13.164697527885437
13.186236023902893
13.191166043281555
13.194353103637695
13.197283506393433
13.21632993221283
13.237478971481323
13.251201510429382
13.259720087051392
13.28473961353302
13.300274968147278
13.320744633674622
13.331642985343933
13.339141607284546
13.360152959823608
13.74138343334198
13.747629523277283
13.753690481185913
13.766349077224731
13.786292433738708
13.794485569000244
13.815662622451782
13.822821855545044
13.842912554740906
13.846908450126648
13.852159857749939
13.87776005268097
13.889340877532959
13.917484879493713
13.938777923583984
13.942988991737366
13.948872923851013
13.953890442848206
13.973161935806274
13.99964702129364
14.01562750339508
14.043886542320251
14.023844957351685
14.303924918174744
14.455743551254272
14.469650030136108
14.489334106445312
14.494064927101135
14.529491066932678
14.53368854522705
14.537816882133484
14.556281089782715
14.576525449752808
14.597854018211365
14.602124452590942
14.60560154914856
14.638890624046326
14.65679395198822
14.6585373878479
14.659804463386536
14.666996479034424
14.686701536178589
14.71399199962616
14.71998906135559
14.72900390625
14.746992468833923
14.752422094345093
14.774097084999084
14.778497099876404
14.780821442604065
14.801468014717102
14.834645509719849
14.841802954673767
14.84760844707489
14.85324764251709
14.873815536499023
14.900642991065979
14.905634045600891
14.910706877708435
14.931978464126587
14.934455394744873
14.93424105644226
15.228801965713501
15.255419969558716
15.275821566581726
15.281112432479858
15.283900499343872
15.34234607219696
15.374371528625488
15.377179980278015
15.389281988143921
15.393232107162476
15.439066529273987
15.593012928962708
15.596722960472107
15.610384941101074
15.682145476341248
15.687985897064209
15.694308042526245
15.698640584945679
15.717002511024475
15.750274538993835
15.758315086364746
15.761876463890076
15.776821970939636
15.803851008415222
15.811272621154785
15.817219495773315
15.817232489585876
15.837671995162964
15.858863472938538
15.864075899124146
15.86713695526123
15.869935989379883
15.895392537117004
15.93190348148346
15.9387868642807
15.942378520965576
15.94506549835205
15.976516842842102
15.962923526763916
16.343295574188232
16.34524154663086
16.34765350818634
16.404212951660156
16.422032475471497
16.426236629486084
16.501925468444824
16.504196524620056
16.508914589881897
16.510051012039185
16.528430342674255
16.531832933425903
16.566561460494995
16.58457851409912
16.587899446487427
16.60798692703247
16.61762249469757
16.60234546661377
16.848111033439636
16.86327302455902
16.866037964820862
16.8857843875885
16.892181992530823
16.909054040908813
16.930091381072998
16.94836962223053
16.97342097759247
16.979684114456177
16.983134508132935
17.00093400478363
17.023610949516296
17.044525623321533
17.052716493606567
17.069464564323425
17.074576020240784
17.079154014587402
17.08170735836029
17.097649574279785
17.098548412322998
17.118231415748596
17.137317061424255
17.142745971679688
17.175997495651245
17.20160460472107
17.20723283290863
17.212632536888123
17.2332683801651
17.253929018974304
17.262825965881348
17.280251026153564
17.28371250629425
17.28710150718689
17.304750561714172
17.33603000640869
17.315452098846436
17.31226909160614
