3.286723494529724
3.536593437194824
3.916559100151062
4.095634937286377
4.326543569564819
4.605536580085754
4.807314991950989
5.03734290599823
5.209957480430603
5.491888403892517
5.635299444198608
5.738043904304504
5.888744473457336
5.901011109352112
5.915503978729248
5.965651988983154
5.963946580886841
6.020335555076599
6.016142010688782
6.068664073944092
6.081153512001038
6.0829033851623535
6.18742299079895
6.192625999450684
6.2352659702301025
6.217498064041138
6.208979487419128
6.211655497550964
6.217631459236145
6.26680600643158
6.22344446182251
6.22918963432312
6.223085641860962
6.388947486877441
6.439774990081787
6.487018942832947
6.484548449516296
6.463277578353882
6.5323686599731445
6.527094602584839
6.501009464263916
6.501798987388611
6.509975552558899
6.530367493629456
6.51951801776886
6.528737425804138
6.54217791557312
6.550671935081482
6.62378454208374
6.6340625286102295
6.733098983764648
6.768994092941284
6.796422481536865
6.783609628677368
6.79291045665741
6.872570514678955
7.036285877227783
7.042932033538818
7.052273988723755
7.095817446708679
7.089667439460754
7.088569521903992
7.08102285861969
7.127855062484741
7.130525469779968
7.186282992362976
7.199788570404053
7.190900564193726
7.190356612205505
7.19226598739624
7.199874401092529
7.2026145458221436
7.237796425819397
7.504086852073669
7.522317886352539
7.528304100036621
7.514338135719299
7.559578061103821
7.543511986732483
7.561745524406433
7.573142051696777
7.679977297782898
7.672608137130737
7.702812075614929
7.690402507781982
7.686460018157959
7.6808624267578125
7.67022442817688
7.6892863512039185
7.987261056900024
7.981963872909546
7.9097490310668945
7.812822580337524
7.947381019592285
7.8873594999313354
7.8933104276657104
7.887869954109192
8.020659565925598
8.034316420555115
7.970101475715637
7.979050874710083
8.102324604988098
8.004485487937927
8.003358364105225
8.062558889389038
8.027356028556824
8.022143959999084
8.035086035728455
8.101000428199768
8.064760327339172
8.12359344959259
8.176794409751892
8.146551847457886
8.35758352279663
8.188136577606201
8.363203525543213
8.378498554229736
8.34510850906372
8.341048002243042
8.202706933021545
8.272542119026184
8.354415535926819
8.368849992752075
8.451352596282959
8.586949110031128
8.446380615234375
8.598538875579834
8.564288973808289
8.488295078277588
8.612287044525146
8.652634501457214
8.595048666000366
8.635981440544128
8.678746581077576
8.89436650276184
9.017033576965332
8.900948405265808
8.936906099319458
9.116464614868164
9.019405364990234
8.980143070220947
9.031828045845032
9.04454791545868
8.906404972076416
8.882053852081299
8.905465006828308
8.93249261379242
9.161563396453857
9.165090918540955
8.951585054397583
9.132970094680786
9.321425437927246
9.327119946479797
9.211514472961426
9.498223900794983
9.388540506362915
9.39236056804657
9.41503357887268
9.54566204547882
9.518194079399109
9.522088408470154
9.536464929580688
9.472916960716248
9.322489500045776
9.517988920211792
9.482281565666199
9.600161910057068
9.633206605911255
9.599393486976624
9.605329513549805
9.496981978416443
9.543188571929932
9.49655306339264
9.473866939544678
9.470407009124756
9.470365524291992
9.509288907051086
9.542290449142456
9.524742007255554
9.704359531402588
9.728320002555847
9.719161987304688
9.745073080062866
9.740737080574036
9.736107468605042
9.715137362480164
9.70667850971222
9.709106922149658
9.817123055458069
9.861059069633484
9.937229633331299
10.109591007232666
10.115938544273376
9.994982957839966
9.997622013092041
10.028348088264465
9.929862976074219
9.95745837688446
10.102534055709839
10.083019971847534
10.08194100856781
10.056189894676208
10.115030527114868
10.037892460823059
10.043286442756653
10.124575972557068
10.173955082893372
10.193585395812988
10.374122500419617
10.55688989162445
10.547730922698975
10.454582571983337
10.554924964904785
10.636003971099854
10.764778017997742
10.679458498954773
10.669939517974854
10.660670042037964
10.660264015197754
10.663480877876282
10.660964488983154
10.668481945991516
10.635769486427307
10.634103059768677
10.686801552772522
10.704314947128296
10.731809496879578
10.72816801071167
10.729781985282898
10.72547447681427
10.749288082122803
10.826650977134705
10.829838037490845
10.881829500198364
10.879438996315002
10.877887964248657
10.878524541854858
10.873614072799683
10.900300025939941
10.900676608085632
10.908729553222656
10.903260111808777
10.979356050491333
10.981660008430481
11.03545093536377
11.421861052513123
11.41326105594635
11.411232471466064
11.398128986358643
11.391252994537354
11.413313627243042
11.619620442390442
11.611409068107605
11.259467005729675
11.499590396881104
11.286743998527527
11.287919044494629
11.286917924880981
11.220962524414062
11.251718044281006
11.25104546546936
11.415153503417969
11.4150630235672
11.655766010284424
11.312941908836365
11.850313425064087
11.845314979553223
11.716925501823425
11.742570996284485
11.724112033843994
11.728376984596252
11.546253442764282
11.548410534858704
11.577031016349792
11.58303439617157
11.592520952224731
11.58356249332428
11.57846200466156
11.670527458190918
11.836709976196289
11.838362097740173
11.833428025245667
11.86008894443512
12.305729508399963
11.960699081420898
11.946230053901672
11.948027491569519
11.990362524986267
11.993156433105469
11.992647051811218
11.990065574645996
12.018115520477295
12.012926459312439
12.012031555175781
12.24436104297638
12.241112470626831
12.282752513885498
12.294813990592957
12.290895938873291
12.676791906356812
12.67177152633667
12.272267580032349
12.27060091495514
12.265584468841553
12.544162511825562
12.572562456130981
12.584481000900269
12.581393480300903
12.577332973480225
12.601320624351501
12.606824517250061
12.593994498252869
12.593177437782288
12.991366505622864
12.984150528907776
12.752321004867554
12.751931548118591
12.7458735704422
12.743038058280945
12.76450002193451
12.793202638626099
12.788459539413452
13.16270887851715
13.162526488304138
12.97250497341156
12.987308502197266
12.986170649528503
12.982216000556946
12.98200786113739
12.978088021278381
13.017044067382812
13.046056509017944
13.041365385055542
13.04255759716034
13.036824464797974
13.427288889884949
13.453817486763
13.111138939857483
13.439683556556702
13.45255446434021
13.11029601097107
13.129767417907715
13.13351058959961
13.129945993423462
13.126737475395203
13.15526556968689
13.157256960868835
13.396422982215881
13.389732837677002
13.399632096290588
13.862492084503174
13.527454495429993
13.533524513244629
13.519945979118347
13.534281492233276
13.54875648021698
13.555757522583008
13.556779980659485
13.56792950630188
13.58240556716919
13.999453067779541
13.996984004974365
13.694165349006653
13.710077404975891
13.726858973503113
13.764305472373962
13.764830946922302
13.801275491714478
13.80152142047882
13.793304920196533
13.791949033737183
13.787526488304138
13.784367561340332
14.225538969039917
14.252514004707336
14.250603556632996
14.266065955162048
14.278762578964233
14.285181403160095
14.32252299785614
14.729306101799011
14.728664994239807
14.384521961212158
14.382752537727356
14.388256072998047
14.424054503440857
14.376979112625122
14.372553586959839
14.37433135509491
14.395807027816772
14.446053981781006
14.446645021438599
14.849069118499756
14.848684072494507
14.527458548545837
14.558012962341309
14.55796194076538
14.562484979629517
14.561908602714539
14.578778147697449
14.590172529220581
14.59476387500763
14.589997053146362
14.64636743068695
14.644880890846252
14.67503547668457
14.886139988899231
14.877519011497498
14.871548414230347
14.860872030258179
15.123769998550415
15.12399137020111
14.845144867897034
14.842885971069336
14.842779994010925
14.84345805644989
14.867780566215515
14.878253936767578
14.872443556785583
14.871074438095093
14.869470000267029
14.891544461250305
14.885602474212646
15.258061051368713
15.233442425727844
15.263212442398071
15.614707589149475
15.622816324234009
15.600953102111816
15.59834086894989
15.596224427223206
15.587126970291138
15.587409973144531
15.589888215065002
15.582008481025696
15.58110249042511
15.56635844707489
15.589569926261902
15.590788006782532
15.59312355518341
15.593009114265442
15.637733459472656
15.640016078948975
15.633064985275269
15.88215708732605
15.870714902877808
15.87156593799591
15.869707465171814
15.872317552566528
15.900198101997375
15.905173897743225
15.907135486602783
15.933199644088745
15.941449999809265
15.940145015716553
15.936646580696106
15.936133980751038
15.979067087173462
15.965688467025757
15.962231516838074
15.930729508399963
15.957961082458496
15.952481985092163
15.951921105384827
16.303474068641663
16.29865252971649
16.34227454662323
16.348821997642517
16.350523471832275
16.350171446800232
16.347424030303955
16.371859431266785
16.388345956802368
16.384933948516846
16.38849902153015
16.38613450527191
16.411378026008606
16.412686467170715
16.41321849822998
16.4074285030365
16.397237062454224
16.561553597450256
16.560745000839233
16.573436975479126
16.59892702102661
16.597442507743835
16.620785117149353
16.61848211288452
16.62014901638031
16.61747694015503
16.614797949790955
16.623040437698364
16.62417507171631
16.66526710987091
16.660935521125793
16.653934597969055
16.598496437072754
16.595780968666077
16.623998045921326
