2.690169930458069
2.6905274391174316
2.6906139850616455
2.690677523612976
2.6882489919662476
2.6884130239486694
2.688501000404358
2.6885560750961304
2.7793489694595337
2.7794220447540283
2.779473066329956
2.7795599699020386
3.0232014656066895
3.0233490467071533
3.046625018119812
3.046696901321411
3.118870496749878
3.118955969810486
3.1190569400787354
3.1391199827194214
3.2075440883636475
3.207616090774536
3.207808494567871
3.2079960107803345
3.254377007484436
3.254447102546692
3.254544973373413
3.254797101020813
3.3907225131988525
3.390793561935425
3.390889048576355
3.390947103500366
3.4812206029891968
3.481425166130066
3.481510639190674
3.481566071510315
3.6688464879989624
3.66900098323822
3.7057409286499023
3.7058188915252686
3.839056968688965
3.839279055595398
3.8393595218658447
3.840162515640259
4.234353423118591
4.250877857208252
4.250972390174866
4.2511584758758545
4.313490986824036
4.313929080963135
4.313994526863098
4.314065456390381
4.3500590324401855
4.374995946884155
4.37507951259613
4.37520956993103
4.542737603187561
4.542808651924133
4.542863130569458
4.542914509773254
4.477439522743225
4.478067517280579
4.4782609939575195
4.4860780239105225
4.84172785282135
4.841803431510925
4.841860413551331
4.841932415962219
4.866132616996765
4.866207957267761
4.866263508796692
4.8663201332092285
5.048617005348206
5.058023452758789
5.058145523071289
5.058254957199097
5.289134383201599
5.289285898208618
5.289355039596558
5.289412021636963
5.35131299495697
5.351398587226868
5.351454019546509
5.3515545129776
5.328214526176453
5.328279614448547
5.3283350467681885
5.328387975692749
5.306649565696716
5.306709051132202
5.306765675544739
5.306818127632141
5.181414484977722
5.181476473808289
5.181530475616455
5.181583046913147
5.101712465286255
5.1018465757369995
5.10191547870636
5.101996541023254
5.387105941772461
5.387209057807922
5.3872679471969604
5.387322425842285
5.223477005958557
5.223539471626282
5.223601937294006
5.2236549854278564
5.073095440864563
5.0731589794158936
5.073213338851929
5.073266386985779
5.232111930847168
5.232173442840576
5.232228517532349
5.232280492782593
5.128904581069946
5.128967046737671
5.129022002220154
5.129075050354004
5.258555054664612
5.25864052772522
5.258699059486389
5.258753061294556
5.099804520606995
5.099865436553955
5.099919557571411
5.099972128868103
5.0952558517456055
5.095317363739014
5.095379948616028
5.095459461212158
5.071089506149292
5.071178555488586
5.071253538131714
5.071310997009277
5.076533317565918
5.076638460159302
5.076699495315552
5.076753377914429
5.05210542678833
5.052263975143433
5.0523494482040405
5.052456855773926
5.562358021736145
5.562421083450317
5.562519550323486
5.562584042549133
5.121246933937073
5.1213074922561646
5.121380925178528
5.121441960334778
4.985474467277527
4.985534429550171
4.985587954521179
4.985664963722229
5.431201934814453
5.431267023086548
5.431322455406189
5.431375980377197
5.20676851272583
5.206838965415955
5.206894516944885
5.2069480419158936
5.578021049499512
5.57808244228363
5.578136086463928
5.578234076499939
5.33107602596283
5.3311790227890015
5.331287503242493
5.331345438957214
5.025373578071594
5.025436520576477
5.025505065917969
5.025575041770935
5.300926566123962
5.300989508628845
5.301045536994934
5.301100015640259
5.315506458282471
5.315634369850159
5.315694332122803
5.315750479698181
5.000396013259888
5.000475525856018
5.0005574226379395
5.000620484352112
5.007729411125183
5.007801413536072
5.007876396179199
5.0079665184021
5.190916538238525
5.190983414649963
5.191047430038452
5.191103458404541
5.159144043922424
5.159207463264465
5.159264445304871
5.159338474273682
5.255341649055481
5.255403637886047
5.2554590702056885
5.255512952804565
5.219150066375732
5.219217538833618
5.219275593757629
5.219331979751587
5.363988637924194
5.364138126373291
5.364206671714783
5.364264130592346
5.404689908027649
5.404802441596985
5.404905915260315
5.404985308647156
5.012319564819336
5.012384414672852
5.012441515922546
5.012543559074402
4.98532497882843
4.985387444496155
4.98544454574585
4.985498547554016
5.428151488304138
5.428215861320496
5.428282976150513
5.428360939025879
5.207776427268982
5.207838416099548
5.207894563674927
5.20794951915741
5.177433013916016
5.1774985790252686
5.177557110786438
5.177612066268921
5.143229842185974
5.1432929039001465
5.143348932266235
5.143404841423035
5.707814931869507
5.707879066467285
5.70793604850769
5.70799195766449
5.560964941978455
5.561029553413391
5.561085939407349
5.561139941215515
5.515155553817749
5.515218496322632
5.515274524688721
5.51533055305481
5.479975581169128
5.480038166046143
5.480093002319336
5.480146646499634
5.451746582984924
5.451811075210571
5.45186710357666
5.451922535896301
5.453533053398132
5.453633069992065
5.45371401309967
5.453830003738403
5.430343508720398
5.430440664291382
5.43068253993988
5.430909156799316
5.422145485877991
5.4222694635391235
5.42233145236969
5.422388911247253
5.757504463195801
5.757576942443848
5.757642984390259
5.757720947265625
5.700099587440491
5.7001625299453735
5.700218558311462
5.700272440910339
5.646089434623718
5.646152973175049
5.646209001541138
5.646264910697937
5.947837591171265
5.947903037071228
5.947959065437317
5.948012948036194
5.911600589752197
5.911664962768555
5.9117209911346436
5.911775469779968
5.874978542327881
5.875041484832764
5.8750975131988525
5.875151515007019
5.841418504714966
5.841482043266296
5.8415385484695435
5.841636538505554
5.802270412445068
5.802332401275635
5.802387475967407
5.802441954612732
5.763654589653015
5.763718008995056
5.763774514198303
5.76383113861084
5.532805562019348
5.532869100570679
5.532925128936768
5.5329800844192505
5.730688095092773
5.7307515144348145
5.730812668800354
5.730867624282837
5.90227210521698
5.9023356437683105
5.902396559715271
5.902451157569885
5.591917514801025
5.591980457305908
5.592083096504211
5.592157959938049
5.561052083969116
5.561114549636841
5.561169981956482
5.561224102973938
5.525204539299011
5.525267004966736
5.525391936302185
5.525467038154602
5.4886345863342285
5.488698959350586
5.488755464553833
5.4888105392456055
5.973958492279053
5.974076986312866
5.97413957118988
5.974226474761963
6.308038592338562
6.308101058006287
6.308156132698059
6.308209538459778
6.2747825384140015
6.2748448848724365
6.274901509284973
6.274983048439026
6.2728660106658936
6.272974967956543
6.273067593574524
6.2731605768203735
6.282401442527771
6.282467007637024
6.2825233936309814
6.282578468322754
6.341281056404114
6.341370105743408
6.341465592384338
6.341571569442749
6.239173531532288
6.239329099655151
6.239549517631531
6.2397260665893555
6.752237558364868
6.75230348110199
6.75238299369812
6.752440929412842
6.738378524780273
6.738441109657288
6.738496541976929
6.738550543785095
6.689454913139343
6.689545035362244
6.689609885215759
6.689699411392212
6.786953926086426
6.787028431892395
6.787086367607117
6.787142038345337
6.75814151763916
6.758209466934204
6.758267402648926
6.758325457572937
6.72841203212738
6.72847843170166
6.72853684425354
6.7285929918289185
6.707926511764526
6.707992911338806
6.708083987236023
6.708180069923401
6.682843446731567
6.682908892631531
6.682966470718384
6.683021903038025
6.6402764320373535
6.640341401100159
6.640397906303406
6.640453934669495
6.785613536834717
6.78567898273468
6.785736083984375
6.785791039466858
6.754154443740845
6.75421941280365
6.754276514053345
6.754332542419434
6.723745584487915
6.723811507225037
6.72386908531189
6.723924040794373
6.704146981239319
6.704213976860046
6.704271912574768
6.704327344894409
7.507228136062622
7.507293105125427
7.507354140281677
7.507410526275635
7.541234970092773
7.541297435760498
7.541362524032593
7.541418433189392
7.47450053691864
7.474566102027893
7.474622488021851
7.474679112434387
7.467435002326965
7.46752405166626
7.46758508682251
7.467645525932312
7.571848034858704
7.57191264629364
7.572001099586487
7.572060465812683
7.526953101158142
7.52702009677887
7.527077078819275
7.527133584022522
7.521157383918762
7.521221399307251
7.52127742767334
7.521332383155823
7.492244482040405
7.49230694770813
7.4923624992370605
7.492419004440308
7.44943106174469
7.449495196342468
7.449550628662109
7.449606657028198
7.469751954078674
7.469815373420715
7.469871878623962
7.469927430152893
7.437694549560547
7.4377570152282715
7.437812447547913
7.437867999076843
7.394543409347534
7.3946064710617065
7.394662499427795
7.394718527793884
7.4397910833358765
7.43985641002655
7.439912915229797
7.439969539642334
7.452894568443298
7.4529629945755005
7.453023552894592
7.453083515167236
7.475279092788696
7.475353121757507
7.475417613983154
7.475479960441589
7.404911518096924
7.4049763679504395
7.4050339460372925
7.405133366584778
7.446660161018372
7.4467785358428955
7.446837544441223
7.446894526481628
7.4424954652786255
7.44256055355072
7.442641973495483
7.442708492279053
7.386403441429138
7.386467933654785
7.386523962020874
7.386579871177673
7.3472959995269775
7.347373962402344
7.34743344783783
7.347493052482605
7.421775937080383
7.4218480587005615
7.421911001205444
7.421974539756775
7.787643671035767
7.787726640701294
7.787796497344971
7.787866592407227
7.434951424598694
7.435020923614502
7.435078978538513
7.435136914253235
7.432884454727173
7.4329674243927
7.4330339431762695
7.433104991912842
7.451247572898865
7.451406002044678
7.451496005058289
7.451571464538574
7.838003993034363
7.838094472885132
7.838188886642456
7.838253021240234
7.845079064369202
7.84517502784729
7.845242977142334
7.8453049659729
8.261062979698181
8.261131048202515
8.261189460754395
8.261252403259277
8.275038003921509
8.275109052658081
8.275172591209412
8.275232076644897
7.6173670291900635
7.617437481880188
7.617501497268677
7.617563009262085
7.600510597229004
7.600579500198364
7.600638508796692
7.600718021392822
7.570371508598328
7.570468544960022
7.570554494857788
7.57063090801239
7.575528025627136
7.575597047805786
7.575655579566956
7.575714588165283
8.051876425743103
8.051957488059998
8.052024602890015
8.05209505558014
8.087992072105408
8.088056564331055
8.088115572929382
8.08817458152771
8.140581488609314
8.140651941299438
8.140712976455688
8.14077603816986
8.120503544807434
8.1205815076828
8.120657444000244
8.120731949806213
8.11267602443695
8.112743496894836
8.112802028656006
8.112860560417175
8.093904495239258
8.093973517417908
8.09403657913208
8.094103932380676
8.487356543540955
8.487426996231079
8.487486600875854
8.48757290840149
8.564660549163818
8.564753532409668
8.564815998077393
8.564876556396484
7.781927108764648
7.782005071640015
7.782067537307739
7.782131552696228
7.776206970214844
7.776302933692932
7.776362895965576
7.776421427726746
7.768658995628357
7.768741488456726
7.768813490867615
7.76888108253479
7.7638936042785645
7.7639665603637695
7.764052987098694
7.764117479324341
8.612927079200745
8.612999439239502
8.61306345462799
8.613126516342163
8.696632504463196
8.696702003479004
8.696762561798096
8.696820974349976
8.721519470214844
8.721640586853027
8.721735000610352
8.72180712223053
7.882467985153198
7.882537007331848
7.882596492767334
7.8826634883880615
7.869782447814941
7.869852066040039
7.869911432266235
7.869971513748169
7.863724946975708
7.863789439201355
7.86384654045105
7.863903999328613
8.306045413017273
8.306115865707397
8.30617642402649
8.306241869926453
8.757943391799927
8.75801694393158
8.758081316947937
8.758148908615112
8.723064422607422
8.72313141822815
8.723189949989319
8.723247408866882
7.901775598526001
7.901859998703003
7.901932120323181
7.902013540267944
7.963696479797363
7.963772535324097
7.963831543922424
7.963892579078674
7.947558522224426
7.947631597518921
7.947693467140198
7.947760462760925
7.9500285387039185
7.950108051300049
7.950174570083618
7.950255513191223
8.382703065872192
8.382772088050842
8.382901072502136
8.382967948913574
8.973417520523071
8.973490118980408
8.97355604171753
8.973619103431702
7.994612336158752
7.994681477546692
7.994751930236816
7.994821906089783
7.9932554960250854
7.993321537971497
7.993381023406982
7.993441462516785
8.010506510734558
8.010574579238892
8.010636448860168
8.01069700717926
8.022876977920532
8.022947430610657
8.023008465766907
8.02306854724884
8.576801419258118
8.576893925666809
8.576957941055298
8.577016949653625
8.994777083396912
8.994845986366272
8.994905471801758
8.99496603012085
8.43521499633789
8.435287952423096
8.435351014137268
8.435414910316467
8.628624439239502
8.628700375556946
8.628763437271118
8.62883448600769
8.157389521598816
8.157458424568176
8.15751850605011
8.157577991485596
8.152238011360168
8.152308583259583
8.15237009525299
8.15243113040924
8.049979090690613
8.05005943775177
8.050129055976868
8.050199031829834
9.485684990882874
9.485763430595398
9.485884070396423
9.485999941825867
9.513963341712952
9.514046430587769
9.514108419418335
9.51417088508606
9.58833360671997
9.588422536849976
9.588498592376709
9.588569045066833
9.086470007896423
9.086543083190918
9.08660352230072
9.08666706085205
9.134075999259949
9.134145855903625
9.134204387664795
9.134265542030334
9.119990944862366
9.120059967041016
9.120118975639343
9.120177865028381
9.119328618049622
9.119407057762146
9.119468569755554
9.11953055858612
9.573097467422485
9.573168516159058
9.57322895526886
9.573290944099426
9.53381061553955
9.533883094787598
9.533944129943848
9.534014105796814
9.774587631225586
9.774657607078552
9.774718642234802
9.774778604507446
9.748321533203125
9.748397469520569
9.748464584350586
9.748529553413391
9.232048034667969
9.23211944103241
9.232179522514343
9.232239484786987
9.200833559036255
9.200904965400696
9.200966000556946
9.201027989387512
9.190338015556335
9.190410017967224
9.190470576286316
9.19053041934967
9.628108024597168
9.628183603286743
9.628243923187256
9.62830364704132
9.649489521980286
9.649564027786255
9.649624466896057
9.649685502052307
9.57490348815918
9.574987411499023
9.575047492980957
9.575109004974365
9.614673614501953
9.614749073982239
9.614810585975647
9.614874124526978
9.595961570739746
9.59602952003479
9.596089482307434
9.596150994300842
9.808127045631409
9.808196067810059
9.80825650691986
9.808318018913269
9.152097940444946
9.152167916297913
9.152228474617004
9.1522878408432
9.387688040733337
9.387758493423462
9.387818932533264
9.38787841796875
10.016275525093079
10.016346454620361
10.016407012939453
10.01646602153778
9.989264011383057
9.989336490631104
9.989402413368225
9.989464521408081
9.95799696445465
9.958068490028381
9.958129048347473
9.958188891410828
9.913885593414307
9.913964629173279
9.914029121398926
9.91409158706665
9.736421465873718
9.736492991447449
9.736553072929382
9.736616015434265
10.034910082817078
10.034985423088074
10.035049438476562
10.035111427307129
10.039902448654175
10.03997540473938
10.040068984031677
10.040132403373718
9.894299030303955
9.894372940063477
9.894434452056885
9.894495010375977
9.860993504524231
9.861087083816528
9.861151576042175
9.8612220287323
10.009100556373596
10.009189128875732
10.009259581565857
10.009340047836304
9.828116536140442
9.828189492225647
9.828249454498291
9.828309893608093
9.99400508403778
9.994110584259033
9.994188070297241
9.994253635406494
9.80019748210907
9.800273180007935
9.800387620925903
9.80046558380127
9.79040801525116
9.790482521057129
9.790545463562012
9.790607571601868
9.757569551467896
9.757641553878784
9.757701516151428
9.757789492607117
9.727728486061096
9.727797508239746
9.727857947349548
9.72791850566864
9.690860509872437
9.690982580184937
9.69111454486847
9.691189050674438
9.792843461036682
9.792911529541016
9.792970895767212
9.793030977249146
10.16723096370697
10.167304039001465
10.167364120483398
10.1674245595932
10.134020566940308
10.134094595909119
10.134156107902527
10.134217500686646
9.814312934875488
9.814394474029541
9.81445848941803
9.8145250082016
9.835065960884094
9.83513855934143
9.835199475288391
9.835260510444641
10.13225781917572
10.13233196735382
10.132393479347229
10.132455468177795
10.08734142780304
10.087413907051086
10.087475419044495
10.087537407875061
10.043307423591614
10.043375492095947
10.043435335159302
10.043494939804077
10.00753104686737
10.007601976394653
10.007662534713745
10.007722973823547
9.803833961486816
9.803906917572021
9.80396842956543
9.80402946472168
9.942082047462463
9.942152976989746
9.94221305847168
9.942272543907166
9.796481966972351
9.796600937843323
9.79679000377655
9.796871066093445
9.76945960521698
9.769529581069946
9.769593596458435
9.769657135009766
9.736793994903564
9.736865401268005
9.736925482749939
9.736984372138977
9.9358389377594
9.935912013053894
9.935972452163696
9.936033010482788
10.211181402206421
10.211252450942993
10.211312532424927
10.21137249469757
10.356640458106995
10.356717944145203
10.356781482696533
10.3568434715271
10.330510973930359
10.330618977546692
10.33072555065155
10.330803036689758
10.311861395835876
10.312095403671265
10.312220454216003
10.312368988990784
10.32149589061737
10.321671843528748
10.321741461753845
10.321808934211731
10.287222504615784
10.2872976064682
10.287618160247803
10.28769850730896
10.077365040779114
10.077476501464844
10.077540040016174
10.077606916427612
10.457778930664062
10.457867503166199
10.457931399345398
10.457998871803284
10.078622460365295
10.078694462776184
10.078755021095276
10.07881498336792
10.052719116210938
10.052789092063904
10.052848100662231
10.052907586097717
10.457663893699646
10.457733511924744
10.457854509353638
10.457920551300049
10.008347988128662
10.008419036865234
10.008479952812195
10.008540868759155
9.979458451271057
9.979530930519104
9.979591488838196
9.979651927947998
10.868104457855225
10.86819040775299
10.868251919746399
10.868308424949646
10.876096487045288
10.87616503238678
10.876227021217346
10.876283526420593
10.851264476776123
10.851341962814331
10.851407051086426
10.851470112800598
10.887383460998535
10.887452006340027
10.887511491775513
10.887566924095154
10.853111982345581
10.853178858757019
10.853237986564636
10.853294014930725
11.412525415420532
11.412602424621582
11.412663459777832
11.41272246837616
11.388310074806213
11.38838005065918
11.38844108581543
11.388499021530151
11.432674527168274
11.43274712562561
11.432807564735413
11.432868003845215
11.422392010688782
11.422460436820984
11.422519445419312
11.422576427459717
11.390916466712952
11.390984416007996
11.391043066978455
11.391098022460938
11.350247502326965
11.35031509399414
11.35037350654602
11.350430011749268
11.329638481140137
11.329712986946106
11.32977545261383
11.329833030700684
11.403674483299255
11.403757452964783
11.403823137283325
11.403884530067444
11.402534008026123
11.402604937553406
11.402665495872498
11.40272307395935
11.37764048576355
11.377711415290833
11.377771854400635
11.377842903137207
11.334799528121948
11.334869027137756
11.334929585456848
11.334985971450806
11.317295551300049
11.317372560501099
11.317439556121826
11.31749701499939
11.285459518432617
11.285528898239136
11.285614967346191
11.285675406455994
11.268409490585327
11.268484473228455
11.268546462059021
11.268611907958984
11.474025011062622
11.47409999370575
11.474160432815552
11.474217534065247
11.471907496452332
11.47197699546814
11.472037553787231
11.472094058990479
11.45833706855774
11.458409070968628
11.45846962928772
11.458527088165283
11.417733430862427
11.417803406715393
11.417884349822998
11.41795551776886
11.385943531990051
11.386016011238098
11.386077523231506
11.38613498210907
11.472180128097534
11.472250580787659
11.472310543060303
11.472366094589233
11.442472457885742
11.442542552947998
11.442603588104248
11.442659497261047
11.440218567848206
11.440352439880371
11.440438508987427
11.440499424934387
11.42151153087616
11.421584606170654
11.421645522117615
11.421704053878784
11.403534531593323
11.403605937957764
11.403666496276855
11.40372347831726
11.38608455657959
11.38615357875824
11.386211514472961
11.38626754283905
11.363933444023132
11.364005446434021
11.364065408706665
11.364122033119202
11.358314514160156
11.358386397361755
11.358445405960083
11.358501434326172
11.297141909599304
11.29721188545227
11.297271490097046
11.297327876091003
11.224202036857605
11.224271535873413
11.22433054447174
11.224387049674988
11.481465339660645
11.48153531551361
11.48159635066986
11.481652855873108
11.530918002128601
11.530987620353699
11.531084060668945
11.531199097633362
11.504985094070435
11.505054116249084
11.505114674568176
11.505171060562134
11.485415697097778
11.485486626625061
11.485546588897705
11.485602617263794
11.451751470565796
11.451826930046082
11.451887369155884
11.451944947242737
11.480275511741638
11.480348944664001
11.480409502983093
11.48046600818634
11.637080550193787
11.637150049209595
11.637209057807922
11.63726556301117
12.034716010093689
12.034786105155945
12.034847974777222
12.034904479980469
12.036591529846191
12.036669969558716
12.036731123924255
12.03678846359253
11.994616031646729
11.994688987731934
11.994758486747742
11.99485456943512
11.869702935218811
11.869771480560303
11.86983048915863
11.86988651752472
11.847745418548584
11.847816467285156
11.84787654876709
11.847933053970337
11.809059500694275
11.8091379404068
11.809224486351013
11.809287428855896
11.889537572860718
11.88961398601532
11.889675498008728
11.889734029769897
11.85461950302124
11.854696035385132
11.854764938354492
11.85482394695282
11.825446963310242
11.825525045394897
11.825589537620544
11.82564902305603
11.820183515548706
11.820255994796753
11.820318102836609
11.820375442504883
11.959237575531006
11.959312081336975
11.959376096725464
11.959436535835266
11.959346055984497
11.959436535835266
11.959511518478394
11.9598890542984
11.919445514678955
11.919514060020447
11.919573545455933
11.91963005065918
11.826467514038086
11.826540112495422
11.826600551605225
11.826658010482788
11.792799949645996
11.792876482009888
11.792941927909851
11.79300594329834
11.795768022537231
11.795847535133362
11.795913577079773
11.795972108840942
12.658522367477417
12.658589363098145
12.65864896774292
12.65870487689972
12.702485918998718
12.702552914619446
12.702611923217773
12.70266842842102
12.672535419464111
12.672602415084839
12.672662019729614
12.672718524932861
12.64652693271637
12.646594524383545
12.646653413772583
12.646709442138672
12.811375498771667
12.811441898345947
12.81149935722351
12.811554908752441
12.848076939582825
12.84814441204071
12.848211407661438
12.848267912864685
12.832495093345642
12.832563042640686
12.832622528076172
12.832679510116577
12.797026515007019
12.797113418579102
12.79718005657196
12.797242045402527
12.778698563575745
12.778779149055481
12.778845071792603
12.778907537460327
12.901453971862793
12.90152096748352
12.901580452919006
12.901637554168701
12.996064066886902
12.996131539344788
12.996191143989563
12.996248126029968
13.138743996620178
13.138809561729431
13.138867974281311
13.138924598693848
13.104934453964233
13.105002880096436
13.105064988136292
13.105121970176697
13.03573453426361
13.035799980163574
13.035858511924744
13.035914540290833
13.06274700164795
13.062823057174683
13.062883019447327
13.062988996505737
13.202522277832031
13.202589392662048
13.202648401260376
13.202703952789307
13.170200109481812
13.170266032218933
13.170324563980103
13.170379638671875
13.142428517341614
13.142495512962341
13.14255440235138
13.142611980438232
13.108643889427185
13.108711004257202
13.108771920204163
13.108858942985535
13.05176055431366
13.0518239736557
13.05188250541687
13.05193841457367
13.024967432022095
13.02503752708435
13.025097012519836
13.025153636932373
12.994449496269226
12.994516015052795
12.994574546813965
12.994631052017212
12.954942464828491
12.955010890960693
12.955069899559021
12.955163478851318
13.030947923660278
13.031014442443848
13.031072854995728
13.031129002571106
12.99173355102539
12.991798043251038
12.991856575012207
12.99191153049469
12.960975527763367
12.961040616035461
12.961099982261658
12.961156010627747
12.994886040687561
12.994953513145447
12.995014071464539
12.995070576667786
12.964852452278137
12.96492052078247
12.96498191356659
12.965037941932678
13.108299970626831
13.1083664894104
13.108425498008728
13.108481526374817
13.09326708316803
13.093338131904602
13.093422532081604
13.093487977981567
13.11635148525238
13.116445899009705
13.116507887840271
13.116564869880676
13.103514909744263
13.103582382202148
13.10364544391632
13.10370135307312
13.036882042884827
13.036946058273315
13.037003993988037
13.037060499191284
13.020896434783936
13.021012306213379
13.021077990531921
13.02115535736084
13.061286568641663
13.061350464820862
13.061465978622437
13.061569929122925
13.025278449058533
13.025343418121338
13.02540135383606
13.025458455085754
13.087199568748474
13.087268471717834
13.087327480316162
13.08738398551941
13.241689920425415
13.241798996925354
13.241865873336792
13.241923451423645
13.551794052124023
13.551859498023987
13.551918029785156
13.551974534988403
13.424661993980408
13.424823522567749
13.424941062927246
13.42501449584961
13.512926459312439
13.512992978096008
13.513052463531494
13.513112425804138
13.49312150478363
13.493188381195068
13.493268489837646
13.493334889411926
13.47100043296814
13.47106659412384
13.47112500667572
13.471180438995361
13.439792037010193
13.43988561630249
13.43994653224945
13.440003633499146
13.575168013572693
13.575232982635498
13.57530391216278
13.57535994052887
13.551801443099976
13.551866888999939
13.551925420761108
13.551982879638672
13.524847984313965
13.524913430213928
13.52497148513794
13.525027990341187
13.52581787109375
13.526027917861938
13.526192903518677
13.526709914207458
13.527389407157898
13.527457356452942
13.527516961097717
13.527572989463806
13.598003387451172
13.5980703830719
13.598129034042358
13.598185420036316
13.564338088035583
13.564405679702759
13.564465522766113
13.564521551132202
13.525904417037964
13.525980830192566
13.526041388511658
13.526098489761353
13.641218662261963
13.641289114952087
13.64134955406189
13.641407489776611
13.61329710483551
13.613360047340393
13.613417983055115
13.613473534584045
13.485500454902649
13.485570073127747
13.485629439353943
13.485684990882874
13.66192901134491
13.661995530128479
13.662055015563965
13.662110567092896
13.702433109283447
13.702500581741333
13.702558517456055
13.702614426612854
13.680161952972412
13.680227875709534
13.680287480354309
13.680343985557556
13.646615028381348
13.646682500839233
13.646741509437561
13.64679753780365
13.612208008766174
13.61227297782898
13.612331986427307
13.612387537956238
13.64068055152893
13.640746474266052
13.640805006027222
13.640860438346863
13.650578498840332
13.650644540786743
13.650703430175781
13.650759935379028
13.619765520095825
13.61983060836792
13.619889616966248
13.619945645332336
13.496160507202148
13.49622654914856
13.496285557746887
13.496342062950134
14.669535040855408
14.669650077819824
14.669713020324707
14.669774055480957
14.654382467269897
14.654475569725037
14.654542922973633
14.6546049118042
14.766850113868713
14.766917109489441
14.766975998878479
14.767032504081726
14.759220957756042
14.75929045677185
14.75934898853302
14.759405016899109
14.775352954864502
14.77541995048523
14.775479555130005
14.775535464286804
14.740430474281311
14.740496516227722
14.740555047988892
14.740610480308533
14.71663498878479
14.71670150756836
14.716759443283081
14.716814994812012
14.70940101146698
14.709469079971313
14.709527492523193
14.709584474563599
14.664588570594788
14.664668560028076
14.664732456207275
14.664788961410522
14.728891968727112
14.728976011276245
14.729039430618286
14.729097485542297
14.696797013282776
14.69686245918274
14.696920990943909
14.696975946426392
14.666543960571289
14.666609525680542
14.666712999343872
14.666780471801758
14.865511655807495
14.865577101707458
14.865635514259338
14.865691065788269
14.706315636634827
14.706429600715637
14.706494569778442
14.706551551818848
14.658837914466858
14.658946871757507
14.659045934677124
14.659107327461243
14.6420419216156
14.642108917236328
14.64216947555542
14.642225980758667
14.654852032661438
14.65491795539856
14.654975891113281
14.655031442642212
14.627349972724915
14.627413511276245
14.627470970153809
14.627525925636292
14.819063067436218
14.81913161277771
14.819189667701721
14.819244503974915
14.900547981262207
14.900611519813538
14.900668501853943
14.900722980499268
14.871315360069275
14.87138044834137
14.87143850326538
14.871492385864258
14.837342023849487
14.837414503097534
14.837473034858704
14.837527990341187
14.81061840057373
14.810683012008667
14.810739994049072
14.810795545578003
14.672568440437317
14.672653913497925
14.672724962234497
14.672785997390747
14.739762544631958
14.739829063415527
14.73988652229309
14.739941596984863
14.716420531272888
14.716485977172852
14.716543912887573
14.716598510742188
14.70406699180603
14.704131960868835
14.704190015792847
14.704245448112488
14.700335502624512
14.700400948524475
14.700457453727722
14.700512528419495
15.146686553955078
15.146751523017883
15.146808981895447
15.146864533424377
15.113851428031921
15.113914966583252
15.113971948623657
15.11402702331543
15.0579195022583
15.05798351764679
15.058040976524353
15.058095932006836
15.032811522483826
15.032874941825867
15.032931447029114
15.032984972000122
15.074451923370361
15.074515342712402
15.074571371078491
15.074625015258789
15.06507158279419
15.065134525299072
15.06519091129303
15.065253496170044
14.98506498336792
14.985128045082092
14.985183954238892
14.985237956047058
15.019740581512451
15.019803524017334
15.019859075546265
15.019912481307983
15.022683501243591
15.022746920585632
15.022802948951721
15.022856950759888
15.04338550567627
15.043450951576233
15.043508529663086
15.043562531471252
15.225057005882263
15.225123047828674
15.22518002986908
15.225236535072327
15.20132040977478
15.201386451721191
15.201443314552307
15.201498985290527
15.148323059082031
15.148386597633362
15.14850401878357
15.148561954498291
15.00205659866333
15.002118468284607
15.002204060554504
15.002264142036438
15.085494041442871
15.085556626319885
15.085612535476685
15.085668921470642
15.074760437011719
15.074824929237366
15.07488203048706
15.074938416481018
15.062622547149658
15.06268858909607
15.062745094299316
15.062799572944641
15.033815503120422
15.033878564834595
15.033935070037842
15.033989071846008
15.356471538543701
15.356537103652954
15.35659408569336
15.356655597686768
15.31781816482544
15.317886114120483
15.317943572998047
15.317998170852661
15.301976561546326
15.30203902721405
15.30209505558014
15.302149415016174
15.290708541870117
15.290775537490845
15.29083251953125
15.290887117385864
15.406837105751038
15.406952023506165
15.407044053077698
15.407107472419739
15.311464071273804
15.311525583267212
15.311581015586853
15.311635136604309
15.28025758266449
15.280332446098328
15.280457019805908
15.280526995658875
15.268995523452759
15.269069075584412
15.269153475761414
15.269216537475586
15.299303531646729
15.299389004707336
15.299453496932983
15.299509525299072
15.201664924621582
15.20172643661499
15.20180344581604
15.201870441436768
15.183367013931274
15.183431029319763
15.183488011360168
15.183542490005493
15.505375623703003
15.50544011592865
15.505508065223694
15.505566120147705
15.480061531066895
15.480215072631836
15.480287432670593
15.48039996623993
15.447553396224976
15.447647452354431
15.447706460952759
15.447760939598083
15.635597467422485
15.63569188117981
15.63575541973114
15.635859489440918
15.618894934654236
15.61897599697113
15.619035482406616
15.619092583656311
15.589178085327148
15.589242935180664
15.589299440383911
15.589354038238525
15.566912055015564
15.567014455795288
15.567084431648254
15.567139983177185
15.552297472953796
15.552361011505127
15.552416920661926
15.552471041679382
15.77620005607605
15.776300072669983
15.77639353275299
15.776451587677002
15.738698482513428
15.738799452781677
15.738893389701843
15.73895251750946
15.698520541191101
15.698585033416748
15.698641538619995
15.698708534240723
15.647652506828308
15.647733092308044
15.647858500480652
15.64794659614563
15.65166962146759
15.651731491088867
15.651787996292114
15.651841044425964
15.654297471046448
15.654361009597778
15.654446601867676
15.654515027999878
15.62001657485962
15.620082020759583
15.620140075683594
15.620194435119629
15.58527946472168
15.585340976715088
15.585397005081177
15.585455060005188
15.498503923416138
15.498566389083862
15.498623371124268
15.498677015304565
15.70996356010437
15.710028052330017
15.710126638412476
15.710198640823364
15.698480486869812
15.6985524892807
15.698610424995422
15.698665022850037
15.881447553634644
15.881513118743896
15.88157057762146
15.881625056266785
15.844838500022888
15.8449045419693
15.844962000846863
15.845044493675232
15.808719515800476
15.808835864067078
15.808921933174133
15.808984518051147
16.19525957107544
16.19532549381256
16.195381999015808
16.195436000823975
16.042741537094116
16.04280698299408
16.042906999588013
16.042969942092896
16.00500750541687
16.00507342815399
16.005131006240845
16.005190014839172
15.967808961868286
15.967874526977539
15.967931389808655
15.967985987663269
15.962765574455261
15.962830543518066
15.96288812160492
15.962943077087402
15.976320028305054
15.976400971412659
15.976465940475464
15.97652006149292
16.15604281425476
16.15610694885254
16.156163454055786
16.156216502189636
16.12505602836609
16.125119924545288
16.125176429748535
16.1252304315567
16.092517375946045
16.09258198738098
16.092639446258545
16.092693328857422
16.08530044555664
16.085384488105774
16.085442900657654
16.08549702167511
16.05706548690796
16.05715250968933
16.057214498519897
16.057270526885986
16.022595405578613
16.022660493850708
16.022717475891113
16.022770881652832
15.992348551750183
15.992412567138672
15.992470026016235
15.992524027824402
15.982293009757996
15.982356429100037
15.982412934303284
15.982467412948608
15.940075039863586
15.940160036087036
15.94022250175476
15.940279006958008
16.461562514305115
16.46165657043457
16.461714029312134
16.461768627166748
16.42839002609253
16.42845606803894
16.428512930870056
16.42856752872467
16.915555953979492
16.91562044620514
16.915677428245544
16.915731549263
16.904946446418762
16.905126571655273
16.905187964439392
16.905243396759033
16.896652579307556
16.896716952323914
16.89677405357361
16.896828532218933
16.859394907951355
16.859459400177002
16.85951590538025
16.859570860862732
16.82285702228546
16.82292354106903
16.822980523109436
16.82303488254547
16.78477442264557
16.784839510917664
16.784896969795227
16.78495144844055
16.74881899356842
16.748883962631226
16.74894154071808
16.748995065689087
16.712975025177002
16.713059544563293
16.7131210565567
16.7131769657135
16.679798007011414
16.67985999584198
16.679916501045227
16.67997097969055
16.6472909450531
16.64735746383667
16.647473454475403
16.64753293991089
16.63325011730194
16.63331365585327
16.63337016105652
16.633440136909485
16.634342432022095
16.634409546852112
16.63446795940399
16.634522438049316
16.614434599876404
16.614498615264893
16.61455512046814
16.614609479904175
16.581494569778442
16.581559538841248
16.581616044044495
16.58167040348053
16.549569487571716
16.549636006355286
16.54969298839569
16.549775004386902
16.51771652698517
16.517783999443054
16.517871022224426
16.517929434776306
16.486369371414185
16.486443519592285
16.486502408981323
16.486578941345215
16.480472922325134
16.480564951896667
16.480627417564392
16.480690002441406
16.701545476913452
16.701610922813416
16.70166790485382
16.701724529266357
16.670809864997864
16.670884370803833
16.670941948890686
16.670995831489563
17.174091935157776
17.174153923988342
17.174209475517273
17.17426300048828
17.141201615333557
17.14126455783844
17.14132058620453
17.141374588012695
17.119290590286255
17.119354128837585
17.119409561157227
17.119462490081787
17.08737349510193
17.087437868118286
17.08749496936798
17.08755338191986
17.056198477745056
17.056262016296387
17.05631947517395
17.056374430656433
17.03795611858368
17.038021445274353
17.038081526756287
17.038135528564453
17.038463950157166
17.038546442985535
17.03860890865326
17.038707971572876
17.007619976997375
17.007688403129578
17.007745385169983
17.007800459861755
16.88137447834015
16.881436467170715
16.881492972373962
16.881547451019287
17.26311707496643
17.263181567192078
17.26323914527893
17.263293147087097
17.23084545135498
17.230908393859863
17.230963945388794
17.23103141784668
17.19784104824066
17.197908401489258
17.19797992706299
17.198047995567322
17.166309595108032
17.166375041007996
17.16643261909485
17.166492104530334
17.158637046813965
17.15872550010681
17.158787488937378
17.158900499343872
17.133920907974243
17.133985996246338
17.13405442237854
17.134109497070312
17.106266021728516
17.10633099079132
17.106424927711487
17.106483459472656
17.090221524238586
17.090282917022705
17.090366005897522
17.09043598175049
17.052824020385742
17.05288600921631
17.05294096469879
17.0529944896698
17.02480459213257
17.024868607521057
17.024924993515015
17.02497959136963
16.999191403388977
16.999254941940308
16.999340415000916
16.99940049648285
16.954177975654602
16.954240560531616
16.954297423362732
16.9543514251709
