-1.0
-1.0
3935.0
4233.0
-1.0
-1.0
4456.5
4183.0
-1.0
-1.0
5582.0
4133.0
-1.0
-1.0
5677.0
4220.5
-1.0
-1.0
5998.0
4170.5
-1.0
-1.0
5948.0
4931.0
-1.0
-1.0
5898.0
4881.0
-1.0
-1.0
5848.0
5849.5
-1.0
-1.0
5798.0
5799.5
-1.0
-1.0
5748.0
5749.5
-1.0
-1.0
5698.0
5699.5
-1.0
-1.0
5648.0
5649.5
-1.0
-1.0
5598.0
5599.5
-1.0
-1.0
5548.0
5549.5
-1.0
-1.0
5498.0
5499.5
-1.0
-1.0
5448.0
5449.5
-1.0
-1.0
5398.0
5399.5
-1.0
-1.0
5348.0
5349.5
-1.0
-1.0
5298.0
5299.5
-1.0
-1.0
5248.0
5249.5
-1.0
-1.0
5198.0
5199.5
-1.0
-1.0
5148.0
5149.5
-1.0
-1.0
5098.0
5099.5
-1.0
-1.0
5048.0
5049.5
-1.0
-1.0
4998.0
4999.5
-1.0
-1.0
4948.0
4949.5
-1.0
-1.0
4898.0
4899.5
-1.0
-1.0
4848.0
4849.5
-1.0
-1.0
4798.0
4799.5
-1.0
-1.0
4748.0
4749.5
-1.0
-1.0
4698.0
4699.5
-1.0
-1.0
4648.0
4649.5
-1.0
-1.0
4598.0
4599.5
-1.0
-1.0
4548.0
4549.5
-1.0
-1.0
4498.0
4499.5
-1.0
-1.0
4448.0
4449.5
-1.0
-1.0
4398.0
4399.5
-1.0
-1.0
4348.0
4349.5
-1.0
-1.0
4298.0
4299.5
-1.0
-1.0
4248.0
4249.5
-1.0
-1.0
4198.0
4199.5
-1.0
-1.0
4148.0
4149.5
-1.0
-1.0
4098.0
4099.5
-1.0
-1.0
4048.0
4049.5
-1.0
-1.0
3998.0
3999.5
-1.0
-1.0
3948.0
3949.5
-1.0
-1.0
3898.0
3899.5
-1.0
-1.0
3848.0
3849.5
-1.0
-1.0
3798.0
3799.5
-1.0
-1.0
3748.0
3749.5
-1.0
-1.0
3698.0
3699.5
-1.0
-1.0
3648.0
3649.5
-1.0
-1.0
3598.0
3599.5
-1.0
-1.0
3548.0
3549.5
-1.0
-1.0
3498.0
3499.5
-1.0
-1.0
3448.0
3449.5
-1.0
-1.0
3398.0
3399.5
-1.0
-1.0
3348.0
3349.5
-1.0
-1.0
3298.0
3299.5
-1.0
-1.0
3248.0
3249.5
-1.0
-1.0
3198.0
3199.5
-1.0
-1.0
3148.0
3149.5
-1.0
-1.0
3098.0
3099.5
-1.0
-1.0
3048.0
3049.5
-1.0
-1.0
2998.0
2999.5
-1.0
-1.0
2948.0
2949.5
-1.0
-1.0
2898.0
2899.5
-1.0
-1.0
2848.0
2849.5
-1.0
-1.0
2798.0
2799.5
-1.0
-1.0
2748.0
2749.5
-1.0
-1.0
2698.0
2699.5
-1.0
-1.0
2648.0
2649.5
-1.0
-1.0
2598.0
2599.5
-1.0
-1.0
2548.0
2549.5
-1.0
-1.0
2498.0
2499.5
-1.0
-1.0
2448.0
2449.5
-1.0
-1.0
2398.0
2399.5
-1.0
-1.0
2348.0
2349.5
-1.0
-1.0
2298.0
2299.5
-1.0
-1.0
2248.0
2249.5
-1.0
-1.0
2198.0
2199.5
-1.0
-1.0
2148.0
2149.5
-1.0
-1.0
2098.0
2099.5
-1.0
-1.0
2048.0
2049.5
-1.0
-1.0
1998.0
1999.5
-1.0
-1.0
8182.0
1965.0
-1.0
-1.0
8082.0
1965.0
-1.0
-1.0
7982.0
1965.0
-1.0
-1.0
7882.0
1965.0
-1.0
-1.0
7782.0
1965.0
-1.0
-1.0
7682.0
1965.0
-1.0
-1.0
7582.0
1965.0
-1.0
-1.0
7482.0
1965.0
-1.0
-1.0
7382.0
1965.0
-1.0
-1.0
7282.0
1965.0
-1.0
-1.0
7182.0
1965.0
-1.0
-1.0
7082.0
1965.0
-1.0
-1.0
6982.0
1965.0
-1.0
-1.0
6882.0
1965.0
-1.0
-1.0
6782.0
1965.0
-1.0
-1.0
6682.0
1965.0
-1.0
-1.0
6582.0
1965.0
-1.0
-1.0
6482.0
1965.0
-1.0
-1.0
6382.0
1965.0
-1.0
6227.5
6304.0
1965.0
-1.0
6177.5
6254.0
1965.0
-1.0
6127.5
6204.0
1965.0
-1.0
6077.5
6154.0
1965.0
-1.0
6027.5
6104.0
1965.0
-1.0
5977.5
6054.0
1965.0
-1.0
5927.5
6004.0
1965.0
-1.0
5877.5
5954.0
1965.0
-1.0
5827.5
5904.0
1965.0
-1.0
5777.5
5854.0
1965.0
-1.0
5727.5
5804.0
1965.0
-1.0
5677.5
5754.0
1965.0
-1.0
5627.5
5704.0
1965.0
-1.0
5577.5
5654.0
1965.0
-1.0
5527.5
5604.0
1965.0
-1.0
5477.5
5554.0
1965.0
-1.0
5427.5
5504.0
1965.0
-1.0
5377.5
5454.0
1965.0
-1.0
5327.5
5404.0
1965.0
-1.0
5277.5
5354.0
1965.0
-1.0
5227.5
5304.0
1965.0
-1.0
5177.5
5254.0
1965.0
-1.0
5127.5
5204.0
1965.0
-1.0
5077.5
5154.0
1965.0
-1.0
5027.5
5104.0
1965.0
-1.0
4977.5
5054.0
1965.0
-1.0
4927.5
5004.0
1965.0
-1.0
4877.5
4954.0
1965.0
-1.0
4827.5
4904.0
1965.0
-1.0
4777.5
4854.0
1965.0
-1.0
4727.5
4804.0
1965.0
-1.0
4677.5
4754.0
1965.0
-1.0
4627.5
4704.0
1965.0
-1.0
4577.5
4654.0
1965.0
-1.0
4527.5
4604.0
1965.0
-1.0
4477.5
4554.0
1965.0
-1.0
4427.5
4504.0
1965.0
-1.0
4377.5
4454.0
1965.0
-1.0
4327.5
4404.0
1965.0
-1.0
4277.5
4354.0
1965.0
-1.0
4227.5
4304.0
1965.0
-1.0
4177.5
4254.0
1965.0
-1.0
4127.5
4204.0
1965.0
-1.0
4077.5
4154.0
1965.0
-1.0
4027.5
4104.0
1965.0
-1.0
3977.5
4054.0
1965.0
-1.0
3927.5
4004.0
1965.0
-1.0
3877.5
3954.0
1965.0
-1.0
3827.5
3904.0
1965.0
-1.0
3777.5
3854.0
1965.0
-1.0
3727.5
3804.0
1965.0
-1.0
3677.5
3754.0
1965.0
-1.0
3627.5
3704.0
1965.0
-1.0
3577.5
3654.0
1965.0
-1.0
3527.5
3604.0
1965.0
-1.0
3477.5
3554.0
1965.0
-1.0
3427.5
3504.0
1965.0
-1.0
3377.5
3454.0
1965.0
-1.0
3327.5
3404.0
1965.0
-1.0
3277.5
3354.0
1965.0
-1.0
3227.5
3304.0
1965.0
-1.0
3177.5
3254.0
1965.0
-1.0
3127.5
3204.0
1965.0
-1.0
3077.5
3154.0
1965.0
-1.0
3027.5
3104.0
1965.0
-1.0
2977.5
3054.0
1965.0
-1.0
2927.5
3004.0
1965.0
-1.0
2877.5
2954.0
1965.0
-1.0
2827.5
2921.0
1948.0
-1.0
2777.5
2921.0
1898.0
-1.0
2727.5
2921.0
1848.0
6218.5
2677.5
2921.0
1827.5
6168.5
2627.5
2921.0
1827.5
6118.5
2577.5
2921.0
1827.5
6068.5
2527.5
2921.0
1827.5
6018.5
2477.5
2921.0
1827.5
5968.5
2427.5
2921.0
1827.5
5918.5
2377.5
2921.0
1827.5
5868.5
2327.5
2921.0
1827.5
5818.5
2277.5
2921.0
1827.5
5768.5
2227.5
2921.0
1827.5
5718.5
2177.5
2921.0
1827.5
5668.5
2127.5
2921.0
1827.5
5618.5
2077.5
2921.0
1827.5
5568.5
2027.5
2921.0
1827.5
5518.5
1977.5
2921.0
1827.5
5468.5
1927.5
2921.0
1827.5
5418.5
1877.5
2921.0
1827.5
5368.5
1827.5
2921.0
1827.5
5318.5
1777.5
2921.0
1827.5
5268.5
1727.5
2921.0
1827.5
5218.5
1677.5
2921.0
1827.5
5168.5
1627.5
2921.0
1827.5
5118.5
1577.5
2921.0
1827.5
5068.5
1527.5
2921.0
1827.5
5018.5
1477.5
2921.0
1827.5
4968.5
1427.5
2921.0
1827.5
4918.5
1377.5
2921.0
1827.5
4868.5
1334.5
2914.0
1827.5
4818.5
1334.5
2864.0
1827.5
4768.5
1334.5
2814.0
1827.5
4718.5
1334.5
2764.0
1827.5
4668.5
1334.5
2714.0
1827.5
4618.5
1334.5
2664.0
1827.5
4568.5
1334.5
2614.0
1827.5
4518.5
1334.5
2564.0
1827.5
4468.5
1334.5
2514.0
1827.5
4418.5
1334.5
2464.0
1827.5
4368.5
1334.5
2414.0
1827.5
4318.5
1334.5
2364.0
1827.5
4268.5
1334.5
2314.0
1827.5
4218.5
1328.0
2270.5
1827.5
4168.5
1278.0
2270.5
1827.5
4118.5
1228.0
2270.5
1827.5
4068.5
1178.0
2270.5
1827.5
4018.5
1128.0
2270.5
1827.5
3968.5
1078.0
2270.5
1827.5
3918.5
1028.0
2270.5
1827.5
3868.5
978.0
2270.5
1827.5
3818.5
928.0
2270.5
1827.5
3768.5
878.0
2270.5
1827.5
3718.5
828.0
2270.5
1827.5
3668.5
778.0
2270.5
1827.5
3618.5
728.0
2270.5
1827.5
3568.5
678.0
2270.5
1827.5
3518.5
628.0
2270.5
1827.5
3468.5
578.0
2270.5
1827.5
3418.5
528.0
2270.5
1827.5
3368.5
478.0
2270.5
1827.5
3318.5
428.0
2270.5
1827.5
3268.5
378.0
2270.5
1827.5
3218.5
328.0
2270.5
1827.5
3168.5
278.0
2270.5
1827.5
3118.5
228.0
2270.5
1827.5
3068.5
178.0
2270.5
1827.5
3018.5
128.0
2270.5
1827.5
2968.5
78.0
2270.5
1827.5
2918.5
28.0
2270.5
1827.5
2868.5
-1.5
2270.5
8056.0
2818.5
-1.5
2270.5
8006.0
2768.5
-1.5
2270.5
7956.0
2718.5
-1.5
2270.5
7906.0
2668.5
-1.5
2270.5
7856.0
2618.5
-1.5
2270.5
7806.0
2577.5
-1.5
2261.5
7756.0
2577.5
-1.5
2211.5
7706.0
2577.5
-1.5
2161.5
7656.0
2577.5
-1.5
2111.5
7606.0
2577.5
-1.5
2061.5
7556.0
2577.5
-1.5
2011.5
7506.0
2577.5
-1.5
1961.5
7456.0
2577.5
-1.5
1911.5
7406.0
2577.5
-1.5
1861.5
7356.0
2577.5
-1.5
1811.5
7306.0
2577.5
-1.5
1761.5
7256.0
2577.5
-1.5
1711.5
7206.0
2577.5
-1.5
1661.5
7156.0
2563.5
-1.5
1625.5
7106.0
2513.5
-1.5
1625.5
7056.0
2463.5
-1.5
1625.5
7006.0
2413.5
-1.5
1625.5
6956.0
2363.5
-1.5
1625.5
6906.0
2313.5
-1.5
1625.5
6856.0
2263.5
-1.5
1625.5
6806.0
2213.5
-1.5
1625.5
6756.0
2163.5
-1.5
1625.5
6706.0
2113.5
-1.5
1625.5
6656.0
2063.5
-1.5
1625.5
6606.0
2013.5
-1.5
1625.5
6556.0
1963.5
-1.5
1625.5
6506.0
1913.5
-1.5
1625.5
6456.0
1863.5
-1.5
1625.5
6406.0
1835.5
-1.5
1603.5
6356.0
1835.5
-1.5
1553.5
6306.0
1835.5
-1.5
1503.5
6256.0
1835.5
-1.5
1453.5
6206.0
1835.5
-1.5
1403.5
6156.0
1835.5
-1.5
1353.5
6106.0
1835.5
-1.5
1303.5
6056.0
1811.5
-1.5
1277.5
6006.0
1761.5
-1.5
1277.5
5956.0
1711.5
-1.5
1277.5
5906.0
1661.5
-1.5
1277.5
5856.0
1611.5
-1.5
1277.5
5806.0
1561.5
-1.5
1277.5
5756.0
1511.5
-1.5
1277.5
5706.0
1461.5
-1.5
1277.5
5656.0
1411.5
-1.5
1277.5
5606.0
1361.5
-1.5
1277.5
5556.0
1311.5
-1.5
1277.5
5506.0
1261.5
-1.5
1277.5
5456.0
1211.5
-1.5
1277.5
5406.0
1161.5
-1.5
1277.5
5356.0
1111.5
-1.5
1277.5
5306.0
1061.5
-1.5
1277.5
5256.0
1022.5
6236.5
1277.5
5206.0
1022.5
6186.5
1277.5
5156.0
1022.5
6136.5
1277.5
5106.0
1022.5
6086.5
1277.5
5056.0
1022.5
6036.5
1277.5
5006.0
1022.5
5986.5
1277.5
4956.0
1022.5
5936.5
1277.5
4906.0
1022.5
5886.5
1277.5
4856.0
1022.5
5836.5
1277.5
4806.0
1022.5
5786.5
1277.5
4756.0
1022.5
5736.5
1277.5
4706.0
1022.5
5686.5
1277.5
4656.0
1022.5
5636.5
1277.5
4606.0
1022.5
5586.5
1277.5
4556.0
1022.5
5536.5
1277.5
4506.0
1022.5
5486.5
1277.5
4456.0
1022.5
5436.5
1277.5
4406.0
1022.5
5386.5
1277.5
4356.0
1022.5
5336.5
1277.5
4306.0
1022.5
5286.5
1277.5
4256.0
1022.5
5236.5
1277.5
4206.0
1022.5
5186.5
1277.5
4156.0
1022.5
5136.5
1277.5
4106.0
1022.5
5086.5
1277.5
4056.0
1022.5
5036.5
1277.5
4006.0
1022.5
4986.5
1277.5
3956.0
1022.5
4936.5
1277.5
3906.0
1022.5
4886.5
1277.5
3856.0
1022.5
4836.5
1264.5
3819.0
1022.5
4786.5
1214.5
3819.0
1022.5
4736.5
1164.5
3819.0
1022.5
4686.5
1114.5
3819.0
1022.5
4636.5
1064.5
3819.0
1022.5
4586.5
1014.5
3819.0
1022.5
4536.5
964.5
3819.0
1022.5
4486.5
914.5
3819.0
1022.5
4436.5
906.5
3777.0
1022.5
4386.5
906.5
3727.0
1022.5
4336.5
906.5
3677.0
1022.5
4286.5
906.5
3627.0
1022.5
4236.5
906.5
3577.0
1022.5
4186.5
906.5
3527.0
1022.5
4136.5
906.5
3477.0
1022.5
4086.5
906.5
3427.0
1022.5
4036.5
906.5
3377.0
1022.5
3986.5
906.5
3327.0
1022.5
3936.5
906.5
3277.0
1022.5
3886.5
906.5
3227.0
1022.5
3836.5
906.5
3177.0
1022.5
3786.5
906.5
3127.0
1022.5
3736.5
906.5
3077.0
1022.5
3686.5
906.5
3027.0
1022.5
3636.5
906.5
2977.0
1022.5
3586.5
906.5
2927.0
1022.5
3536.5
906.5
2877.0
1022.5
3486.5
906.5
2827.0
1022.5
3436.5
906.5
2777.0
1022.5
3386.5
906.5
2727.0
1022.5
3336.5
906.5
2677.0
1022.5
3286.5
906.5
2627.0
1022.5
3236.5
906.5
2577.0
1022.5
3186.5
906.5
2527.0
1022.5
3136.5
906.5
2477.0
1022.5
3086.5
906.5
2427.0
7250.0
3036.5
906.5
2399.0
7200.0
2986.5
906.5
2399.0
7150.0
2936.5
906.5
2399.0
7100.0
2886.5
906.5
2399.0
7050.0
2836.5
906.5
2399.0
7000.0
2786.5
906.5
2399.0
6950.0
2736.5
906.5
2399.0
6900.0
2686.5
906.5
2399.0
6850.0
2636.5
906.5
2399.0
6800.0
2586.5
906.5
2399.0
6750.0
2536.5
906.5
2399.0
6700.0
2486.5
906.5
2399.0
6650.0
2436.5
906.5
2399.0
6600.0
2386.5
906.5
2399.0
6550.0
2336.5
906.5
2399.0
6500.0
2286.5
906.5
2399.0
6450.0
2236.5
906.5
2399.0
6400.0
2186.5
906.5
2399.0
6350.0
2136.5
906.5
2399.0
6300.0
2086.5
906.5
2399.0
6250.0
2036.5
906.5
2399.0
6200.0
1986.5
906.5
2399.0
6150.0
1936.5
906.5
2399.0
6100.0
1886.5
906.5
2399.0
6050.0
1836.5
906.5
2399.0
6000.0
1786.5
906.5
2399.0
5950.0
1736.5
906.5
2399.0
5900.0
1686.5
906.5
2399.0
5850.0
1686.0
857.0
2399.0
5800.0
1686.0
807.0
2399.0
5750.0
1686.0
757.0
2399.0
5700.0
1686.0
707.0
2399.0
5650.0
1686.0
657.0
2399.0
5600.0
1686.0
607.0
2399.0
5550.0
1686.0
557.0
2399.0
5500.0
1686.0
507.0
2399.0
5450.0
1686.0
457.0
2399.0
5400.0
1686.0
407.0
2399.0
5350.0
1686.0
357.0
2399.0
5300.0
1686.0
307.0
2399.0
5250.0
1686.0
257.0
2399.0
5200.0
1686.0
207.0
2399.0
5150.0
1686.0
157.0
2399.0
5100.0
1686.0
107.0
2399.0
5050.0
1686.0
57.0
2399.0
5000.0
1686.0
7.0
2399.0
4950.0
1645.0
-2.0
2399.0
4900.0
1595.0
-2.0
2399.0
4850.0
1545.0
-2.0
2399.0
4800.0
1495.0
-2.0
2399.0
4750.0
1445.0
-2.0
2399.0
4700.0
1395.0
-2.0
2399.0
4650.0
1345.0
-2.0
2399.0
4600.0
1295.0
-2.0
2399.0
4550.0
1245.0
-2.0
2399.0
4500.0
1195.0
-2.0
2399.0
4450.0
1145.0
-2.0
2399.0
4400.0
1095.0
-2.0
2399.0
4350.0
1045.0
-2.0
2399.0
4300.0
995.0
-2.0
2399.0
4250.0
945.0
-2.0
2399.0
4200.0
895.0
-2.0
2399.0
4150.0
845.0
-2.0
2399.0
4100.0
795.0
-2.0
2399.0
4050.0
745.0
-2.0
2399.0
4000.0
695.0
-2.0
2399.0
3950.0
645.0
-2.0
2399.0
3900.0
595.0
-2.0
2399.0
3850.0
545.0
-2.0
2399.0
3800.0
495.0
-2.0
2399.0
3750.0
445.0
-2.0
2399.0
3700.0
395.0
-2.0
2399.0
3650.0
345.0
-2.0
2399.0
3600.0
295.0
-2.0
2399.0
3550.0
245.0
-2.0
2399.0
3500.0
195.0
-2.0
2399.0
3450.0
145.0
-2.0
2399.0
3400.0
95.0
-2.0
2399.0
3350.0
45.0
-2.0
2399.0
3300.0
-2.0
-2.0
2396.0
3250.0
-2.0
-2.0
2346.0
3200.0
-2.0
-2.0
2296.0
3150.0
-2.0
-2.0
2246.0
3100.0
-2.0
-2.0
2196.0
3050.0
-2.0
-2.0
2146.0
3000.0
-2.0
-2.0
2096.0
2950.0
-2.0
-2.0
2046.0
2900.0
-2.0
-2.0
1996.0
2850.0
-2.0
-2.0
1946.0
2800.0
-2.0
-2.0
1896.0
2750.0
-2.0
-2.0
1846.0
2700.0
-2.0
-2.0
1796.0
2650.0
-2.0
-2.0
1746.0
2600.0
-2.0
-2.0
1696.0
2550.0
-2.0
-2.0
1646.0
2500.0
-2.0
-2.0
1596.0
2407.5
-2.0
-2.0
1588.5
2307.5
-2.0
-2.0
1588.5
2207.5
-2.0
-2.0
1588.5
2107.5
-2.0
-2.0
1588.5
2007.5
-2.0
-2.0
1588.5
1907.5
-2.0
-2.0
1588.5
1807.5
-2.0
-2.0
1588.5
1707.5
-2.0
-2.0
1588.5
1607.5
-2.0
-2.0
1588.5
1507.5
-2.0
-2.0
1588.5
1407.5
-2.0
-2.0
1588.5
1307.5
-2.0
-2.0
1588.5
1207.5
-2.0
-2.0
1588.5
1107.5
-2.0
-2.0
1588.5
1007.5
-2.0
-2.0
1588.5
907.5
-2.0
-2.0
1588.5
807.5
-2.0
-2.0
1588.5
707.5
-2.0
-2.0
1588.5
607.5
-2.0
-2.0
1588.5
507.5
-2.0
-2.0
1588.5
426.0
-2.0
-2.0
1570.0
376.0
-2.0
-2.0
1520.0
326.0
-2.0
-2.0
1470.0
276.0
-2.0
-2.0
1420.0
226.0
-2.0
-2.0
1370.0
176.0
-2.0
-2.0
1320.0
126.0
-2.0
-2.0
1270.0
76.0
-2.0
-2.0
1220.0
26.0
-2.0
-2.0
1170.0
-2.0
-2.0
-2.0
1098.0
-2.0
-2.0
-2.0
998.0
-2.0
-2.0
-2.0
898.0
-2.0
-2.0
-2.0
798.0
-2.0
-2.0
-2.0
698.0
-2.0
-2.0
-2.0
598.0
-2.0
-2.0
-2.0
498.0
-2.0
-2.0
-2.0
398.0
-2.0
-2.0
-2.0
298.0
-2.0
-2.0
-2.0
198.0
-2.0
-2.0
-2.0
98.0
-2.0
-2.0
-2.0
-2.0
