7.570849180221558
7.570916573206584
7.527475674947103
7.52753484249115
7.555356979370117
7.53335698445638
7.606497049331665
7.606563687324524
7.623381336530049
7.623443365097046
7.629842559496562
7.614987373352051
7.636709849039714
7.636775056521098
7.651445190111796
7.651512821515401
7.675280173619588
7.654311974843343
7.658472379048665
7.6585313479105634
7.691326816876729
7.6914743185043335
7.687650601069133
7.70984415213267
7.805094162623088
7.805155992507935
7.798973560333252
7.799093008041382
7.804577509562175
7.884644826253255
7.890266497929891
7.890373349189758
7.895359396934509
7.895461360613505
7.9113190571467085
7.839654843012492
7.852189858754476
7.852240522702535
7.8171621561050415
7.817242662111918
7.819043517112732
7.806962609291077
7.906707326571147
7.906830668449402
7.840964317321777
7.841104984283447
7.853870670000712
7.9722900390625
7.991308927536011
7.991370717684428
7.98406167825063
7.98413344224294
7.997161467870076
7.968200325965881
7.98141872882843
7.981469710667928
7.9606477816899615
7.960706114768982
7.984962860743205
7.973378340403239
8.267977118492126
8.26803195476532
8.389326016108194
8.389386177062988
8.413998484611511
8.396610498428345
8.404823144276937
8.404880483945211
8.398223519325256
8.39829671382904
8.453206539154053
8.428723176320394
8.466811339060465
8.46687654654185
8.427212834358215
8.42726719379425
8.468261361122131
8.456772843996683
8.452396829922995
8.45245099067688
8.80569871266683
8.805756330490112
8.82234263420105
8.814599990844727
8.8394802014033
8.839536229769388
8.824021657307943
8.824080149332682
8.88852067788442
8.873607516288757
8.868654251098633
8.868707140286764
8.88185199101766
8.8819131453832
8.888063192367554
8.854006807009378
8.84889284769694
8.848976532618204
8.955397764841715
8.955456813176474
8.95613944530487
8.930280844370523
8.919549584388733
8.91960040728251
9.167527675628662
9.167582313219706
9.149150848388672
9.405723929405212
9.395604689915976
9.395679553349813
9.365615884462992
9.365674495697021
9.35433586438497
9.321086883544922
9.304008285204569
9.304059783617655
9.286890308062235
9.286959290504456
9.282585144042969
9.261051456133524
9.263662815093994
9.263731837272644
9.239871184031168
9.239933729171753
9.22623066107432
9.19156018892924
9.17661980787913
9.176668802897135
9.15611751874288
9.156177878379822
9.157857338587442
9.137372493743896
9.125076095263163
9.125129779179892
9.14384412765503
9.143908381462097
9.408136129379272
9.379902402559916
9.382598320643107
9.382670720418295
9.338685115178427
9.33874515692393
9.32864514986674
9.2980215549469
9.285948554674784
9.286000688870748
9.382059017817179
9.382115999857584
9.371780832608541
9.629060665766398
9.623162269592285
9.62321400642395
9.587998350461325
9.588057359059652
9.577619870503744
9.545366247495016
9.82645078500112
9.82650657494863
9.787560184796652
9.787621974945068
9.776737848917643
9.743060032526651
9.728316823641459
9.72836446762085
9.687739332516989
9.687796552975973
9.694992899894714
9.664114673932394
9.651758074760437
9.651811162630716
9.608161926269531
9.608216643333435
9.666227181752523
9.642995874087015
9.631584167480469
9.631633520126343
10.191131989161173
10.191187858581543
10.178879976272583
10.157618482907614
10.153191010157267
10.153242349624634
10.207698186238607
10.207754373550415
10.194202224413553
10.348725159962973
10.351913531621298
10.351966818173727
10.312018036842346
10.312076528867086
10.303945342699686
10.28215487798055
10.273502190907797
10.273559331893921
10.241394678751627
10.241454482078552
10.231562852859497
10.213754296302795
10.215790470441183
10.215855836868286
10.458551168441772
10.458606839179993
10.446600039800009
10.419740398724874
10.408087134361267
10.408135970433554
10.356675346692404
10.35672907034556
10.361652334531149
10.33264696598053
10.325412154197693
10.32546615600586
10.279902656873068
10.279959638913473
10.268188317616781
10.386109352111816
10.556159973144531
10.556212544441223
10.52836000919342
10.528436342875162
10.521512190500895
10.498540242513021
10.492327769597372
10.49238375822703
10.445738832155863
10.445797483126322
10.432990630467733
10.416052023569742
10.401873310407003
10.401925762494406
10.422865827878317
10.422943154970804
10.426572521527609
10.414233048756918
10.403346538543701
10.403403202692667
10.351781129837036
10.351836204528809
10.338791807492575
10.30855393409729
10.295041879018148
10.29509437084198
10.252835631370544
10.25288967291514
10.253811438878378
10.229673504829407
10.217134634653727
10.217197497685751
