1519.3333333333333
2999.6666666666665
2541.1666666666665
1598.3333333333333
2820.6666666666665
2603.5
1469.3333333333333
2907.8333333333335
2457.8333333333335
1606.5
3191.1666666666665
2578.3333333333335
1939.8333333333333
2757.8333333333335
2895.0
1556.5
3041.1666666666665
2495.0
1889.8333333333333
2974.3333333333335
2811.6666666666665
1873.0
2891.1666666666665
2778.1666666666665
1839.8333333333333
2824.3333333333335
2728.3333333333335
1823.0
2741.1666666666665
2694.8333333333335
1789.8333333333333
2674.3333333333335
2645.0
1773.0
2591.1666666666665
2611.5
1739.8333333333333
2524.3333333333335
2561.6666666666665
1723.0
2441.1666666666665
2528.1666666666665
1689.8333333333333
2374.3333333333335
2478.3333333333335
1673.0
2291.1666666666665
2444.8333333333335
1639.8333333333333
2224.3333333333335
2395.0
1623.0
2141.1666666666665
2361.5
1589.8333333333333
2074.3333333333335
2311.6666666666665
1573.0
1991.1666666666667
2278.1666666666665
1540.8333333333333
2959.0
2246.0
2541.0
1875.5
3196.1666666666665
1540.8333333333333
2759.0
2212.6666666666665
2441.0
1775.5
3062.8333333333335
1540.8333333333333
2559.0
2179.3333333333335
2341.0
1675.5
2929.5
1540.8333333333333
2359.0
3167.6666666666665
2254.8333333333335
2580.5
2826.6666666666665
2529.1666666666665
2206.1666666666665
3084.3333333333335
2204.8333333333335
2430.5
2743.3333333333335
2479.1666666666665
2056.1666666666665
3001.0
2154.8333333333335
2280.5
2660.0
2429.1666666666665
1906.1666666666667
2917.6666666666665
2104.8333333333335
2130.5
2576.6666666666665
2379.1666666666665
1756.1666666666667
2834.3333333333335
2048.8333333333335
1986.5
2493.3333333333335
2306.5
1628.8333333333333
2751.0
1965.5
1869.8333333333333
2410.0
2223.1666666666665
1512.1666666666667
2667.6666666666665
1882.1666666666667
1753.1666666666667
2326.6666666666665
2139.8333333333335
1395.5
2584.3333333333335
1798.8333333333333
1636.5
2243.3333333333335
2056.5
1278.8333333333333
2501.0
1715.5
1519.8333333333333
2160.0
1973.1666666666667
1162.1666666666667
2417.6666666666665
1632.1666666666667
1402.6666666666667
2077.1666666666665
1872.6666666666667
1062.6666666666667
2300.5
1582.6666666666667
1236.0
2043.8333333333333
1739.3333333333333
996.0
2167.1666666666665
1544.0
1074.6666666666667
2015.1666666666667
1579.3333333333333
951.3333333333334
2055.1666666666665
1456.0
941.3333333333334
2015.1666666666667
1379.3333333333333
918.0
1955.1666666666667
1356.0
808.0
2015.1666666666667
1179.3333333333333
884.6666666666666
1855.1666666666667
1256.0
674.6666666666666
2015.1666666666667
979.3333333333334
851.3333333333334
1755.1666666666667
1156.0
543.8333333333334
2012.6666666666667
798.5
798.8333333333334
1665.6666666666667
1045.5
460.5
1904.0
707.1666666666666
715.5
1549.0
962.1666666666666
377.1666666666667
1772.1666666666667
623.8333333333334
647.3333333333334
1400.5
878.8333333333334
325.6666666666667
1622.1666666666667
540.5
597.3333333333334
1250.5
795.5
275.6666666666667
1472.1666666666667
457.1666666666667
547.3333333333334
1113.8333333333333
698.8333333333334
255.66666666666666
1292.1666666666667
420.5
450.6666666666667
1013.8333333333334
565.5
255.66666666666666
1092.1666666666667
387.1666666666667
350.6666666666667
913.8333333333334
432.1666666666667
255.66666666666666
891.8333333333334
351.5
253.33333333333334
777.5
335.1666666666667
219.66666666666666
694.5
301.5
203.33333333333334
594.1666666666666
285.1666666666667
169.66666666666666
511.1666666666667
251.5
153.33333333333334
418.5
227.5
119.66666666666667
352.1666666666667
177.16666666666666
103.33333333333333
268.5
144.16666666666666
69.66666666666667
202.16666666666666
93.83333333333333
53.333333333333336
118.5
60.833333333333336
19.666666666666668
52.166666666666664
10.5
3.3333333333333335
