-1.0
-1.0
3924.0
1115.75
-1.0
-1.0
3865.25
1103.25
-1.0
-1.0
3811.25
1191.75
-1.0
-1.0
3946.0
1326.0
-1.0
-1.0
4169.5
1305.75
-1.0
-1.0
4094.5
1386.0
-1.0
-1.0
4019.5
1377.75
-1.0
-1.0
3944.5
1352.75
-1.0
-1.0
3869.5
1327.75
-1.0
-1.0
3794.5
1302.75
-1.0
-1.0
3719.5
1277.75
-1.0
-1.0
3644.5
1252.75
-1.0
-1.0
3569.5
1227.75
-1.0
-1.0
3494.5
1202.75
-1.0
-1.0
3419.5
1177.75
-1.0
-1.0
3344.5
1152.75
-1.0
-1.0
3269.5
1127.75
-1.0
-1.0
3194.5
1102.75
-1.0
-1.0
3119.5
1077.75
-1.0
-1.0
3044.5
1052.75
-1.0
-1.0
2969.5
1027.75
-1.0
-1.0
2894.5
1002.75
-1.0
-1.0
2819.5
977.75
-1.0
-1.0
2744.5
952.75
-1.0
-1.0
2669.5
927.75
-1.0
-1.0
2594.5
902.75
-1.0
-1.0
2519.5
877.75
-1.0
-1.0
2444.5
852.75
-1.0
1560.25
2379.5
827.75
-1.0
1535.25
2329.5
802.75
-1.0
1510.25
2279.5
777.75
-1.0
1485.25
2229.5
752.75
-1.0
1460.25
2179.5
727.75
-1.0
1435.25
2129.5
702.75
-1.0
1410.25
2079.5
677.75
-1.0
1385.25
2029.5
652.75
-1.0
1360.25
1979.5
627.75
-1.0
1335.25
1929.5
602.75
-1.0
1310.25
1879.5
577.75
-1.0
1285.25
1829.5
552.75
-1.0
1260.25
1779.5
527.75
-1.0
1235.25
1729.5
502.75
-1.0
1210.25
1679.5
477.75
-1.0
2730.5
1648.25
2013.5
-1.0
2680.5
1623.25
1988.5
-1.0
2630.5
1598.25
1963.5
-1.0
2580.5
1573.25
1938.5
-1.0
2530.5
1548.25
1913.5
-1.0
2480.5
1541.0
3424.25
-1.0
2430.5
1541.0
3374.25
-1.0
2380.5
1541.0
3324.25
-1.0
2330.5
1541.0
3274.25
-1.0
2280.5
1541.0
3224.25
-1.0
2230.5
1541.0
3174.25
-1.0
2180.5
1541.0
3124.25
-1.0
2130.5
1541.0
3074.25
-1.0
2080.5
1541.0
3024.25
-1.0
2030.5
1541.0
2974.25
-1.0
1980.5
1541.0
2924.25
-1.0
1930.5
1541.0
2874.25
-1.0
1880.5
1541.0
2824.25
-1.0
1830.5
1541.0
2774.25
-1.0
1780.5
1541.0
2724.25
-1.0
1730.5
1541.0
2674.25
-1.0
1680.5
1541.0
2624.25
-1.0
1630.5
1541.0
2574.25
-1.0
1580.5
1541.0
2524.25
-1.0
1530.5
1541.0
2474.25
-1.0
1480.5
1541.0
2424.25
-1.0
1430.5
1541.0
2374.25
-1.0
1380.5
1541.0
2324.25
-1.0
1330.5
1541.0
2274.25
-1.0
1280.5
1541.0
2224.25
-1.0
1230.5
1541.0
2174.25
-1.0
1180.5
1541.0
2124.25
-1.0
1147.0
1502.0
2096.75
-1.0
1122.0
1456.0
3638.5
-1.0
1097.0
1431.0
3588.5
-1.0
1072.0
1406.0
3538.5
-1.0
1047.0
1381.0
3488.5
-1.0
1022.0
1356.0
3438.5
-1.0
997.0
1309.75
3409.75
-1.0
997.0
1284.75
3334.75
-1.0
997.0
1259.75
3259.75
1528.25
997.0
1234.75
3209.5
1503.25
997.0
1209.75
3159.5
1478.25
997.0
1186.0
3108.25
1453.25
997.0
1186.0
3033.25
2959.0
997.0
1186.0
2980.75
2909.0
997.0
1186.0
2930.75
2859.0
997.0
1186.0
2880.75
2809.0
997.0
1186.0
2830.75
4307.0
997.0
1186.0
2803.0
4232.0
997.0
1186.0
2778.0
4157.0
997.0
1186.0
2753.0
4082.0
997.0
1186.0
2728.0
4007.0
997.0
1186.0
2703.0
3932.0
997.0
1186.0
2678.0
3857.0
997.0
1186.0
2653.0
3782.0
997.0
1186.0
2628.0
3707.0
997.0
1186.0
2603.0
3632.0
997.0
1186.0
2578.0
3557.0
997.0
1186.0
2553.0
3482.0
997.0
1186.0
2528.0
3407.0
997.0
1186.0
2503.0
3332.0
997.0
1186.0
2478.0
3257.0
997.0
1186.0
2453.0
3182.0
997.0
1186.0
2428.0
3107.0
997.0
1186.0
2403.0
3032.0
997.0
1186.0
2378.0
2957.0
997.0
1186.0
2353.0
2882.0
997.0
1186.0
2328.0
2807.0
983.0
1186.0
2317.0
2732.0
958.0
1186.0
2317.0
2657.0
933.0
1186.0
2317.0
2582.0
908.0
1186.0
2317.0
2507.0
891.0
1186.0
2309.0
2432.0
891.0
1186.0
2284.0
2357.0
891.0
1186.0
2259.0
3837.5
891.0
1186.0
2249.75
3737.5
891.0
1186.0
2249.75
3637.5
891.0
1186.0
2249.75
3537.5
891.0
1186.0
2249.75
3437.5
891.0
1186.0
2249.75
3337.5
891.0
1186.0
2249.75
3237.5
891.0
1186.0
2249.75
3150.0
891.0
1186.0
2237.25
3051.0
891.0
1185.0
2237.25
2954.75
891.0
1185.0
2233.5
2879.75
891.0
1185.0
2208.5
2804.75
891.0
1185.0
2183.5
2744.5
883.0
1185.0
2151.75
2685.0
858.0
1185.0
2136.25
2610.0
833.0
1185.0
2136.25
2535.0
808.0
1185.0
2136.25
2472.5
801.25
1164.0
2126.5
2422.5
801.25
1139.0
2101.5
2372.5
801.25
1114.0
2076.5
2326.25
797.5
1089.0
2051.5
2279.25
772.5
1086.0
2026.5
2229.25
747.5
1080.5
2007.0
2179.25
722.5
1080.5
1982.0
2129.25
697.5
1080.5
1957.0
2079.25
681.25
1080.5
1923.25
2029.25
681.25
1080.5
1873.25
1979.25
681.25
1080.5
1823.25
1929.25
681.25
1080.5
1773.25
1866.5
681.25
1080.5
1736.0
1789.5
681.25
1080.5
1713.0
1714.5
681.25
1080.5
1688.0
1649.75
671.0
1080.5
1663.0
1599.75
654.75
1062.5
1647.25
1561.5
654.75
1062.5
1585.5
1536.5
654.75
1062.5
1510.5
1504.0
654.75
1062.5
1443.0
1460.25
639.0
1062.5
1402.5
1435.25
614.0
1062.5
1352.5
1414.75
589.0
1058.0
1302.5
1414.75
564.0
1033.0
1252.5
1414.75
539.0
1008.0
1202.5
1414.75
535.0
983.0
1131.5
1406.75
2065.5
958.0
1087.75
1371.0
2040.5
2492.25
1067.5
1328.25
2015.5
2467.25
1060.25
1303.25
1988.75
2442.25
1037.0
1256.5
1963.75
2417.25
1033.75
1226.0
3490.0
2392.25
1033.75
1209.25
3436.0
2363.0
1033.75
1209.25
3386.0
2313.0
1033.75
1209.25
3336.0
2263.0
1033.75
1209.25
3286.0
2213.0
1033.75
1209.0
3236.0
2163.25
1033.75
1184.0
3186.0
2138.25
1033.75
1159.0
3136.0
2113.25
1033.75
1134.0
3086.0
2088.25
1033.75
1109.0
3036.0
2063.25
1033.75
1088.5
2986.0
2038.25
1029.25
1088.5
2918.5
2013.25
1021.75
1088.5
2843.5
1988.25
1021.75
1088.5
2769.75
1963.25
1020.5
1080.25
2711.5
1938.25
1012.0
1080.25
2636.5
1913.25
1012.0
1080.25
2561.5
1888.25
1012.0
1080.25
2486.5
1863.25
1012.0
1080.25
2424.25
1825.5
1012.0
1080.25
2374.25
1775.5
1012.0
1080.25
2324.25
1725.5
1012.0
1080.25
2274.25
1675.5
1012.0
1080.25
2224.25
1625.5
1012.0
1072.5
2170.25
1594.25
1005.0
1072.5
2095.25
1569.25
1005.0
1072.5
2020.25
1544.25
1005.0
1072.5
1960.75
1503.75
1005.0
1072.5
1910.75
1453.75
1005.0
1072.5
1860.75
1403.75
1005.0
1072.5
1810.75
1353.75
1005.0
1072.5
1760.75
1317.75
991.0
1072.5
1710.75
1292.75
966.0
1072.5
1660.75
1267.75
941.0
1072.5
1610.75
1242.75
916.0
1070.0
1560.75
1217.75
893.5
1056.75
1516.75
1181.5
887.0
1031.75
1491.75
1131.5
887.0
1001.0
1466.75
1087.25
887.0
951.0
1463.5
1062.25
865.25
880.75
1463.5
1058.5
839.25
830.0
1463.5
1052.0
796.5
805.0
1463.5
1025.25
748.25
789.5
1444.75
998.75
709.0
747.5
1423.5
981.75
689.25
722.5
1373.5
970.25
675.75
688.25
1332.75
970.25
650.75
645.5
1307.75
963.0
625.75
620.5
1282.75
938.0
600.75
595.5
1257.75
913.0
575.75
573.75
1207.25
888.0
573.0
573.75
1156.75
863.0
548.5
573.75
1106.75
838.0
523.5
573.75
1058.0
805.75
504.5
573.75
1030.5
780.75
457.0
573.75
1005.5
755.75
407.0
573.75
980.5
730.75
357.0
573.75
926.5
730.5
311.25
552.5
851.5
730.5
307.5
527.5
779.25
727.75
307.5
488.75
731.5
715.5
306.25
438.75
681.5
715.5
306.25
402.25
631.5
702.0
306.25
377.25
581.5
677.0
306.25
367.25
531.5
637.0
306.25
367.25
483.25
587.0
304.5
363.25
458.25
537.0
283.5
340.0
433.25
510.25
258.5
329.0
408.25
471.25
233.5
304.0
387.0
442.5
208.5
279.0
387.0
378.5
197.5
254.0
387.0
312.0
189.0
216.75
387.0
287.0
151.25
207.0
368.25
240.5
126.25
184.0
343.25
213.5
101.25
159.0
318.25
188.5
76.25
134.0
293.25
163.5
51.25
109.0
268.25
138.5
26.25
104.25
223.0
113.5
1.25
82.5
173.0
88.5
-2.0
57.5
123.0
63.5
-2.0
32.5
73.0
38.5
-2.0
7.5
23.0
13.5
-2.0
