2.913597524166107
2.9144100546836853
2.9144920706748962
2.9145703315734863
3.082457482814789
3.083645761013031
3.083726704120636
3.084192931652069
3.1359184980392456
3.13603675365448
3.136106491088867
3.1361944675445557
3.3951497077941895
3.4099687337875366
3.4111292362213135
3.4116270542144775
3.540263533592224
3.540374279022217
3.5404391288757324
3.540595769882202
3.656984806060791
3.657071530818939
3.6571595668792725
3.65731680393219
3.8937217593193054
3.8938077092170715
3.893867015838623
3.900209426879883
4.140743017196655
4.155627191066742
4.155730962753296
4.156168520450592
4.428478837013245
4.428605258464813
4.428698539733887
4.428765296936035
4.731394469738007
4.731587052345276
4.731661558151245
4.7317222356796265
4.691596269607544
4.69166100025177
4.691717565059662
4.691774010658264
4.699337065219879
4.699474811553955
4.69953578710556
4.699592471122742
4.763868749141693
4.763931035995483
4.763985514640808
4.764039993286133
4.9155513048172
4.91561758518219
4.915680527687073
4.915732502937317
4.942618787288666
4.9426774978637695
4.942732572555542
4.942783236503601
4.9065059423446655
4.906564950942993
4.90661746263504
4.906679272651672
4.787408530712128
4.78747034072876
4.787523984909058
4.787684500217438
4.939506232738495
4.939566016197205
4.939618229866028
4.939669966697693
4.881656646728516
4.881714880466461
4.881767094135284
4.881818056106567
4.782459259033203
4.782516956329346
4.782571971416473
4.782622516155243
4.947642982006073
4.947704792022705
4.947756826877594
4.947829246520996
5.001281201839447
5.001340806484222
5.001393258571625
5.001445710659027
4.858547806739807
4.858614265918732
4.85866779088974
4.858719766139984
4.774770975112915
4.774833679199219
4.774897515773773
4.774958312511444
5.094525039196014
5.094588041305542
5.094643294811249
5.09469735622406
5.021512269973755
5.021575212478638
5.021630704402924
5.02168744802475
4.845356523990631
4.845420002937317
4.845475077629089
4.845530271530151
4.915137410163879
4.915199160575867
4.91525262594223
4.915305733680725
5.540228486061096
5.540289998054504
5.540350079536438
5.540410757064819
4.99616402387619
4.996223032474518
4.996275007724762
4.996327519416809
5.065482318401337
5.065539300441742
5.065593719482422
5.065646290779114
5.174035429954529
5.174101531505585
5.174152255058289
5.174202799797058
5.25577175617218
5.255832493305206
5.255882501602173
5.255931973457336
5.276009440422058
5.276064038276672
5.276111721992493
5.276161193847656
5.229982435703278
5.230061233043671
5.230124473571777
5.2301812171936035
5.472434997558594
5.472538709640503
5.472593724727631
5.472644507884979
5.150595784187317
5.150655806064606
5.150708258152008
5.150761544704437
5.368968307971954
5.369041800498962
5.369111061096191
5.369166612625122
5.472900331020355
5.472961366176605
5.4730135798454285
5.473066031932831
5.4023813009262085
5.402441561222076
5.4025009870529175
5.402556777000427
5.237825512886047
5.237887740135193
5.237942039966583
5.237995684146881
5.207462012767792
5.207527995109558
5.2075817584991455
5.207648456096649
5.47580623626709
5.475875973701477
5.475929260253906
5.475982487201691
5.76398903131485
5.76406455039978
5.764124512672424
5.764189779758453
5.904394268989563
5.904460549354553
5.904515266418457
5.904568552970886
5.856539070606232
5.856599867343903
5.856654345989227
5.856707334518433
5.958696246147156
5.958776772022247
5.958836019039154
5.958890736103058
5.774204730987549
5.7742680311203
5.774321794509888
5.774373471736908
6.143580794334412
6.143661677837372
6.143718004226685
6.143770456314087
6.1642709374427795
6.164328694343567
6.164380729198456
6.164435982704163
6.136387407779694
6.136454701423645
6.136508882045746
6.136560440063477
6.361059725284576
6.361156165599823
6.361228168010712
6.361279904842377
6.294165194034576
6.294222772121429
6.294274806976318
6.294324517250061
6.210672497749329
6.21073055267334
6.210785269737244
6.210836291313171
6.155688762664795
6.155753016471863
6.155806601047516
6.155932247638702
6.077736556529999
6.077792048454285
6.077843070030212
6.077892482280731
6.103120267391205
6.103178799152374
6.103231191635132
6.103281795978546
6.345417737960815
6.345478773117065
6.345532774925232
6.345588207244873
6.143397510051727
6.1434565782547
6.1435094475746155
6.1436052322387695
6.394924283027649
6.394995450973511
6.3950594663619995
6.395108938217163
6.1694207191467285
6.1694775223731995
6.169528484344482
6.169576525688171
6.151107728481293
6.1511669754981995
6.151219546794891
6.1512690782547
6.21364027261734
6.2137022614479065
6.213756740093231
6.213808715343475
6.570523679256439
6.5705859661102295
6.570647716522217
6.570701479911804
6.389202237129211
6.389262080192566
6.389315485954285
6.389366507530212
6.232552409172058
6.23261570930481
6.232680976390839
6.232733190059662
6.132922291755676
6.132988810539246
6.133044362068176
6.133094012737274
6.211711287498474
6.211775243282318
6.2118430733680725
6.211903512477875
6.442175984382629
6.442252993583679
6.442312955856323
6.442373991012573
6.565913736820221
6.565972745418549
6.566024959087372
6.566075384616852
6.449762940406799
6.449825465679169
6.449877440929413
6.449927449226379
6.692644715309143
6.692705690860748
6.69275575876236
6.6928112506866455
6.577054560184479
6.577111840248108
6.577167809009552
6.577217519283295
6.695945501327515
6.696006178855896
6.696060240268707
6.696110963821411
6.706995844841003
6.70705634355545
6.707108318805695
6.707158267498016
6.572638928890228
6.5727009773254395
6.572765231132507
6.572821021080017
6.694629192352295
6.69471001625061
6.69477117061615
6.694823741912842
6.697721481323242
6.6977845430374146
6.697840213775635
6.697891473770142
6.93477475643158
6.934839248657227
6.934903562068939
6.934953272342682
6.862815201282501
6.862876892089844
6.862928926944733
6.862979173660278
6.841329216957092
6.841392755508423
6.841450750827789
6.841504514217377
6.968298316001892
6.968363523483276
6.968418836593628
6.9684805274009705
7.0732421875
7.073307693004608
7.073363959789276
7.073417246341705
7.0209144949913025
7.0209784507751465
7.021031498908997
7.021080493927002
7.07904851436615
7.079111039638519
7.079164266586304
7.079213082790375
7.10822206735611
7.108296632766724
7.108351290225983
7.108406841754913
7.366463363170624
7.366538643836975
7.36659049987793
7.36664742231369
7.315841317176819
7.315908074378967
7.31596052646637
7.316009044647217
7.4196929931640625
7.419758439064026
7.419813454151154
7.41986346244812
7.529119074344635
7.529187023639679
7.5292457938194275
7.529295086860657
7.499006271362305
7.499068558216095
7.499123752117157
7.499174237251282
7.464020311832428
7.464087069034576
7.46414178609848
7.464192271232605
7.661197245121002
7.6612595319747925
7.661314427852631
7.661363959312439
7.709832489490509
7.709911465644836
7.7099756598472595
7.710025250911713
7.626833021640778
7.626896500587463
7.626948952674866
7.626996695995331
7.6915799379348755
7.691645920276642
7.691702485084534
7.691750943660736
7.772197723388672
7.772257745265961
7.772319495677948
7.772374451160431
7.731376945972443
7.731452465057373
7.731511771678925
7.731562256813049
7.764084577560425
7.764146029949188
7.764199316501617
7.764256060123444
7.6624414920806885
7.662502229213715
7.662555038928986
7.662603557109833
7.766312539577484
7.766402959823608
7.7664573192596436
7.766505300998688
7.8326762318611145
7.832735478878021
7.832787990570068
7.8328405022621155
7.637120246887207
7.6372023820877075
7.637259483337402
7.637308716773987
7.7340832352638245
7.734146893024445
7.734214186668396
7.734264373779297
7.581615686416626
7.581676185131073
7.581728458404541
7.581776678562164
7.748424470424652
7.748485505580902
7.748538672924042
7.74858695268631
7.953612983226776
7.953673779964447
7.953726232051849
7.953774988651276
7.685493588447571
7.6855528354644775
7.68560403585434
7.685652315616608
7.68822854757309
7.688288569450378
7.688341021537781
7.688389778137207
7.792331755161285
7.79240483045578
7.792458772659302
7.792506992816925
7.71644651889801
7.71650630235672
7.716558575630188
7.716617286205292
8.039668917655945
8.039733409881592
8.039804875850677
8.03985869884491
7.971980452537537
7.972038984298706
7.972090780735016
7.97213876247406
7.890237808227539
7.890311002731323
7.890376329421997
7.890436768531799
7.835500240325928
7.835570216178894
7.8356324434280396
7.835684180259705
8.038683295249939
8.038747489452362
8.038799405097961
8.038878738880157
8.307229161262512
8.307293713092804
8.307352662086487
8.307402193546295
7.866683483123779
7.866745710372925
7.866809189319611
7.866892039775848
7.85186630487442
7.851925075054169
7.851981341838837
7.852030098438263
8.25449824333191
8.254572927951813
8.254637241363525
8.254690945148468
8.285049676895142
8.285188913345337
8.285249471664429
8.285300195217133
8.23286771774292
8.232936978340149
8.23299503326416
8.2330442070961
8.167254447937012
8.167355477809906
8.167414903640747
8.167466223239899
8.417397737503052
8.417467296123505
8.417522072792053
8.417571485042572
8.432655036449432
8.432717561721802
8.432772636413574
8.432823061943054
8.502641022205353
8.502700209617615
8.502752482891083
8.502801775932312
8.533592939376831
8.533652007579803
8.533703804016113
8.533752501010895
8.401093542575836
8.401156544685364
8.401208758354187
8.401256024837494
8.450968265533447
8.451026320457458
8.45107752084732
8.451125025749207
8.368287801742554
8.368348002433777
8.368399322032928
8.368445992469788
8.488464534282684
8.48852252960205
8.48857319355011
8.48862075805664
8.509656250476837
8.509713292121887
8.509764790534973
8.509812235832214
8.646890699863434
8.646948754787445
8.647000968456268
8.647059738636017
8.48451429605484
8.484686255455017
8.484743535518646
8.48479151725769
8.486835837364197
8.486890077590942
8.486938536167145
8.486983358860016
8.715444207191467
8.715582489967346
8.715638518333435
8.715683281421661
8.57940673828125
8.579463720321655
8.579514265060425
8.579559683799744
8.516060948371887
8.51611852645874
8.516168296337128
8.516213715076447
8.616152465343475
8.616223454475403
8.61627745628357
8.61632490158081
8.70406323671341
8.704127013683319
8.704192757606506
8.704243779182434
8.782531261444092
8.782589197158813
8.782640933990479
8.782688200473785
8.82890671491623
8.828970670700073
8.829026937484741
8.829076945781708
8.6487797498703
8.648862719535828
8.64892292022705
8.648988425731659
8.816981494426727
8.817044496536255
8.817109823226929
8.817163050174713
8.757193565368652
8.757270693778992
8.757341027259827
8.757411479949951
8.74570119380951
8.74576449394226
8.745818972587585
8.745870769023895
8.730153024196625
8.730226218700409
8.730286180973053
8.730337738990784
8.89957445859909
8.899635970592499
8.899690449237823
8.899741232395172
9.04648345708847
9.046543717384338
9.046595692634583
9.04664522409439
9.000073909759521
9.000137746334076
9.00019121170044
9.000239968299866
8.982716500759125
8.98277497291565
8.982827246189117
8.98287570476532
8.970737278461456
8.970796525478363
8.970851838588715
8.970899522304535
9.149487972259521
9.149547219276428
9.149611234664917
9.149677753448486
8.951396703720093
8.951458930969238
8.951518058776855
8.951566994190216
9.094662845134735
9.094726264476776
9.09477972984314
9.094829022884369
9.198221743106842
9.198282539844513
9.198336482048035
9.198385536670685
9.253764688968658
9.253826141357422
9.253883481025696
9.253932893276215
9.341359257698059
9.341418206691742
9.341470718383789
9.341523468494415
9.257513284683228
9.257571756839752
9.257623732089996
9.257673740386963
9.17230749130249
9.172368466854095
9.1724214553833
9.172471225261688
9.198825299739838
9.19889485836029
9.198950588703156
9.199000597000122
9.556560456752777
9.55663925409317
9.556719243526459
9.556804358959198
9.728061318397522
9.728119790554047
9.728170216083527
9.728218793869019
9.891543209552765
9.891605257987976
9.891685962677002
9.891743779182434
9.917107462882996
9.91716980934143
9.917222261428833
9.917272806167603
9.824450671672821
9.82452803850174
9.824598491191864
9.82466471195221
10.122838497161865
10.12289571762085
10.122945785522461
10.122994005680084
10.132513761520386
10.132571518421173
10.132622003555298
10.132678270339966
10.181047677993774
10.181104719638824
10.18115496635437
10.18120414018631
10.152764558792114
10.152823269367218
10.152887284755707
10.152945756912231
10.167912721633911
10.167970716953278
10.168021976947784
10.168071031570435
10.331100225448608
10.331158876419067
10.331209242343903
10.33125650882721
10.263752460479736
10.263808786869049
10.26386046409607
10.263908505439758
10.404500782489777
10.404561281204224
10.40461379289627
10.404663801193237
10.24511855840683
10.245175302028656
10.245226085186005
10.245274543762207
10.29928970336914
10.29934573173523
10.299394965171814
10.299441993236542
10.380796253681183
10.380854725837708
10.380905210971832
10.380957782268524
10.250859797000885
10.250922501087189
10.250981092453003
10.251032292842865
10.342317283153534
10.342375993728638
10.342427968978882
10.342478692531586
10.470192313194275
10.47024804353714
10.470297753810883
10.47034502029419
10.345991015434265
10.34604674577713
10.346096456050873
10.346144199371338
10.26296579837799
10.263028264045715
10.263078510761261
10.263131320476532
10.210557520389557
10.210619926452637
10.210672557353973
10.210722208023071
10.358302235603333
10.358358442783356
10.358407258987427
10.358504951000214
10.468510210514069
10.468578159809113
10.468627989292145
10.468674719333649
10.351911842823029
10.351974070072174
10.352025270462036
10.352082073688507
10.37415224313736
10.37420803308487
10.374266982078552
10.374325454235077
10.358486711978912
10.358544290065765
10.358595073223114
10.358644783496857
10.365270733833313
10.365332305431366
10.365386247634888
10.365436792373657
10.477252066135406
10.477313756942749
10.477366983890533
10.477416574954987
10.515990793704987
10.516049265861511
10.516099989414215
10.516148507595062
10.465677738189697
10.465734541416168
10.465786576271057
10.465834319591522
10.678637683391571
10.678695023059845
10.678744733333588
10.678791999816895
10.4371919631958
10.437277257442474
10.437330305576324
10.437378287315369
10.627414524555206
10.627474009990692
10.627523303031921
10.62757033109665
10.588137209415436
10.588193237781525
10.588242709636688
10.588290452957153
10.803200721740723
10.803257524967194
10.80330741405487
10.803354978561401
10.727546513080597
10.727602779865265
10.72765201330185
10.727699041366577
10.787850439548492
10.787908673286438
10.787964165210724
10.788013458251953
10.591829240322113
10.591885149478912
10.591934442520142
10.591981709003448
10.635538518428802
10.635594010353088
10.635642528533936
10.635689198970795
10.86311799287796
10.863182485103607
10.863233983516693
10.863281011581421
10.890294015407562
10.890354990959167
10.890406489372253
10.890456199645996
10.942483246326447
10.942542254924774
10.94259399175644
10.94266676902771
10.784205496311188
10.784262776374817
10.78431349992752
10.784361779689789
10.78432422876358
10.784382343292236
10.784434974193573
10.784483790397644
10.892473697662354
10.892537891864777
10.892596185207367
10.892646193504333
10.821352005004883
10.82140725851059
10.821456253528595
10.82150274515152
10.898440539836884
10.898496448993683
10.898546278476715
10.898611307144165
11.042626798152924
11.042687237262726
11.042741775512695
11.04279100894928
10.963759422302246
10.963816523551941
10.963866770267487
10.963914275169373
11.168348252773285
11.168403267860413
11.168451726436615
11.16849833726883
11.267623662948608
11.267680525779724
11.26773053407669
11.267777740955353
11.068715512752533
11.0687837600708
11.06883454322815
11.068883001804352
11.157162010669708
11.157219529151917
11.15726923942566
11.157316505908966
11.29529720544815
11.29535573720932
11.295405864715576
11.295454502105713
11.364054262638092
11.364109694957733
11.364158809185028
11.364205777645111
11.27655953168869
11.276623725891113
11.276673078536987
11.276719808578491
11.231346487998962
11.23140299320221
11.231452226638794
11.231499195098877
11.334694743156433
11.334752976894379
11.334807932376862
11.334856927394867
11.424322009086609
11.424377739429474
11.424426972866058
11.424480497837067
11.44292277097702
11.442988276481628
11.443038702011108
11.443097710609436
11.424722969532013
11.424777746200562
11.424825727939606
11.424873054027557
11.457285046577454
11.457339525222778
11.45738822221756
11.457456231117249
11.468966603279114
11.469040632247925
11.469090640544891
11.469139397144318
11.630652964115143
11.630710244178772
11.630759239196777
11.630814492702484
11.561635255813599
11.561693251132965
11.561744213104248
11.561793267726898
11.607075810432434
11.607131540775299
11.607182264328003
11.607228696346283
11.626914739608765
11.626971304416656
11.627020835876465
11.627070307731628
11.678702473640442
11.67876023054123
11.678810000419617
11.678857982158661
11.623521029949188
11.623580038547516
11.623631238937378
11.623680055141449
11.633524775505066
11.633581817150116
11.633631229400635
11.633678495883942
11.633395671844482
11.633453726768494
11.633504986763
11.633553266525269
11.785708904266357
11.785766959190369
11.785817742347717
11.78586596250534
11.833982050418854
11.834043502807617
11.83410382270813
11.834161281585693
11.778158009052277
11.7782142162323
11.778263688087463
11.778310716152191
11.748266220092773
11.748322486877441
11.74837201833725
11.748419284820557
11.808102130889893
11.808165788650513
11.808216512203217
11.808265030384064
11.968581318855286
11.96863979101181
11.96869033575058
11.968737781047821
12.003257811069489
12.003323793411255
12.003386795520782
12.003438353538513
11.923280954360962
11.923337757587433
11.923391997814178
11.923439741134644
11.852196514606476
11.852257251739502
11.852309226989746
11.852359533309937
12.059963524341583
12.06002151966095
12.06007307767868
12.060122013092041
12.010802745819092
12.010872960090637
12.010925650596619
12.01097571849823
12.165570497512817
12.165630221366882
12.165680944919586
12.165729999542236
12.086604535579681
12.086664080619812
12.08671772480011
12.086767852306366
12.122175693511963
12.122235476970673
12.122286975383759
12.122336685657501
12.04336404800415
12.043423473834991
12.043475806713104
12.043535768985748
