705.375
965.25
702.25
927.5
668.25
991.5
646.25
1146.375
621.625
1281.0
628.125
1262.625
594.25
1276.875
582.125
1301.25
660.625
1294.0
652.5
1342.0
639.5
1351.625
1229.0
1623.875
1335.25
1720.25
1858.625
1848.125
1896.625
2084.5
1975.0
2142.0
2773.625
2151.875
3630.5
2152.25
3618.625
2330.0
4047.125
4851.0
4790.625
4938.375
4892.5
5004.375
4835.875
5059.375
5250.75
5269.5
5316.75
5623.125
5561.5
5693.875
5637.875
5727.375
5791.0
5737.0
5817.125
5820.625
6015.5
6095.125
6054.75
6073.875
6261.625
6359.125
6398.375
6335.125
6536.5
6412.25
6581.875
6477.75
6630.625
6474.625
6614.25
6572.375
6594.625
6532.125
6919.75
6589.5
6976.375
6642.625
6985.5
6766.25
6968.75
6758.5
7150.75
6885.375
7173.25
6837.75
7304.5
7037.0
7321.875
7234.75
7481.5
7264.125
7509.125
7311.5
7565.125
7311.75
7597.0
7483.25
7819.375
7692.625
7836.125
7675.625
7836.625
7644.875
7945.125
7627.75
8288.875
7761.125
8268.375
7894.25
8331.625
7963.0
8484.625
8051.125
8665.75
8029.875
8784.875
8223.875
8796.125
8255.0
8803.875
8216.75
8810.875
8192.5
8855.75
8191.625
8983.625
8203.75
9052.875
8319.375
9143.375
8608.125
9462.375
8859.375
9584.0
8886.625
9617.0
8911.5
9682.375
9063.375
9674.875
9177.625
9829.75
9235.5
10030.125
9504.5
10049.0
9533.125
10125.375
9581.25
10146.125
9633.625
10291.75
9630.125
10534.75
9844.75
10551.25
10153.375
10552.5
10217.125
10596.875
10280.25
10718.0
10326.375
10940.625
10316.0
11065.25
10380.25
11171.0
10449.875
11174.875
10559.0
11210.375
10682.625
11242.25
10737.0
11304.875
10798.625
11277.25
10841.875
11403.375
10852.5
11417.25
10846.25
11584.125
11115.125
11810.625
11190.25
12037.875
11429.125
12169.125
11551.875
12280.625
11657.875
12421.0
11804.0
12492.625
12096.25
12656.625
12454.375
12865.25
12678.125
12917.875
12837.75
13110.5
12837.875
13175.25
12933.625
13237.375
12936.0
13281.5
12922.5
13397.75
12925.625
13365.875
12887.75
13337.375
12842.625
13324.375
12784.75
13291.5
12743.875
13246.125
12699.875
13184.5
12661.5
13110.75
12635.25
13049.875
12596.125
12999.5
12546.5
12952.375
12493.625
12912.0
12434.0
12850.5
12395.5
12788.75
12357.25
12718.25
12327.75
12656.0
12290.0
12588.0
12258.0
12518.125
12227.875
12442.5
12203.5
12376.625
12169.375
12315.5
12130.5
12236.125
12109.875
12185.125
12060.875
12131.125
12014.875
12089.5
11956.5
12055.125
11890.875
12006.625
11839.375
11951.25
11794.75
11905.5
11740.5
11868.875
11677.125
11819.25
11626.75
11778.25
11567.75
11727.25
11518.75
11659.75
11486.25
11604.25
11441.75
11554.75
11391.25
11508.5
11337.5
11448.25
11297.75
11386.25
11259.75
11311.25
11234.75
11241.5
11204.5
11189.0
11157.0
11139.0
11107.0
11094.75
11051.25
11053.75
10992.25
11017.0
10929.0
10980.0
10866.0
10950.25
10795.75
10899.625
10746.375
10832.0
10714.0
10764.875
10681.125
10707.25
10638.75
10647.375
10598.625
10589.375
10556.625
10535.625
10510.375
10470.875
10475.125
10397.25
10448.75
10315.375
10430.625
10238.375
10407.625
10175.875
10370.125
10121.875
10324.125
10069.125
10276.875
10031.625
10214.375
9998.875
10147.125
9965.625
10080.375
9936.25
10009.75
9898.75
9947.25
9870.75
9875.25
9826.625
9819.375
9794.0
9752.0
9762.125
9683.875
9722.625
9623.375
9665.875
9580.125
9605.375
9540.625
9543.125
9502.875
9480.625
9465.375
9411.125
9434.875
9340.375
9405.625
9265.375
9380.625
9197.375
9348.625
9163.5
9282.5
9149.875
9196.125
9119.25
9126.75
9083.75
9062.25
9051.625
8994.375
9006.5
8939.5
8947.625
8898.375
8886.0
8860.0
8827.25
8818.75
8764.75
8781.25
8709.125
8736.875
8662.125
8683.875
8597.625
8648.375
8524.875
8621.125
8448.875
8597.125
8372.875
8573.125
8313.0
8533.0
8236.0
8510.0
8146.25
8499.75
8077.125
8468.875
8020.625
8425.375
7969.125
8376.875
7934.25
8311.75
7886.625
8259.375
7834.375
8211.625
7793.0
8153.0
7755.5
8090.5
7715.625
8030.375
7649.625
7996.375
7581.0
7965.0
7497.125
7948.875
7429.875
7916.125
7368.0
7878.0
7300.375
7845.625
7239.0
7807.0
7202.125
7743.875
7177.875
7668.125
7160.625
7585.375
7158.875
7487.125
7141.875
7404.125
7113.875
7332.125
7082.0
7264.0
7036.625
7209.375
6994.125
7151.875
6935.125
7110.875
6889.125
7056.875
6846.875
6999.125
6811.75
6934.25
6748.25
6897.75
6683.625
6862.375
6628.125
6817.875
6575.0
6771.0
6517.125
6728.875
6451.625
6694.375
6383.875
6662.125
6329.125
6616.875
6261.125
6584.875
6208.5
6537.5
6156.5
6489.5
6086.625
6459.375
6041.0
6405.0
6008.0
6338.0
5967.625
6278.375
5933.375
6212.625
5895.5
6150.5
5862.125
6083.875
5834.25
6011.75
5793.5
5952.5
5734.375
5911.625
5664.75
5881.25
5595.625
5850.375
5546.125
5799.875
5491.25
5754.75
5439.0
5707.0
5381.5
5664.5
5327.25
5618.75
5272.125
5573.875
5224.25
5521.75
5158.5
5487.5
5115.875
5430.125
5083.0
5363.0
5035.875
5310.125
4992.625
5253.375
4952.625
5193.375
4907.125
5138.875
4862.25
5083.75
4840.0
5006.0
4804.625
4941.375
4772.25
4873.75
4733.375
4812.625
4694.25
4751.75
4641.5
4704.5
4586.75
4659.25
4526.875
4619.125
4490.25
4555.75
4457.125
4488.875
4400.0
4446.0
4334.875
4411.125
4270.75
4375.25
4210.875
4335.125
4159.25
4286.75
4095.875
4250.125
4054.0
4192.0
4009.75
4136.25
3963.75
4082.25
3933.75
4012.25
3909.375
3936.625
3865.625
3880.375
3807.875
3838.125
3747.75
3798.25
3695.5
3750.5
3659.0
3687.0
3628.0
3618.0
3585.375
3560.625
3538.75
3507.25
3500.375
3445.625
3465.625
3380.375
3402.875
3343.125
3366.125
3279.875
3332.25
3213.75
3272.375
3173.625
3200.375
3145.625
3124.125
3121.875
3064.5
3081.5
3005.25
3040.75
2959.5
2986.5
2905.625
2940.375
2843.0
2903.0
2803.375
2842.625
2771.5
2774.5
2715.375
2730.625
2669.25
2676.75
2622.875
2623.125
2570.125
2575.875
2520.0
2526.0
2480.875
2465.125
2423.375
2422.625
2364.375
2381.625
2285.625
2360.375
2235.75
2310.25
2198.5
2247.5
2158.375
2187.625
2114.375
2131.625
2078.375
2067.625
2042.75
2003.25
1997.25
1948.75
1964.375
1881.625
1921.0
1825.0
1891.125
1754.875
1867.375
1678.625
1839.25
1606.75
1808.625
1537.375
1774.25
1471.75
1737.5
1408.5
1689.25
1356.75
1609.0
1337.0
1542.75
1303.25
1481.75
1264.25
1415.625
1230.375
1331.0
1215.0
1261.0
1185.0
1183.125
1162.875
1116.75
1129.25
1061.25
1084.75
1011.625
1034.375
953.125
992.875
891.25
954.75
822.125
923.875
767.125
878.875
721.25
824.75
677.625
768.375
636.5
709.5
592.0
654.0
549.125
596.875
502.125
543.875
464.75
481.25
428.75
417.25
390.875
355.125
335.0
311.0
276.25
269.75
221.25
224.75
159.875
186.125
110.25
135.75
69.875
76.125
29.0
17.0
