2.5873634815216064
2.587450385093689
2.628437429666519
2.62850621342659
2.6373942494392395
2.637505352497101
2.6659103631973267
2.666021764278412
2.693983256816864
2.694049507379532
2.744759500026703
2.7448492348194122
2.8245480060577393
2.824624389410019
2.878810316324234
2.8789052069187164
2.9665293991565704
2.9666444063186646
2.9673707485198975
2.967458039522171
2.9744336009025574
2.974519819021225
3.1032474637031555
3.1033652126789093
3.1329626739025116
3.1330389380455017
3.289761394262314
3.289826601743698
3.3502939641475677
3.3504485189914703
3.4105434715747833
3.4106209874153137
3.4853861927986145
3.4854565858840942
3.6461684107780457
3.646233707666397
3.694252520799637
3.69435852766037
4.106102526187897
4.106188625097275
4.184937208890915
4.185007095336914
4.244420647621155
4.244484305381775
4.244715332984924
4.2447726130485535
4.276277810335159
4.27634984254837
4.353314012289047
4.353379875421524
4.471447050571442
4.471504032611847
4.465969145298004
4.466035217046738
4.486949473619461
4.487014472484589
4.545732885599136
4.545803934335709
4.619929850101471
4.61999648809433
4.630647122859955
4.630710393190384
4.683269649744034
4.6833325028419495
4.665374904870987
4.665429264307022
4.765071153640747
4.765128523111343
4.80330815911293
4.8033751249313354
4.8655626475811005
4.865621119737625
4.7895216047763824
4.789582252502441
4.836942970752716
4.837008386850357
4.859040766954422
4.859104156494141
5.026667386293411
5.026749104261398
4.952218592166901
4.95227786898613
5.012814611196518
5.012887746095657
4.996228635311127
4.996291548013687
5.296267747879028
5.296333461999893
5.222358375787735
5.222435116767883
5.257394760847092
5.257481187582016
5.416202127933502
5.416267454624176
5.470213860273361
5.470292538404465
5.517051875591278
5.517122358083725
5.615227222442627
5.615317195653915
5.5445742309093475
5.544637620449066
5.619842052459717
5.619906187057495
5.7126376032829285
5.712695389986038
5.621231555938721
5.621334284543991
5.651472240686417
5.65154567360878
6.02434915304184
6.024456679821014
5.817149341106415
5.817235082387924
6.013747751712799
6.013811022043228
6.283980369567871
6.284041851758957
6.30461522936821
6.304718047380447
6.489020824432373
6.489077568054199
6.428530156612396
6.428611636161804
6.349798500537872
6.3498775362968445
6.483973205089569
6.484052777290344
6.460193514823914
6.460257351398468
6.669883698225021
6.66995233297348
6.687419146299362
6.687503904104233
6.537209123373032
6.537268877029419
7.003931552171707
7.004035204648972
7.315416514873505
7.315511614084244
7.027443528175354
7.027503401041031
6.777517914772034
6.777579367160797
7.262306958436966
7.262379080057144
7.326022088527679
7.326151996850967
7.38782924413681
7.387893855571747
7.343336135149002
7.343405902385712
7.457976341247559
7.4580351412296295
7.559859663248062
7.559922516345978
7.836731880903244
7.8367959856987
7.773870587348938
7.773931980133057
7.834476500749588
7.834540098905563
8.01894661784172
8.01901125907898
7.997144252061844
7.99720624089241
7.925021111965179
7.92510050535202
8.062243074178696
8.062300890684128
8.246640086174011
8.246719926595688
8.383308500051498
8.383389502763748
8.372951358556747
8.373020708560944
8.25972780585289
8.25981929898262
8.351526618003845
8.351595759391785
8.503090858459473
8.503155648708344
8.739315152168274
8.739379495382309
8.461607813835144
8.46167728304863
8.649372637271881
8.649439632892609
8.734309732913971
8.734377473592758
8.863933444023132
8.86399593949318
9.102655410766602
9.102735161781311
9.46032640337944
9.460392266511917
9.597658216953278
9.597730964422226
9.740492135286331
9.740563750267029
9.963102251291275
9.963189333677292
9.958607017993927
9.958698868751526
10.604729115962982
10.604803025722504
10.485845357179642
10.485920876264572
11.21646299958229
11.216538965702057
11.116798281669617
11.116872251033783
11.692956030368805
11.693058162927628
11.879565596580505
11.879634827375412
12.44935017824173
12.449428588151932
12.655000895261765
12.655067026615143
12.685181081295013
12.685269981622696
13.416118919849396
13.41619399189949
13.43203929066658
13.43211817741394
13.500359266996384
13.500427812337875
14.013245105743408
14.013333290815353
14.482311308383942
14.482383131980896
14.446156620979309
14.446221888065338
14.717469900846481
14.717546284198761
15.457854837179184
15.457924485206604
15.281002879142761
15.281076341867447
15.67874139547348
15.678812354803085
15.370603382587433
15.370670884847641
16.1934312582016
16.193495482206345
16.152263700962067
16.15232813358307
16.27408105134964
16.274154871702194
16.445976972579956
16.44604590535164
16.805588752031326
16.805654525756836
17.057776540517807
17.057871788740158
17.866887032985687
17.866950392723083
17.713445276021957
17.713507384061813
18.146056354045868
18.14612764120102
18.275270223617554
18.275338500738144
18.2332224547863
18.23330196738243
18.712800204753876
18.712869495153427
18.84062248468399
18.840700089931488
19.489148408174515
19.489218175411224
19.422201603651047
19.422279596328735
19.69334626197815
19.693414598703384
19.81784290075302
19.817920356988907
20.25995221734047
20.2600154876709
20.820991843938828
20.821060568094254
20.69905087351799
20.69912001490593
20.874404460191727
20.874490588903427
20.567293733358383
20.567363739013672
20.928579032421112
20.928650617599487
21.73052877187729
21.730594992637634
21.41399222612381
21.414076507091522
21.936187207698822
21.93625298142433
22.412500023841858
22.412575751543045
22.070020526647568
22.070091784000397
22.426936626434326
22.427008002996445
22.435246914625168
22.43531545996666
23.126793950796127
23.12686738371849
23.290839344263077
23.290908992290497
22.699055522680283
22.69913810491562
23.86203572154045
23.862112522125244
24.077566474676132
24.07764458656311
24.187013149261475
24.187081903219223
24.14675134420395
24.146828025579453
24.75451561808586
24.75458663702011
24.73371547460556
24.733785033226013
24.890123307704926
24.89018353819847
24.949588358402252
24.94965696334839
24.86640641093254
24.866475611925125
25.23088636994362
25.23097512125969
25.386390507221222
25.38646560907364
25.42575654387474
25.425826132297516
25.276674836874008
25.276737242937088
25.695795714855194
25.695864498615265
25.380883425474167
25.380956262350082
26.159268617630005
26.159339249134064
26.487468361854553
26.48756304383278
26.459662586450577
26.459728449583054
26.250255405902863
26.250313371419907
25.778471648693085
25.778533428907394
25.87941774725914
25.879484444856644
25.989569395780563
25.98963224887848
26.249867469072342
26.249944508075714
25.674730211496353
25.674818098545074
25.96351271867752
25.963580816984177
26.202531337738037
26.202588140964508
26.52054837346077
26.520609200000763
26.55119627714157
26.5512652695179
26.84826159477234
26.84832412004471
26.47607785463333
26.47615674138069
26.21050462126732
26.210569739341736
26.318981528282166
26.31904709339142
26.262572646141052
26.26265251636505
25.967852890491486
25.96794205904007
26.34433361887932
26.344399720430374
26.1849425137043
26.18502938747406
26.236747205257416
26.23682391643524
26.69538277387619
26.69544804096222
26.510135293006897
26.510193467140198
26.356710731983185
26.356770008802414
26.14201146364212
26.142080277204514
25.80265110731125
25.802721738815308
25.94626760482788
25.94633236527443
26.33974826335907
26.339809238910675
26.489682257175446
26.489749044179916
26.282171458005905
26.282248228788376
26.870578587055206
26.870642215013504
26.522821068763733
26.522885531187057
26.28167426586151
26.281738251447678
26.69429239630699
26.694359749555588
26.35827550292015
26.358342856168747
27.30282548069954
27.30289852619171
27.005240231752396
27.005307346582413
27.123094499111176
27.123210906982422
27.160091817378998
27.160155057907104
27.54533225297928
27.545396119356155
27.31971737742424
27.319776087999344
27.407454043626785
27.407516658306122
27.4713094830513
27.471390306949615
27.885187417268753
27.885253071784973
27.51967364549637
27.519746124744415
27.392782747745514
27.392854124307632
27.150312960147858
27.15039172768593
26.849967777729034
26.850024491548538
26.789241313934326
26.789301216602325
27.34923017024994
27.349302798509598
27.07258141040802
27.07266926765442
27.533884823322296
27.53396636247635
27.92817071080208
27.928242951631546
28.172990769147873
28.173072785139084
27.90127804875374
27.901349037885666
27.813339412212372
27.813396155834198
27.465350180864334
27.465414345264435
27.486289620399475
27.486365973949432
27.014674246311188
27.014762043952942
26.96241107583046
26.96247524023056
26.856212824583054
26.85628306865692
27.002026736736298
27.002096742391586
27.192126750946045
27.1922487616539
27.362491995096207
27.362561732530594
27.058042496442795
27.058108419179916
26.85237881541252
26.852438390254974
27.13214737176895
27.13221964240074
28.06110990047455
28.061184138059616
28.217848390340805
28.217921406030655
27.865023851394653
27.86508870124817
28.030852109193802
28.030942916870117
27.56704741716385
27.56711581349373
27.79021665453911
27.79028880596161
27.54105168581009
27.541125148534775
28.115984827280045
28.116053193807602
28.12792819738388
28.12799182534218
28.49875110387802
28.49882423877716
28.444377779960632
28.444449096918106
28.065449237823486
28.065524101257324
27.93204739689827
27.932121098041534
28.27078089118004
28.270852506160736
28.51941278576851
28.519481748342514
28.31683573126793
28.3169042468071
28.40680092573166
28.406858772039413
27.90573889017105
27.905813455581665
28.049319744110107
28.04938668012619
28.328909516334534
28.328984886407852
28.187393724918365
28.187456905841827
28.115487217903137
28.115576148033142
28.029353469610214
28.02941420674324
27.838361382484436
27.838425487279892
27.839893490076065
27.839968651533127
27.924878537654877
27.924948543310165
28.269871830940247
28.269934833049774
28.75608339905739
28.756155133247375
28.574273228645325
28.574341356754303
28.18490767478943
28.184983283281326
28.951847225427628
28.95191279053688
28.74267876148224
28.742740780115128
28.65463674068451
28.654714584350586
28.763549655675888
28.763614416122437
29.05661964416504
29.056682258844376
28.82540515065193
28.82547014951706
28.718727350234985
28.718798726797104
28.613618105649948
28.61367630958557
28.545079827308655
28.545138716697693
28.03483659029007
28.03490376472473
28.1913985311985
28.19148951768875
28.27266764640808
28.272732883691788
28.32584422826767
28.32591274380684
28.980799347162247
28.980865955352783
29.400792121887207
29.400883615016937
29.662319123744965
29.662388503551483
29.806356579065323
29.806425601243973
29.570233523845673
29.57029888033867
29.51535341143608
29.51541578769684
29.243289351463318
29.243348747491837
29.25621125102043
29.25627887248993
28.805885016918182
28.80594751238823
29.456262707710266
29.45633375644684
29.492558002471924
29.492627531290054
28.974671214818954
28.974779725074768
29.0352500975132
29.03533074259758
28.921730428934097
28.921810656785965
28.700032979249954
28.700094491243362
28.691925764083862
28.692001283168793
28.4706352353096
28.470708787441254
28.913298189640045
28.913367807865143
28.85953712463379
28.85960739850998
29.238693594932556
29.238788723945618
28.722927659749985
28.72299775481224
28.4214446246624
28.42151790857315
29.412736296653748
29.412854194641113
29.469795018434525
29.469868808984756
29.150529235601425
29.150605082511902
29.149336755275726
29.149402648210526
29.31583896279335
29.315918445587158
29.697940170764923
29.698006004095078
29.60944664478302
29.609519362449646
29.487530887126923
29.487602025270462
29.63689547777176
29.63696449995041
30.093560814857483
30.093630343675613
30.06226697564125
30.06233212351799
30.140674620866776
30.140745043754578
29.950111120939255
29.950177371501923
30.34647524356842
30.346551477909088
29.959161669015884
29.959229350090027
29.359168231487274
29.35923746228218
29.84306064248085
29.843119263648987
29.564734131097794
29.564804524183273
29.623946964740753
29.624044865369797
29.58908912539482
29.589198887348175
29.391705751419067
29.391795843839645
29.560160160064697
29.560230433940887
29.57150787115097
29.571592092514038
30.57838973402977
30.57846251130104
29.89285495877266
29.89293298125267
30.149222016334534
30.149318128824234
30.332913517951965
30.332991123199463
30.190279364585876
30.190341353416443
30.42585465312004
30.425922393798828
30.43826910853386
30.438328593969345
29.99543648958206
29.99551311135292
30.17865166068077
30.178722828626633
30.113635182380676
30.11373460292816
29.822478473186493
29.822538882493973
30.002741038799286
30.002809524536133
29.720838725566864
29.720913857221603
29.95146870613098
29.951546907424927
30.064279049634933
30.0643470287323
30.645898163318634
30.645962476730347
30.491790533065796
30.491853505373
30.473901987075806
30.473968893289566
30.38084352016449
30.380912125110626
30.405033141374588
30.405094116926193
30.4136323928833
30.41370925307274
30.643683344125748
30.643762469291687
30.460343599319458
30.46040764451027
30.482186913490295
30.482265919446945
30.59494239091873
30.59501013159752
30.679776906967163
30.67985111474991
30.749426066875458
30.74960795044899
30.318337470293045
30.318408727645874
30.66917523741722
30.669234663248062
31.266280621290207
31.266370564699173
31.091082274913788
31.091149747371674
30.82571107149124
30.82577136158943
31.294390976428986
31.294466704130173
31.174105256795883
31.1741661131382
31.316372364759445
31.316481202840805
31.239370733499527
31.239441633224487
31.05920135974884
31.05927926301956
31.027299791574478
31.02740502357483
30.771605223417282
30.771667957305908
30.80647960305214
30.80654689669609
30.910759657621384
30.910821855068207
31.05097085237503
31.0510256588459
31.511880934238434
31.511952936649323
31.11698603630066
31.117047548294067
31.216485738754272
31.21654760837555
30.97333601117134
30.97340700030327
