4.6609485149383545
4.661016583442688
4.6611011028289795
4.661169052124023
4.698870420455933
4.699285864830017
4.6993619203567505
4.699423432350159
4.928438901901245
4.92853045463562
4.928606986999512
4.928664565086365
4.921399116516113
4.921470046043396
4.92153012752533
4.921585559844971
4.922205448150635
4.922269582748413
4.922326922416687
4.922384023666382
4.890469551086426
4.890530109405518
4.890586018562317
4.890663027763367
5.275520443916321
5.275581002235413
5.275638818740845
5.275691986083984
5.230423450469971
5.230484485626221
5.230542540550232
5.230595946311951
5.1768094301223755
5.176865935325623
5.176920533180237
5.1769700050354
5.198475956916809
5.198535442352295
5.198611497879028
5.198695063591003
5.153409004211426
5.153468012809753
5.1535279750823975
5.153579473495483
5.180050611495972
5.180116057395935
5.180172085762024
5.180222153663635
5.040519952774048
5.040575385093689
5.040627360343933
5.0406763553619385
5.08518385887146
5.085242986679077
5.08529794216156
5.085348963737488
5.004877924919128
5.004937052726746
5.0049920082092285
5.005043983459473
5.129365563392639
5.129425048828125
5.129481077194214
5.129533052444458
5.133223533630371
5.13327944278717
5.133333921432495
5.133385062217712
5.113836407661438
5.113893985748291
5.113947868347168
5.113999009132385
5.0288355350494385
5.028895020484924
5.028948903083801
5.02899956703186
5.070991396903992
5.071049332618713
5.071103930473328
5.071154475212097
5.060400485992432
5.060458064079285
5.060512542724609
5.060564041137695
5.067264556884766
5.067323565483093
5.067379593849182
5.067432522773743
5.220955967903137
5.221015453338623
5.221070408821106
5.221122980117798
5.192916512489319
5.192997455596924
5.193058967590332
5.193111896514893
5.301236033439636
5.3012940883636475
5.301348567008972
5.301400065422058
5.145974040031433
5.146030068397522
5.146082639694214
5.146133065223694
5.118215560913086
5.118274092674255
5.1183295249938965
5.118382573127747
5.101538062095642
5.101593613624573
5.1016480922698975
5.101698517799377
5.036006569862366
5.036062955856323
5.036116003990173
5.036166548728943
5.338172078132629
5.338229537010193
5.338283538818359
5.338334083557129
5.510242581367493
5.510300040245056
5.5103535652160645
5.510404586791992
5.636840581893921
5.636898517608643
5.636952996253967
5.637003064155579
5.470878481864929
5.47093653678894
5.470991611480713
5.4710434675216675
5.42627215385437
5.426328063011169
5.426381587982178
5.4264326095581055
5.1635143756866455
5.1635719537734985
5.163626432418823
5.163676977157593
5.393406510353088
5.393463969230652
5.393516898155212
5.393566966056824
5.37502646446228
5.375120997428894
5.375186562538147
5.37525999546051
5.147392511367798
5.147450923919678
5.147505521774292
5.147557497024536
5.11851692199707
5.118574380874634
5.11862850189209
5.118679523468018
5.545930504798889
5.545987606048584
5.546046495437622
5.546097993850708
5.392338037490845
5.392394065856934
5.392448544502258
5.392499566078186
5.1439080238342285
5.143966436386108
5.144029498100281
5.144087553024292
5.243046998977661
5.243106007575989
5.243162035942078
5.243214011192322
5.213134169578552
5.213195562362671
5.213252067565918
5.213305473327637
5.192169547080994
5.192226052284241
5.192279934883118
5.192340016365051
5.5561195611953735
5.556178092956543
5.556233048439026
5.556283593177795
5.408163547515869
5.408220529556274
5.408276557922363
5.40832793712616
5.386049389839172
5.386104941368103
5.386157870292664
5.386208891868591
5.342377066612244
5.342433571815491
5.342486500740051
5.342537045478821
5.3371570110321045
5.337218403816223
5.337272524833679
5.337324380874634
5.499248027801514
5.4993075132369995
5.49936306476593
5.499414563179016
5.329105854034424
5.329165816307068
5.3292224407196045
5.329274415969849
5.465831995010376
5.465888977050781
5.465942978858948
5.4659940004348755
5.474252939224243
5.47431492805481
5.474372506141663
5.474425435066223
5.604538559913635
5.604598522186279
5.604662537574768
5.604717493057251
5.576776027679443
5.576837539672852
5.576894998550415
5.57694947719574
5.558322906494141
5.558385014533997
5.558441996574402
5.558520555496216
5.509922385215759
5.5099804401397705
5.510035037994385
5.510086536407471
5.537450551986694
5.537505626678467
5.537557601928711
5.5376070737838745
5.503800988197327
5.50385856628418
5.503912448883057
5.503963470458984
5.46911895275116
5.469177961349487
5.469233393669128
5.469284892082214
5.515596985816956
5.515655040740967
5.5157105922698975
5.515761971473694
5.494607448577881
5.494664430618286
5.494806885719299
5.494865417480469
5.464464545249939
5.464521527290344
5.464576482772827
5.464627504348755
5.489221453666687
5.48927903175354
5.489334464073181
5.489387035369873
5.828588604927063
5.828645586967468
5.8287025690078735
5.8287540674209595
5.537151455879211
5.5372114181518555
5.537269949913025
5.537328004837036
5.527568936347961
5.527628064155579
5.527684450149536
5.527737021446228
5.498356938362122
5.498415946960449
5.498471975326538
5.498564958572388
5.647503018379211
5.647563457489014
5.647619962692261
5.647673487663269
5.636847972869873
5.636905550956726
5.636960506439209
5.6370121240615845
5.784292101860046
5.784350633621216
5.784404993057251
5.7844566106796265
5.575702428817749
5.57575798034668
5.575813412666321
5.575863838195801
5.6973124742507935
5.697369933128357
5.697426438331604
5.697479009628296
5.750264048576355
5.750322461128235
5.750377416610718
5.750428557395935
5.904121994972229
5.904185056686401
5.904242515563965
5.904296398162842
5.866777539253235
5.866837978363037
5.866894006729126
5.866949558258057
5.915313959121704
5.915372967720032
5.915428996086121
5.915480971336365
5.880125403404236
5.880183935165405
5.880239963531494
5.880291938781738
5.848326921463013
5.8483864068984985
5.848441958427429
5.848495364189148
5.811028480529785
5.811088442802429
5.811143517494202
5.811200976371765
5.7941895723342896
5.794252514839172
5.794310092926025
5.794363498687744
6.001416563987732
6.00147557258606
6.001532077789307
6.0016056299209595
6.0081645250320435
6.008221983909607
6.008277058601379
6.008329629898071
5.846341490745544
5.8463990688323975
5.84645402431488
5.846506118774414
5.826962947845459
5.827022075653076
5.827077031135559
5.827128529548645
5.828116536140442
5.828177094459534
5.828233957290649
5.828287482261658
5.797179579734802
5.797240972518921
5.797325611114502
5.797388076782227
5.877160429954529
5.877219915390015
5.877276420593262
5.877330541610718
6.186326503753662
6.1863850355148315
6.186439037322998
6.186490416526794
6.142070055007935
6.142128586769104
6.142185091972351
6.142237544059753
6.212202548980713
6.212262988090515
6.212318062782288
6.21237051486969
6.1922584772109985
6.192316889762878
6.192372441291809
6.192439436912537
6.3138920068740845
6.313952922821045
6.314010500907898
6.314064383506775
6.166309475898743
6.166368007659912
6.166427493095398
6.1664799451828
6.168738484382629
6.168797016143799
6.168854475021362
6.168908476829529
6.317412614822388
6.317484974861145
6.317545533180237
6.3176010847091675
6.308138012886047
6.3082005977630615
6.308259010314941
6.308313012123108
6.333008050918579
6.3330711126327515
6.33315908908844
6.333218097686768
6.415698528289795
6.415758967399597
6.415815591812134
6.415869116783142
6.398195505142212
6.398253440856934
6.398308992385864
6.398361921310425
6.385686993598938
6.385746479034424
6.385802984237671
6.385856032371521
6.354519486427307
6.354577541351318
6.354634046554565
6.354706525802612
6.310697913169861
6.310765504837036
6.310823082923889
6.310876965522766
6.534941554069519
6.534999132156372
6.535055994987488
6.535109043121338
6.522465467453003
6.5225430727005005
6.522612571716309
6.5226686000823975
6.481910943984985
6.4819724559783936
6.482029438018799
6.4820839166641235
6.45225191116333
6.452313423156738
6.452371954917908
6.452426552772522
6.558176875114441
6.558287501335144
6.558390021324158
6.558582425117493
6.529407382011414
6.529470801353455
6.529532432556152
6.529619455337524
6.5246803760528564
6.524754881858826
6.524817943572998
6.524877429008484
6.5073195695877075
6.507384657859802
6.507464528083801
6.507524132728577
7.134688973426819
7.134751558303833
7.1348090171813965
7.134862542152405
7.739311099052429
7.7393715381622314
7.739425539970398
7.73948061466217
7.709365010261536
7.709425449371338
7.709478497505188
7.70953106880188
7.738281011581421
7.738349080085754
7.738403081893921
7.738482475280762
7.838319420814514
7.8383790254592896
7.83843195438385
7.838483929634094
7.8171398639678955
7.817202925682068
7.817256927490234
7.817311406135559
7.839844584465027
7.839904069900513
7.839957118034363
7.840010166168213
7.896715998649597
7.896774888038635
7.896828055381775
7.8968809843063354
7.974346876144409
7.974408984184265
7.974462509155273
7.974516034126282
7.949272036552429
7.949360966682434
7.9494404792785645
7.949501037597656
7.90059506893158
7.9006569385528564
7.900733947753906
7.900789022445679
7.953009486198425
7.953069567680359
7.953123569488525
7.953178524971008
7.947450041770935
7.947511911392212
7.94756555557251
7.94761848449707
8.029302954673767
8.029366493225098
8.029420495033264
8.029473543167114
8.002003073692322
8.00206458568573
8.002118587493896
8.002171516418457
7.977516531944275
7.977576494216919
7.977629542350769
7.97768247127533
7.924729943275452
7.924790978431702
7.92484438419342
7.924897909164429
7.9139134883880615
7.913971900939941
7.914024472236633
7.914077401161194
7.863284468650818
7.863347411155701
7.863401889801025
7.863455891609192
7.918377995491028
7.918438911437988
7.918493032455444
7.918545484542847
7.8974210023880005
7.897480845451355
7.897533416748047
7.897585868835449
7.851140022277832
7.851201057434082
7.851254463195801
7.851307988166809
7.835073828697205
7.83513331413269
7.835187315940857
7.835241913795471
8.313296437263489
8.313358068466187
8.313414931297302
8.313469052314758
8.27947461605072
8.279533624649048
8.279585719108582
8.279638528823853
8.115842938423157
8.115904927253723
8.11595892906189
8.116011500358582
8.203530550003052
8.203592538833618
8.203645467758179
8.203699588775635
8.153050422668457
8.153110980987549
8.15316390991211
8.15321695804596
8.050628542900085
8.050690531730652
8.050744533538818
8.050798058509827
8.067613005638123
8.06767451763153
8.067728519439697
8.067787051200867
8.116037845611572
8.116100430488586
8.116154909133911
8.116209983825684
7.976377010345459
7.976437568664551
7.976491570472717
7.976545572280884
8.108685612678528
8.10874605178833
8.108800053596497
8.108854055404663
7.989212989807129
7.989276647567749
7.989331603050232
7.989387512207031
8.09915566444397
8.099219560623169
8.099276065826416
8.099331140518188
8.135187864303589
8.135249972343445
8.135304927825928
8.13535988330841
8.231334567070007
8.231397151947021
8.231467008590698
8.231536030769348
8.157554984092712
8.15761649608612
8.157670974731445
8.157724976539612
8.246320962905884
8.246383905410767
8.246438026428223
8.246492505073547
8.239589095115662
8.239650964736938
8.239706039428711
8.239760041236877
8.230268120765686
8.230329632759094
8.230384111404419
8.23043966293335
8.163336873054504
8.16339898109436
8.163452386856079
8.16353952884674
8.102404475212097
8.102465391159058
8.102569460868835
8.102635502815247
8.163583993911743
8.163648009300232
8.163708925247192
8.16380488872528
8.170979976654053
8.1710444688797
8.171100497245789
8.17115592956543
8.1884104013443
8.188472390174866
8.188549876213074
8.188621878623962
8.441709995269775
8.44177496433258
8.44183599948883
8.44189190864563
8.318589568138123
8.318653583526611
8.318708539009094
8.318763494491577
8.302990436553955
8.303053379058838
8.30310845375061
8.3031644821167
8.300320029258728
8.3003910779953
8.300745010375977
8.30089795589447
8.322320461273193
8.32239294052124
8.322450399398804
8.322508454322815
8.488847136497498
8.488911509513855
8.488967418670654
8.48902451992035
8.289335012435913
8.289397478103638
8.28945505619049
8.289613008499146
8.293415546417236
8.293479442596436
8.293534994125366
8.293591618537903
8.413272619247437
8.413333535194397
8.41338849067688
8.413460493087769
8.52448296546936
8.524548530578613
8.524603962898254
8.524659395217896
8.473886489868164
8.473949432373047
8.474004030227661
8.474061489105225
8.501623034477234
8.501734495162964
8.501798510551453
8.501856565475464
8.499972462654114
8.500037908554077
8.500093936920166
8.500148892402649
8.51793348789215
8.517996430397034
8.518050909042358
8.518105864524841
8.923604607582092
8.923666596412659
8.9237220287323
8.923778057098389
8.953129529953003
8.953195095062256
8.953251123428345
8.95330810546875
8.90992546081543
8.90999150276184
8.910046935081482
8.91010296344757
8.892083048820496
8.892144441604614
8.892199516296387
8.892256021499634
8.804339528083801
8.804437518119812
8.804494976997375
8.804559588432312
8.793338060379028
8.793400526046753
8.793456435203552
8.793512105941772
8.639764428138733
8.639829397201538
8.639885902404785
8.639943957328796
8.624675035476685
8.624738931655884
8.624832034111023
8.624902486801147
8.756108403205872
8.756193995475769
8.756330490112305
8.756388902664185
8.731569409370422
8.731633424758911
8.731689453125
8.731747388839722
8.621904850006104
8.621967434883118
8.6220223903656
8.622080445289612
8.98713207244873
8.987223982810974
8.987282514572144
8.987339496612549
9.038570523262024
9.038634061813354
9.038689494132996
9.038745045661926
8.821832537651062
8.821893572807312
8.821949005126953
8.822004556655884
8.80632197856903
8.806384444236755
8.80643892288208
8.80649447441101
8.771229028701782
8.771291613578796
8.771346926689148
8.771402478218079
8.817092895507812
8.81715703010559
8.817212462425232
8.81726849079132
8.922535419464111
8.9225994348526
8.92265498638153
8.922710537910461
8.753143906593323
8.753208875656128
8.753264427185059
8.753321409225464
8.739907026290894
8.739971041679382
8.740034580230713
8.740269541740417
9.162305474281311
9.162388443946838
9.162445902824402
9.162502884864807
9.279255032539368
9.279319524765015
9.279375553131104
9.279430627822876
9.168278932571411
9.168341517448425
9.168401002883911
9.168455958366394
9.259769439697266
9.259833455085754
9.259888529777527
9.259943962097168
9.110369563102722
9.110430121421814
9.11048448085785
9.110539078712463
9.09746241569519
9.097525000572205
9.09757947921753
9.097638964653015
9.084654569625854
9.08471691608429
9.08477246761322
9.084828495979309
9.123659133911133
9.123722553253174
9.123778104782104
9.123833537101746
9.112846970558167
9.112944483757019
9.113002061843872
9.113057971000671
9.080158472061157
9.08030104637146
9.080358982086182
9.080413937568665
9.048192024230957
9.048255562782288
9.048311471939087
9.04836654663086
9.020774126052856
9.020857095718384
9.020913004875183
9.020968079566956
9.25266695022583
9.252729535102844
9.252784013748169
9.25283944606781
9.181603074073792
9.18166708946228
9.181722044944763
9.181776523590088
9.306821584701538
9.306886076927185
9.306941032409668
9.306997060775757
9.409519076347351
9.409581065177917
9.4096360206604
9.40969204902649
9.234411001205444
9.234474420547485
9.234529495239258
9.234585404396057
9.199450016021729
9.199512481689453
9.199567079544067
9.199621558189392
9.354724526405334
9.354787588119507
9.354841470718384
9.354896068572998
9.396503925323486
9.3965665102005
9.396620988845825
9.396675944328308
9.270722031593323
9.270796537399292
9.27085292339325
9.270909905433655
9.364477038383484
9.364562392234802
9.36465847492218
9.36474347114563
9.508646011352539
9.508768439292908
9.508854508399963
9.508957028388977
9.571277499198914
9.571382999420166
9.571457505226135
9.571534514427185
9.54732596874237
9.547451496124268
9.547511458396912
9.547574996948242
9.753934025764465
9.754008054733276
9.754066109657288
9.754122972488403
9.751627564430237
9.751689910888672
9.751745462417603
9.751802563667297
9.723227620124817
9.723292112350464
9.723347544670105
9.723402976989746
9.705610990524292
9.705673456192017
9.705728530883789
9.705783486366272
9.622047066688538
9.622109532356262
9.622164607048035
9.622219562530518
9.738383412361145
9.738446950912476
9.738502502441406
9.738558411598206
9.662235975265503
9.662315487861633
9.662372827529907
9.662433385848999
9.651394128799438
9.651458024978638
9.651513576507568
9.651568055152893
9.746422529220581
9.746487021446228
9.74654245376587
9.746598482131958
9.718511939048767
9.718602538108826
9.718660950660706
9.718718409538269
9.849085450172424
9.849149465560913
9.849204540252686
9.849260449409485
9.81978452205658
9.819845914840698
9.81990098953247
9.819955945014954
9.705370903015137
9.70543348789215
9.705487370491028
9.70554232597351
9.688730478286743
9.688840389251709
9.689231872558594
9.689648866653442
9.821920394897461
9.821981430053711
9.822036504745483
9.822090983390808
9.79189646244049
9.791959047317505
9.792014956474304
9.792136430740356
9.844349026679993
9.844413042068481
9.844469428062439
9.844525575637817
9.814042091369629
9.81410300731659
9.814157485961914
9.814213514328003
9.794486045837402
9.794549942016602
9.79460597038269
9.794662952423096
9.761760473251343
9.761827945709229
9.761884450912476
9.761972427368164
10.344646453857422
10.344708442687988
10.344772934913635
10.344833970069885
11.045202016830444
11.045264482498169
11.045319080352783
11.045375108718872
11.066673517227173
11.06675410270691
11.066814064979553
11.066871047019958
11.05910050868988
11.05919098854065
11.059257984161377
11.059330940246582
11.033989071846008
11.034049987792969
11.034104108810425
11.034160017967224
11.104815483093262
11.104877471923828
11.104931950569153
11.104986906051636
11.093161582946777
11.093223571777344
11.093278527259827
11.093335509300232
11.193233966827393
11.193297982215881
11.193356037139893
11.193413376808167
11.169421076774597
11.169483542442322
11.16957712173462
11.16964304447174
11.15608298778534
11.15619695186615
11.156265020370483
11.156324028968811
11.117802500724792
11.117864489555359
11.117919921875
11.117977976799011
11.117127418518066
11.117189884185791
11.117244958877563
11.117303490638733
11.10192346572876
11.101983308792114
11.102038860321045
11.102096915245056
11.040260434150696
11.04032301902771
11.040379047393799
11.040436506271362
11.019330382347107
11.019392967224121
11.01944887638092
11.019505381584167
11.050920486450195
11.050983428955078
11.051039457321167
11.051098465919495
11.033419966697693
11.033481478691101
11.033536434173584
11.033592939376831
11.0791574716568
11.07922101020813
11.079277992248535
11.079337000846863
11.18790054321289
11.18803608417511
11.188094973564148
11.188153505325317
11.051756978034973
11.051820039749146
11.051876425743103
11.051934480667114
11.054400563240051
11.054471135139465
11.054527044296265
11.054585099220276
11.180826902389526
11.180891036987305
11.181290984153748
11.181354999542236
11.447952032089233
11.448014497756958
11.448071002960205
11.448128938674927
11.41365647315979
11.413717985153198
11.413773536682129
11.413830041885376
11.360433459281921
11.360495924949646
11.360552549362183
11.360663056373596
11.626062512397766
11.626125454902649
11.626181483268738
11.62623941898346
11.553736448287964
11.553852915763855
11.553914427757263
11.553974390029907
11.514025568962097
11.514089584350586
11.514145612716675
11.514203548431396
11.29127049446106
11.291352033615112
11.291410446166992
11.291468977928162
11.540613651275635
11.54067862033844
11.540751695632935
11.540823698043823
11.853296041488647
11.85335898399353
11.853440523147583
11.853512525558472
11.804136157035828
11.804199576377869
11.804255604743958
11.804313063621521
11.757001876831055
11.757066369056702
11.757123351097107
11.757224917411804
11.533819556236267
11.533882021903992
11.533938527107239
11.533996105194092
11.882904529571533
11.882964968681335
11.883020520210266
11.883121013641357
11.834404826164246
11.834468483924866
11.834524393081665
11.834581971168518
11.833906531333923
11.833966970443726
11.834022521972656
11.834079504013062
11.88502299785614
11.885084390640259
11.88513994216919
11.885197401046753
11.676473379135132
11.67653751373291
11.676593542098999
11.676649451255798
11.921002507209778
11.921074509620667
11.92113208770752
11.921190023422241
11.822354912757874
11.822418928146362
11.822474956512451
11.822532415390015
11.799054503440857
11.799119472503662
11.79917597770691
11.799234509468079
11.694482445716858
11.694543480873108
11.694599986076355
11.694656491279602
11.50378406047821
11.503847002983093
11.503903031349182
11.503960132598877
11.495651006698608
11.495715022087097
11.495772957801819
11.495830535888672
11.47141945362091
11.47154152393341
11.471608996391296
11.471670985221863
11.454514026641846
11.454575538635254
11.454630970954895
11.454689502716064
11.426847457885742
11.426911473274231
11.426969408988953
11.427027940750122
11.767550110816956
11.767611026763916
11.767666578292847
11.767724514007568
11.390751004219055
11.390812516212463
11.390868067741394
11.390925168991089
11.372796535491943
11.372859477996826
11.372915506362915
11.37297260761261
11.363878965377808
11.363940477371216
11.363996863365173
11.364054918289185
11.675255060195923
11.675318002700806
11.675374507904053
11.675432562828064
11.62332546710968
11.623385071754456
11.623439908027649
11.623496413230896
12.025976538658142
12.026039600372314
12.026096105575562
12.026156067848206
11.867472887039185
11.867535829544067
11.867591857910156
11.867648363113403
11.84407651424408
11.844140529632568
11.844197511672974
11.844254493713379
11.815128564834595
11.815192580223083
11.815247535705566
11.815305590629578
11.805503487586975
11.805567979812622
11.805627465248108
11.80568540096283
11.915841579437256
11.91590404510498
11.91596007347107
11.916017532348633
11.934094548225403
11.934193968772888
11.934255480766296
11.934314012527466
11.9260733127594
11.926140904426575
11.926198363304138
11.926256895065308
11.902514934539795
11.902591943740845
11.902670860290527
11.902739405632019
11.889904618263245
11.889992117881775
11.890051484107971
11.890112042427063
11.862910985946655
11.862975001335144
11.863031387329102
11.863089442253113
11.829349517822266
11.829413056373596
11.829469084739685
11.829524993896484
11.778831124305725
11.77889609336853
11.77895712852478
11.779015064239502
12.100934386253357
12.100998044013977
12.101053953170776
12.101111054420471
12.082945466041565
12.083006978034973
12.083062410354614
12.083119511604309
12.205161929130554
12.205226063728333
12.205281972885132
12.205339431762695
12.086202025413513
12.086282968521118
12.086348533630371
12.086406946182251
12.074382901191711
12.07448697090149
12.074546933174133
12.074670433998108
12.225245118141174
12.225393652915955
12.225489139556885
12.225550174713135
12.205429077148438
12.20550811290741
12.205614447593689
12.205724477767944
12.025964975357056
12.02602744102478
12.026082515716553
12.026139974594116
12.555086493492126
12.55517852306366
12.55525016784668
12.555311679840088
12.485204458236694
12.485268592834473
12.485325574874878
12.485414981842041
12.349422931671143
12.349485516548157
12.349540948867798
12.349598407745361
12.49496603012085
12.495028018951416
12.495084047317505
12.495142459869385
12.310181021690369
12.31024694442749
12.310303926467896
12.310361981391907
12.499236583709717
12.499297142028809
12.499352097511292
12.49940812587738
12.54758596420288
12.547649502754211
12.547706484794617
12.547766089439392
12.533384084701538
12.53345000743866
12.533506989479065
12.533564925193787
12.495324969291687
12.495415925979614
12.495505928993225
12.495568990707397
12.28407597541809
12.28414499759674
12.284202575683594
12.284260988235474
12.269665956497192
12.269729018211365
12.269788026809692
12.269845604896545
12.243280053138733
12.243428945541382
12.243510484695435
12.24357807636261
12.494547963142395
12.494611501693726
12.494694113731384
12.494763970375061
12.468085646629333
12.468149065971375
12.468205571174622
12.468262553215027
12.456116557121277
12.456315040588379
12.456470489501953
12.456700086593628
12.612308025360107
12.612370491027832
12.612426519393921
12.612483501434326
12.733573079109192
12.7336345911026
12.733690023422241
12.733747601509094
12.701014041900635
12.701074957847595
12.701130509376526
12.701187014579773
12.71100389957428
12.711066961288452
12.711122870445251
12.711181998252869
12.67867648601532
12.678738355636597
12.678793907165527
12.678851962089539
12.648861527442932
12.648924589157104
12.648980617523193
12.649038076400757
12.633582949638367
12.633644938468933
12.633700489997864
12.633757591247559
12.972823143005371
12.972888588905334
12.972945094108582
12.973002552986145
12.933128356933594
12.933191418647766
12.933246850967407
12.933306336402893
12.900665044784546
12.900729060173035
12.900785565376282
12.900843977928162
12.857474565505981
12.857540011405945
12.857595562934875
12.857651591300964
12.828409910202026
12.828472971916199
12.828534483909607
12.828592419624329
12.840254426002502
12.84031891822815
12.840376496315002
12.840469479560852
12.8227379322052
12.822802424430847
12.822857975959778
12.822914958000183
12.786693572998047
12.786755561828613
12.786811590194702
12.786869049072266
13.00892448425293
13.008987069129944
13.009042978286743
13.009100556373596
12.980643033981323
12.98074996471405
12.98080849647522
12.980868101119995
12.967748045921326
12.96781301498413
12.967869997024536
12.968000054359436
12.953914999961853
12.953977942466736
12.954034447669983
12.954092025756836
12.920252442359924
12.920314908027649
12.920370936393738
12.920430064201355
12.887112140655518
12.887173056602478
12.887228012084961
12.887285113334656
12.838189482688904
12.838257431983948
12.838313341140747
12.8383709192276
13.194519996643066
13.194582462310791
13.194637537002563
13.194694519042969
13.182130455970764
13.182192921638489
13.182248950004578
13.182305932044983
13.282643556594849
13.282707452774048
13.282763957977295
13.282821416854858
13.247444033622742
13.247507452964783
13.247564435005188
13.2476224899292
13.215757012367249
13.215819478034973
13.215875029563904
13.215932965278625
13.198682427406311
13.198745489120483
13.198801398277283
13.198861002922058
13.190401434898376
13.19046437740326
13.190520882606506
13.190577864646912
13.166130900382996
13.166194438934326
13.166250467300415
13.166307926177979
13.137202501296997
13.137263059616089
13.137319087982178
13.1373770236969
13.149878978729248
13.149940013885498
13.149994969367981
13.150053977966309
13.13760495185852
13.137668490409851
13.137724995613098
13.137786984443665
13.130582451820374
13.130660057067871
13.130755543708801
13.130822539329529
13.103837013244629
13.103901028633118
13.103956937789917
13.10401701927185
13.71451461315155
13.714577555656433
13.714632987976074
13.714692115783691
14.355286478996277
14.355350971221924
14.355406999588013
14.35546100139618
14.382871508598328
14.382934927940369
14.3829904794693
14.38304352760315
14.396229982376099
14.39629602432251
14.396351933479309
14.396416068077087
14.365285038948059
14.365348935127258
14.365404963493347
14.365459442138672
14.352936506271362
14.353000044822693
14.353056073188782
14.3531094789505
14.493308067321777
14.49337100982666
14.49346399307251
14.493570566177368
14.465874552726746
14.465936064720154
14.465991497039795
14.466044068336487
14.432358384132385
14.4324209690094
14.432476043701172
14.43252944946289
14.442011952400208
14.44207489490509
14.442129969596863
14.442182898521423
14.428395986557007
14.42845892906189
14.428513884544373
14.42856740951538
14.530790567398071
14.530851483345032
14.530912041664124
14.530991554260254
14.51206648349762
14.51215648651123
14.512215971946716
14.512270450592041
14.49351191520691
14.493573546409607
14.4936283826828
14.49368143081665
14.61072301864624
14.610785484313965
14.610841035842896
14.610894083976746
14.560414552688599
14.560502409934998
14.56056296825409
14.560645580291748
14.54570996761322
14.545771956443787
14.545828461647034
14.5458824634552
14.426350474357605
14.426411509513855
14.426530957221985
14.426591992378235
14.466413140296936
14.466476082801819
14.466533064842224
14.46658706665039
14.38162899017334
14.381690502166748
14.381746053695679
14.381829500198364
14.377385973930359
14.377447962760925
14.377503514289856
14.37755799293518
14.370770573616028
14.370832562446594
14.370893001556396
14.370946645736694
14.730148553848267
14.730251550674438
14.730320572853088
14.730376958847046
14.549395442008972
14.54945695400238
14.549512028694153
14.549565434455872
14.456703901290894
14.456767916679382
14.456825017929077
14.45687985420227
14.559370994567871
14.559434533119202
14.559491991996765
14.55954909324646
14.651018977165222
14.651083946228027
14.651140451431274
14.65120792388916
14.608029961585999
14.608094453811646
14.60815143585205
14.608209013938904
14.869316339492798
14.869432926177979
14.86949336528778
14.869549870491028
15.157355070114136
15.15741753578186
15.157472968101501
15.15752649307251
15.097203373908997
15.097270011901855
15.097327947616577
15.09738290309906
15.046793580055237
15.0468590259552
15.046916604042053
15.046971559524536
15.04872453212738
15.048789501190186
15.048846006393433
15.048901081085205
15.04752242565155
15.047587513923645
15.047683477401733
15.047741889953613
15.31039845943451
15.310463547706604
15.310526013374329
15.310581922531128
15.311810493469238
15.311876058578491
15.311932921409607
15.31198799610138
15.129560112953186
15.129624009132385
15.129681587219238
15.129833102226257
14.924111366271973
14.924176335334778
14.924235463142395
14.924290418624878
15.166900157928467
15.166966080665588
15.167025089263916
15.167080640792847
15.061823964118958
15.06191885471344
15.061982989311218
15.062040328979492
15.032162427902222
15.032247543334961
15.032305479049683
15.032361030578613
14.96528697013855
14.965352535247803
14.965410947799683
14.965558886528015
15.067459464073181
15.067525386810303
15.06758451461792
15.067639946937561
14.976338505744934
14.976447463035583
14.976510047912598
14.97656798362732
14.951560497283936
14.951627373695374
14.95168650150299
14.951743006706238
15.21245801448822
15.212524056434631
15.212582468986511
15.212641954421997
15.31706154346466
15.317131042480469
15.317216038703918
15.317278504371643
15.21342945098877
15.213495016098022
15.21355402469635
15.213611483573914
14.990445494651794
14.990567088127136
14.990854501724243
14.990914106369019
14.983969449996948
14.98403251171112
14.984089493751526
14.984145045280457
15.223096013069153
15.223161458969116
15.22321903705597
15.2232745885849
14.927873134613037
14.927939176559448
14.927999019622803
14.928054571151733
15.6504465341568
15.65051257610321
15.65057098865509
15.650626540184021
15.549036979675293
15.549105405807495
15.549163937568665
15.549219965934753
15.566631078720093
15.566696524620056
15.56675398349762
15.56680953502655
15.426920056343079
15.42698609828949
15.427043557167053
15.427099108695984
15.408668041229248
15.408734560012817
15.408793091773987
15.408848643302917
15.590965390205383
15.591033458709717
15.591092348098755
15.591148853302002
15.533894538879395
15.533959865570068
15.534018993377686
15.534074902534485
15.541637063026428
15.541704416275024
15.541762590408325
15.541817426681519
15.525650024414062
15.525714039802551
15.525771975517273
15.525827050209045
15.495550513267517
15.495615124702454
15.495673060417175
15.49573302268982
15.575080037117004
15.575146555900574
15.575206518173218
15.575263500213623
15.627030849456787
15.627160906791687
15.627224445343018
15.627281904220581
15.595256090164185
15.59532356262207
15.595391511917114
15.59545111656189
15.54271948337555
15.542784452438354
15.542842507362366
15.542898058891296
15.51366913318634
15.513733983039856
15.51379108428955
15.51384449005127
15.483710408210754
15.483776450157166
15.483834981918335
15.483892440795898
15.448825001716614
15.448887944221497
15.448945999145508
15.449001908302307
15.82587468624115
15.825942158699036
15.826001167297363
15.826056599617004
15.779610991477966
15.779675006866455
15.779733061790466
15.779789090156555
15.866495490074158
15.866560101509094
15.866617560386658
15.866672039031982
15.7472505569458
15.747312545776367
15.747368574142456
15.747422933578491
15.733792543411255
15.733905553817749
15.73396646976471
15.734025001525879
15.705734968185425
15.70579993724823
15.70588755607605
15.705950021743774
15.812615871429443
15.81268048286438
15.812738418579102
15.812801003456116
15.76482903957367
15.764893054962158
15.76495099067688
15.765006422996521
16.144803524017334
16.144867062568665
16.144924521446228
16.14497995376587
16.099413990974426
16.099480032920837
16.099538564682007
16.0995934009552
16.083369612693787
16.083433985710144
16.083492159843445
16.083548069000244
15.936319470405579
15.936413049697876
15.936478972434998
15.93653690814972
15.90532898902893
15.905395030975342
15.905453562736511
15.905511498451233
15.8784099817276
15.878473401069641
15.878530979156494
15.878585934638977
15.844070434570312
15.844135522842407
15.844193577766418
15.844250082969666
15.806305527687073
15.806370973587036
15.806429505348206
15.806495904922485
15.960034012794495
15.9600989818573
15.960155963897705
15.960211515426636
15.933170557022095
15.933234572410583
15.933291554450989
15.93334710597992
15.903439998626709
15.903504967689514
15.903562903404236
15.903617978096008
15.869836926460266
15.869901418685913
15.86995792388916
15.87001347541809
15.837992548942566
15.838057518005371
15.838114023208618
15.838171005249023
15.976239562034607
15.976303577423096
15.976360559463501
15.976415514945984
16.15446639060974
16.154544472694397
16.15462100505829
16.154680371284485
16.133384585380554
16.13344895839691
16.133506536483765
16.133561611175537
16.105817079544067
16.105883955955505
16.105942487716675
16.105998039245605
16.289302110671997
16.28936755657196
16.289425134658813
16.289480090141296
16.264070510864258
16.264137029647827
16.264195442199707
16.264250993728638
16.22644853591919
16.2265145778656
16.226572513580322
16.22662854194641
16.55689299106598
16.55695652961731
16.557013988494873
16.557103514671326
16.519374012947083
16.519437551498413
16.519495010375977
16.519551038742065
16.473377585411072
16.473443508148193
16.473500967025757
16.473560571670532
16.438241481781006
16.438306093215942
16.43836498260498
16.43842053413391
16.43201744556427
16.4320969581604
16.432159543037415
16.432215452194214
16.410675048828125
16.410741448402405
16.410799026489258
16.41085398197174
16.39213001728058
16.392243027687073
16.392309427261353
16.39236843585968
16.356900572776794
16.356966972351074
16.357025504112244
16.357081055641174
16.322803497314453
16.3228679895401
16.322925090789795
16.322994470596313
16.28972852230072
16.28979504108429
16.289853930473328
16.289909958839417
16.243612051010132
16.243675470352173
16.243732929229736
16.243788480758667
16.396648406982422
16.39671289920807
16.396770477294922
16.39682936668396
16.36798346042633
16.36804747581482
16.368104457855225
16.368159413337708
16.336044907569885
16.336107850074768
16.336164951324463
16.33622145652771
16.660248041152954
16.660316467285156
16.660374522209167
16.660459995269775
16.64487659931183
16.64494550228119
16.64500606060028
16.645063519477844
16.61522090435028
16.615288019180298
16.615346550941467
16.615403056144714
16.832888007164
16.832954049110413
16.833011507987976
16.833067536354065
16.82282292842865
16.82288956642151
16.82294797897339
16.82300555706024
16.791908025741577
16.792031049728394
16.792091965675354
16.7921484708786
16.760188937187195
16.76025390625
16.760311365127563
16.76037096977234
16.736338019371033
16.736404538154602
16.736462950706482
16.73651897907257
16.716768503189087
16.716835021972656
16.716892957687378
16.71696949005127
16.690690636634827
16.690757155418396
16.690816521644592
16.69087255001068
16.652833461761475
16.652899503707886
16.652958512306213
16.65301489830017
16.621121525764465
16.621187925338745
16.621245503425598
16.62130856513977
16.576777458190918
16.5768404006958
16.576897859573364
16.576953411102295
16.539356589317322
16.539422631263733
16.539480090141296
16.539535522460938
