-1.0
5599.0
-1.0
5550.0
-1.0
5549.0
-1.0
5500.0
-1.0
5499.0
-1.0
5450.0
-1.0
5449.0
-1.0
5400.0
-1.0
5399.0
-1.0
5350.0
-1.0
5349.0
-1.0
5300.0
-1.0
5299.0
-1.0
5250.0
-1.0
5249.0
-1.0
5200.0
-1.0
5199.0
-1.0
5150.0
-1.0
5149.0
-1.0
5100.0
-1.0
5099.0
-1.0
5050.0
-1.0
5049.0
-1.0
5000.0
-1.0
4999.0
-1.0
4950.0
-1.0
4949.0
-1.0
4900.0
-1.0
4899.0
-1.0
4850.0
-1.0
4849.0
-1.0
4800.0
-1.0
4799.0
-1.0
4750.0
-1.0
4749.0
-1.0
4700.0
-1.0
4699.0
-1.0
4650.0
-1.0
4649.0
-1.0
4600.0
-1.0
4599.0
-1.0
4550.0
-1.0
4549.0
-1.0
4500.0
-1.0
4499.0
-1.0
4450.0
-1.0
4449.0
-1.0
4400.0
-1.0
4399.0
-1.0
4350.0
-1.0
4349.0
-1.0
4300.0
-1.0
4299.0
-1.0
4250.0
-1.0
4249.0
-1.0
4200.0
-1.0
4199.0
-1.0
4150.0
-1.0
4149.0
-1.0
4100.0
-1.0
4099.0
-1.0
4050.0
-1.0
4049.0
-1.0
4000.0
-1.0
3999.0
-1.0
3950.0
-1.0
3949.0
-1.0
3900.0
-1.0
3899.0
-1.0
3850.0
-1.0
3849.0
-1.0
3800.0
-1.0
3799.0
-1.0
3750.0
-1.0
3749.0
-1.0
3700.0
-1.0
3699.0
-1.0
3650.0
-1.0
3649.0
-1.0
3600.0
-1.0
3599.0
-1.0
3550.0
-1.0
3549.0
-1.0
3500.0
-1.0
3499.0
-1.0
3450.0
-1.0
3449.0
-1.0
3400.0
-1.0
3399.0
-1.0
3350.0
-1.0
3349.0
-1.0
3300.0
-1.0
3299.0
-1.0
3250.0
-1.0
3249.0
-1.0
3200.0
-1.0
3199.0
-1.0
3150.0
-1.0
3149.0
-1.0
3100.0
-1.0
3099.0
-1.0
3050.0
-1.0
3049.0
-1.0
3000.0
-1.0
2999.0
-1.0
2950.0
-1.0
2949.0
-1.0
2900.0
-1.0
2899.0
-1.0
2850.0
-1.0
2849.0
-1.0
2800.0
-1.0
2799.0
-1.0
2750.0
-1.0
2749.0
-1.0
2700.0
-1.0
2699.0
-1.0
2650.0
-1.0
2649.0
-1.0
2600.0
-1.0
2599.0
-1.0
2550.0
-1.0
2549.0
-1.0
2500.0
-1.0
2499.0
-1.0
2450.0
-1.0
2449.0
-1.0
2400.0
-1.0
2399.0
-1.0
2350.0
-1.0
2349.0
-1.0
2300.0
-1.0
2299.0
-1.0
2250.0
-1.0
2249.0
-1.0
2200.0
-1.0
2199.0
-1.0
2150.0
-1.0
2149.0
-1.0
2100.0
-1.0
2099.0
-1.0
2050.0
-1.0
2049.0
-1.0
2000.0
-1.0
1999.0
-1.0
1950.0
-1.0
1949.0
-1.0
1900.0
-1.0
1899.0
-1.0
1850.0
-1.0
1849.0
-1.0
1800.0
-1.0
1799.0
-1.0
1750.0
-1.0
1749.0
-1.0
1700.0
-1.0
1699.0
-1.0
1650.0
-1.0
1649.0
-1.0
1600.0
-1.0
1599.0
-1.0
1550.0
-1.0
1549.0
-1.0
1500.0
-1.0
1499.0
-1.0
1450.0
-1.0
1449.0
-1.0
1400.0
-1.0
1399.0
-1.0
1350.0
-1.0
1349.0
-1.0
1300.0
-1.0
1299.0
-1.0
1250.0
-1.0
1249.0
-1.0
1200.0
-1.0
1199.0
-1.0
1150.0
-1.0
1149.0
-1.0
1100.0
-1.0
1099.0
-1.0
1050.0
-1.0
1049.0
-1.0
1000.0
-1.0
999.0
-1.0
950.0
-1.0
949.0
-1.0
900.0
-1.0
899.0
-1.0
850.0
-1.0
849.0
-1.0
800.0
-1.0
799.0
-1.0
750.0
-1.0
749.0
-1.0
700.0
-1.0
699.0
-1.0
650.0
-1.0
649.0
-1.0
600.0
-1.0
599.0
-1.0
550.0
-1.0
549.0
-1.0
500.0
-1.0
499.0
-1.0
450.0
-1.0
449.0
-1.0
400.0
-1.0
399.0
-1.0
350.0
-1.0
349.0
-1.0
300.0
-1.0
299.0
-1.0
250.0
-1.0
249.0
-1.0
200.0
-1.0
199.0
-1.0
150.0
-1.0
149.0
-1.0
100.0
-1.0
99.0
-1.0
50.0
-1.0
49.0
-1.0
0.0
-1.0
-1.0
6200.0
-1.5
-1.0
-1.5
12349.5
-1.5
-1.0
-1.5
12249.5
-1.5
-1.0
-1.5
12149.5
-1.5
-1.0
-1.5
12049.5
-1.5
-1.0
-1.5
11949.5
-1.5
-1.0
-1.5
11849.5
-1.5
-1.0
-1.5
11749.5
-1.5
-1.0
-1.5
11649.5
-1.5
-1.0
-1.5
11549.5
-1.5
-1.0
-1.5
11449.5
-1.5
-1.0
-1.5
11349.5
-1.5
-1.0
-1.5
11249.5
-1.5
-1.0
-1.5
11149.5
-1.5
-1.0
-1.5
11049.5
-1.5
-1.0
-1.5
10949.5
-1.5
-1.0
-1.5
10849.5
-1.5
-1.0
-1.5
10749.5
-1.5
-1.0
-1.5
10649.5
-1.5
-1.0
-1.5
10549.5
-1.5
-1.0
-1.5
10449.5
-1.5
-1.0
-1.5
10349.5
-1.5
-1.0
-1.5
10249.5
-1.5
-1.0
-1.5
10149.5
-1.5
-1.0
-1.5
10049.5
-1.5
-1.0
-1.5
9949.5
-1.5
-1.0
-1.5
9849.5
-1.5
-1.0
-1.5
9749.5
-1.5
-1.0
-1.5
9649.5
-1.5
-1.0
-1.5
9549.5
-1.5
-1.0
-1.5
9449.5
-1.5
-1.0
-1.5
9349.5
-1.5
-1.0
-1.5
9249.5
-1.5
-1.0
-1.5
9149.5
-1.5
-1.0
-1.5
9049.5
-1.5
-1.0
-1.5
8949.5
-1.5
-1.0
-1.5
8849.5
-1.5
-1.0
-1.5
8749.5
-1.5
-1.0
-1.5
8649.5
-1.5
-1.0
-1.5
8549.5
-1.5
-1.0
-1.5
8449.5
-1.5
-1.0
-1.5
8349.5
-1.5
-1.0
-1.5
8249.5
-1.5
-1.0
-1.5
8149.5
-1.5
-1.0
-1.5
8049.5
-1.5
-1.0
-1.5
7949.5
-1.5
-1.0
-1.5
7849.5
-1.5
-1.0
-1.5
7749.5
-1.5
-1.0
-1.5
7649.5
-1.5
-1.0
-1.5
7549.5
-1.5
-1.0
-1.5
7449.5
-1.5
-1.0
-1.5
7349.5
-1.5
-1.0
-1.5
7249.5
-1.5
-1.0
-1.5
7149.5
-1.5
-1.0
-1.5
7049.5
-1.5
-1.0
-1.5
6949.5
-1.5
-1.0
-1.5
6849.5
-1.5
-1.0
-1.5
6749.5
-1.5
-1.0
-1.5
6649.5
-1.5
-1.0
-1.5
6549.5
-1.5
-1.0
-1.5
6449.5
-1.5
-1.0
-1.5
6349.5
-1.5
-1.0
-1.5
6249.5
-1.5
-1.0
-1.5
6149.5
-1.5
-1.0
-1.5
6049.5
-1.5
-1.0
-1.5
5949.5
-1.5
-1.0
-1.5
5849.5
-1.5
-1.0
-1.5
5749.5
-1.5
-1.0
-1.5
5649.5
-1.5
-1.0
-1.5
5549.5
-1.5
-1.0
-1.5
5449.5
-1.5
-1.0
-1.5
5349.5
-1.5
-1.0
-1.5
5249.5
-1.5
-1.0
-1.5
5149.5
-1.5
-1.0
-1.5
5049.5
-1.5
-1.0
-1.5
4949.5
-1.5
-1.0
-1.5
4849.5
-1.5
-1.0
-1.5
4749.5
-1.5
-1.0
-1.5
4649.5
-1.5
-1.0
-1.5
4549.5
-1.5
-1.0
-1.5
4449.5
-1.5
-1.0
-1.5
4349.5
-1.5
-1.0
-1.5
4249.5
-1.5
-1.0
-1.5
4149.5
-1.5
-1.0
-1.5
4049.5
-1.5
-1.0
-1.5
3949.5
-1.5
-1.0
-1.5
3849.5
-1.5
-1.0
-1.5
3749.5
-1.5
-1.0
-1.5
3649.5
-1.5
-1.0
-1.5
3549.5
-1.5
-1.0
-1.5
3449.5
-1.5
-1.0
-1.5
3349.5
-1.5
-1.0
-1.5
3249.5
-1.5
-1.0
-1.5
3149.5
-1.5
-1.0
-1.5
3049.5
-1.5
-1.0
-1.5
2949.5
-1.5
-1.0
-1.5
2849.5
-1.5
-1.0
-1.5
2749.5
-1.5
-1.0
-1.5
2649.5
-1.5
-1.0
-1.5
2549.5
-1.5
-1.0
-1.5
2449.5
-1.5
-1.0
-1.5
2349.5
-1.5
-1.0
-1.5
2249.5
-1.5
-1.0
-1.5
2149.5
-1.5
-1.0
-1.5
2049.5
-1.5
-1.0
-1.5
1949.5
-1.5
-1.0
-1.5
1849.5
-1.5
-1.0
-1.5
1749.5
-1.5
-1.0
-1.5
1649.5
-1.5
-1.0
-1.5
1549.5
-1.5
-1.0
-1.5
1449.5
-1.5
-1.0
-1.5
1349.5
-1.5
-1.0
-1.5
1249.5
-1.5
-1.0
-1.5
1149.5
-1.5
-1.0
-1.5
1049.5
-1.5
-1.0
-1.5
949.5
-1.5
-1.0
-1.5
849.5
-1.5
-1.0
-1.5
749.5
-1.5
-1.0
-1.5
649.5
-1.5
-1.0
-1.5
549.5
-1.5
-1.0
-1.5
449.5
-1.5
-1.0
-1.5
349.5
-1.5
-1.0
-1.5
249.5
-1.5
-1.0
-1.5
149.5
-1.5
-1.0
-1.5
49.5
-1.5
-1.0
6199.0
-2.0
-1.5
6198.5
6149.0
-2.0
-1.5
6148.5
6099.0
-2.0
-1.5
6098.5
6049.0
-2.0
-1.5
6048.5
5999.0
-2.0
-1.5
5998.5
5949.0
-2.0
-1.5
5948.5
5899.0
-2.0
-1.5
5898.5
5849.0
-2.0
-1.5
5848.5
5799.0
-2.0
-1.5
5798.5
5749.0
-2.0
-1.5
5748.5
5699.0
-2.0
-1.5
5698.5
5649.0
-2.0
-1.5
5648.5
5599.0
-2.0
-1.5
5598.5
5549.0
-2.0
-1.5
5548.5
5499.0
-2.0
-1.5
5498.5
5449.0
-2.0
-1.5
5448.5
5399.0
-2.0
-1.5
5398.5
5349.0
-2.0
-1.5
5348.5
5299.0
-2.0
-1.5
5298.5
5249.0
-2.0
-1.5
5248.5
5199.0
-2.0
-1.5
5198.5
5149.0
-2.0
-1.5
5148.5
5099.0
-2.0
-1.5
5098.5
5049.0
-2.0
-1.5
5048.5
4999.0
-2.0
-1.5
4998.5
4949.0
-2.0
-1.5
4948.5
4899.0
-2.0
-1.5
4898.5
4849.0
-2.0
-1.5
4848.5
4799.0
-2.0
-1.5
4798.5
4749.0
-2.0
-1.5
4748.5
4699.0
-2.0
-1.5
4698.5
4649.0
-2.0
-1.5
4648.5
4599.0
-2.0
-1.5
4598.5
4549.0
-2.0
-1.5
4548.5
4499.0
-2.0
-1.5
4498.5
4449.0
-2.0
-1.5
4448.5
4399.0
-2.0
-1.5
4398.5
4349.0
-2.0
-1.5
4348.5
4299.0
-2.0
-1.5
4298.5
4249.0
-2.0
-1.5
4248.5
4199.0
-2.0
-1.5
4198.5
4149.0
-2.0
-1.5
4148.5
4099.0
-2.0
-1.5
4098.5
4049.0
-2.0
-1.5
4048.5
3999.0
-2.0
-1.5
3998.5
3949.0
-2.0
-1.5
3948.5
3899.0
-2.0
-1.5
3898.5
3849.0
-2.0
-1.5
3848.5
3799.0
-2.0
-1.5
3798.5
3749.0
-2.0
-1.5
3748.5
3699.0
-2.0
-1.5
3698.5
3649.0
-2.0
-1.5
3648.5
3599.0
-2.0
-1.5
3598.5
3549.0
-2.0
-1.5
3548.5
3499.0
-2.0
-1.5
3498.5
3449.0
-2.0
-1.5
3448.5
3399.0
-2.0
-1.5
3398.5
3349.0
-2.0
-1.5
3348.5
3299.0
-2.0
-1.5
3298.5
3249.0
-2.0
-1.5
3248.5
3199.0
-2.0
-1.5
3198.5
3149.0
-2.0
-1.5
3148.5
3099.0
-2.0
-1.5
3098.5
3049.0
-2.0
-1.5
3048.5
2999.0
-2.0
-1.5
2998.5
2949.0
-2.0
-1.5
2948.5
2899.0
-2.0
-1.5
2898.5
2849.0
-2.0
-1.5
2848.5
2799.0
-2.0
-1.5
2798.5
2749.0
-2.0
-1.5
2748.5
2699.0
-2.0
-1.5
2698.5
2649.0
-2.0
-1.5
2648.5
2599.0
-2.0
-1.5
2598.5
2549.0
-2.0
-1.5
2548.5
2499.0
-2.0
-1.5
2498.5
2449.0
-2.0
-1.5
2448.5
2399.0
-2.0
-1.5
2398.5
2349.0
-2.0
-1.5
2348.5
2299.0
-2.0
-1.5
2298.5
2249.0
-2.0
-1.5
2248.5
2199.0
-2.0
-1.5
2198.5
2149.0
-2.0
-1.5
2148.5
2099.0
-2.0
-1.5
2098.5
2049.0
-2.0
-1.5
2048.5
1999.0
-2.0
-1.5
1998.5
1949.0
-2.0
-1.5
1948.5
1899.0
-2.0
-1.5
1898.5
1849.0
-2.0
-1.5
1848.5
1799.0
-2.0
-1.5
1798.5
1749.0
-2.0
-1.5
1748.5
1699.0
-2.0
-1.5
1698.5
1649.0
-2.0
-1.5
1648.5
1599.0
-2.0
-1.5
1598.5
1549.0
-2.0
-1.5
1548.5
1499.0
-2.0
-1.5
1498.5
1449.0
-2.0
-1.5
1448.5
1399.0
-2.0
-1.5
1398.5
1349.0
-2.0
-1.5
1348.5
1299.0
-2.0
-1.5
1298.5
1249.0
-2.0
-1.5
1248.5
1199.0
-2.0
-1.5
1198.5
1149.0
-2.0
-1.5
1148.5
1099.0
-2.0
-1.5
1098.5
1049.0
-2.0
-1.5
1048.5
999.0
-2.0
-1.5
998.5
949.0
-2.0
-1.5
948.5
899.0
-2.0
-1.5
898.5
849.0
-2.0
-1.5
848.5
799.0
-2.0
-1.5
798.5
749.0
-2.0
-1.5
748.5
699.0
-2.0
-1.5
698.5
649.0
-2.0
-1.5
648.5
599.0
-2.0
-1.5
598.5
549.0
-2.0
-1.5
548.5
499.0
-2.0
-1.5
498.5
449.0
-2.0
-1.5
448.5
399.0
-2.0
-1.5
398.5
349.0
-2.0
-1.5
348.5
299.0
-2.0
-1.5
298.5
249.0
-2.0
-1.5
248.5
199.0
-2.0
-1.5
198.5
149.0
-2.0
-1.5
148.5
99.0
-2.0
-1.5
98.5
49.0
-2.0
-1.5
48.5
-1.0
-2.0
-1.5
6198.5
-2.0
-2.0
-1.5
6148.5
-2.0
-2.0
6197.5
6098.5
-2.0
-2.0
6147.5
6048.5
-2.0
-2.0
6097.5
5998.5
-2.0
-2.0
6047.5
5948.5
-2.0
-2.0
5997.5
5898.5
-2.0
-2.0
5947.5
5848.5
-2.0
-2.0
5897.5
5798.5
-2.0
-2.0
5847.5
5748.5
-2.0
-2.0
5797.5
5698.5
-2.0
-2.0
5747.5
5648.5
-2.0
-2.0
5697.5
5598.5
-2.0
-2.0
5647.5
5548.5
-2.0
-2.0
5597.5
5498.5
-2.0
-2.0
5547.5
5448.5
-2.0
-2.0
5497.5
5398.5
-2.0
-2.0
5447.5
5348.5
-2.0
-2.0
5397.5
5298.5
-2.0
-2.0
5347.5
5248.5
-2.0
-2.0
5297.5
5198.5
-2.0
-2.0
5247.5
5148.5
-2.0
-2.0
5197.5
5098.5
-2.0
-2.0
5147.5
5048.5
-2.0
-2.0
5097.5
4998.5
-2.0
-2.0
5047.5
4948.5
-2.0
-2.0
4997.5
4898.5
-2.0
-2.0
4947.5
4848.5
-2.0
-2.0
4897.5
4798.5
-2.0
-2.0
4847.5
4748.5
-2.0
-2.0
4797.5
4698.5
-2.0
-2.0
4747.5
4648.5
-2.0
-2.0
4697.5
4598.5
-2.0
-2.0
4647.5
4548.5
-2.0
-2.0
4597.5
4498.5
-2.0
-2.0
4547.5
4448.5
-2.0
-2.0
4497.5
4398.5
-2.0
-2.0
4447.5
4348.5
-2.0
-2.0
4397.5
4298.5
-2.0
-2.0
4347.5
4248.5
-2.0
-2.0
4297.5
4198.5
-2.0
-2.0
4247.5
4148.5
-2.0
-2.0
4197.5
4098.5
-2.0
-2.0
4147.5
4048.5
-2.0
-2.0
4097.5
3998.5
-2.0
-2.0
4047.5
3948.5
-2.0
-2.0
3997.5
3898.5
-2.0
-2.0
3947.5
3848.5
-2.0
-2.0
3897.5
3798.5
-2.0
-2.0
3847.5
3748.5
-2.0
-2.0
3797.5
3698.5
-2.0
-2.0
3747.5
3648.5
-2.0
-2.0
3697.5
3598.5
-2.0
-2.0
3647.5
3548.5
-2.0
-2.0
3597.5
3498.5
-2.0
-2.0
3547.5
3448.5
-2.0
-2.0
3497.5
3398.5
-2.0
-2.0
3447.5
3348.5
-2.0
-2.0
3397.5
3298.5
-2.0
-2.0
3347.5
3248.5
-2.0
-2.0
3297.5
3198.5
-2.0
-2.0
3247.5
3148.5
-2.0
-2.0
3197.5
3098.5
-2.0
-2.0
3147.5
3048.5
-2.0
-2.0
3097.5
2998.5
-2.0
-2.0
3047.5
2948.5
-2.0
-2.0
2997.5
2898.5
-2.0
-2.0
2947.5
2848.5
-2.0
-2.0
2897.5
2798.5
-2.0
-2.0
2847.5
2748.5
-2.0
-2.0
2797.5
2698.5
-2.0
-2.0
2747.5
2648.5
-2.0
-2.0
2697.5
2598.5
-2.0
-2.0
2647.5
2548.5
-2.0
-2.0
2597.5
2498.5
-2.0
-2.0
2547.5
2448.5
-2.0
-2.0
2497.5
2398.5
-2.0
-2.0
2447.5
2348.5
-2.0
-2.0
2397.5
2298.5
-2.0
-2.0
2347.5
2248.5
-2.0
-2.0
2297.5
2198.5
-2.0
-2.0
2247.5
2148.5
-2.0
-2.0
2197.5
2098.5
-2.0
-2.0
2147.5
2048.5
-2.0
-2.0
2097.5
1998.5
-2.0
-2.0
2047.5
1948.5
-2.0
-2.0
1997.5
1898.5
-2.0
-2.0
1947.5
1848.5
-2.0
-2.0
1897.5
1798.5
-2.0
-2.0
1847.5
1748.5
-2.0
-2.0
1797.5
1698.5
-2.0
-2.0
1747.5
1648.5
-2.0
-2.0
1697.5
1598.5
-2.0
-2.0
1647.5
1548.5
-2.0
-2.0
1597.5
1498.5
-2.0
-2.0
1547.5
1448.5
-2.0
-2.0
1497.5
1398.5
-2.0
-2.0
1447.5
1348.5
-2.0
-2.0
1397.5
1298.5
-2.0
-2.0
1347.5
1248.5
-2.0
-2.0
1297.5
1198.5
-2.0
-2.0
1247.5
1148.5
-2.0
-2.0
1197.5
1098.5
-2.0
-2.0
1147.5
1048.5
-2.0
-2.0
1097.5
998.5
-2.0
-2.0
1047.5
948.5
-2.0
-2.0
997.5
898.5
-2.0
-2.0
947.5
848.5
-2.0
-2.0
897.5
798.5
-2.0
-2.0
847.5
748.5
-2.0
-2.0
797.5
698.5
-2.0
-2.0
747.5
648.5
-2.0
-2.0
697.5
598.5
-2.0
-2.0
647.5
548.5
-2.0
-2.0
597.5
498.5
-2.0
-2.0
547.5
448.5
-2.0
-2.0
497.5
398.5
-2.0
-2.0
447.5
348.5
-2.0
-2.0
397.5
298.5
-2.0
-2.0
347.5
248.5
-2.0
-2.0
297.5
198.5
-2.0
-2.0
247.5
148.5
-2.0
-2.0
197.5
98.5
-2.0
-2.0
147.5
48.5
-2.0
-2.0
97.5
-1.5
-2.0
-2.0
47.5
