2.7954742312431335
2.795575737953186
2.795636236667633
2.7956910729408264
2.775592029094696
2.7756544947624207
2.775712251663208
2.77580326795578
2.7634175419807434
2.7634868025779724
2.7635438442230225
2.7636390328407288
2.738257944583893
2.7383254766464233
2.7383944392204285
2.738516926765442
2.7824479937553406
2.782542049884796
2.782627761363983
2.782688021659851
2.737387001514435
2.7422393560409546
2.7423150539398193
2.7423890233039856
2.7093564867973328
2.7094380259513855
2.7095317244529724
2.7096359729766846
2.686237633228302
2.6865237951278687
2.6865957379341125
2.68666011095047
2.6702280044555664
2.6704224944114685
2.6704867482185364
2.6705429553985596
2.6585565209388733
2.658649444580078
2.6587114930152893
2.658769190311432
3.361227571964264
3.361295759677887
3.3614107370376587
3.3614912629127502
4.020388841629028
4.020451307296753
4.020507514476776
4.020562291145325
4.05919474363327
4.059262275695801
4.059321224689484
4.059443295001984
4.049492716789246
4.050085723400116
4.05022519826889
4.0503135323524475
4.088954508304596
4.089071989059448
4.089308679103851
4.089455723762512
4.090838372707367
4.090910851955414
4.090994119644165
4.095125079154968
4.153198063373566
4.153270602226257
4.1535762548446655
4.15367728471756
4.762312233448029
4.76239675283432
4.762506723403931
4.768338263034821
4.7861297726631165
4.786213755607605
4.786274552345276
4.786379039287567
4.778152167797089
4.778217673301697
4.778276443481445
4.778410911560059
4.879354000091553
4.879489839076996
4.879552781581879
4.879741787910461
4.842816770076752
4.843248546123505
4.843326270580292
4.843477249145508
4.86928653717041
4.869397044181824
4.869469583034515
4.869552373886108
4.905179500579834
4.905266761779785
4.905331492424011
4.913796961307526
4.838747262954712
4.838978111743927
4.84238213300705
4.842480361461639
4.8210654854774475
4.821142792701721
4.821288764476776
4.8213547468185425
4.810048341751099
4.8101983070373535
4.810266613960266
4.810360074043274
4.774979472160339
4.7751882672309875
4.775258779525757
4.778688549995422
4.785421013832092
4.785493552684784
4.785554528236389
4.785610735416412
4.748723149299622
4.748872220516205
4.748939692974091
4.749001443386078
4.75859260559082
4.758686304092407
4.758770048618317
4.758829355239868
4.778622210025787
4.778994202613831
4.783156931400299
4.787857472896576
4.765088975429535
4.765285909175873
4.765522122383118
4.765589535236359
5.50314724445343
5.50321501493454
5.503320217132568
5.503380239009857
5.500953257083893
5.501131534576416
5.501227259635925
5.501303732395172
5.485277950763702
5.4853949546813965
5.485486447811127
5.4856284856796265
5.505731999874115
5.5058234333992
5.505885183811188
5.506017684936523
5.492368280887604
5.492432236671448
5.493404269218445
5.49379026889801
6.227198004722595
6.230305254459381
6.230400741100311
6.230494201183319
6.242809951305389
6.243009388446808
6.2431082129478455
6.243171691894531
6.269994020462036
6.270241737365723
6.270307004451752
6.270363986492157
6.263359308242798
6.263427257537842
6.263613045215607
6.26398229598999
6.266957223415375
6.26790851354599
6.268019020557404
6.268128275871277
6.9242642521858215
6.924338698387146
6.924396276473999
6.924589157104492
6.889609515666962
6.889680504798889
6.889750063419342
6.889814555644989
6.911608040332794
6.91168600320816
6.911742925643921
6.911987245082855
6.870924949645996
6.870995998382568
6.871051490306854
6.871107697486877
6.992198944091797
6.99235326051712
6.992414712905884
6.9924739599227905
7.006339013576508
7.006406307220459
7.006461262702942
7.006555020809174
7.665712773799896
7.6657989621162415
7.665862679481506
7.666082680225372
7.584843933582306
7.584912180900574
7.584967255592346
7.58502197265625
7.6721532344818115
7.672232210636139
7.672288000583649
7.672343552112579
7.647103726863861
7.64765602350235
7.64771568775177
7.647770702838898
7.583641409873962
7.5837119817733765
7.583766996860504
7.583822011947632
7.5583192110061646
7.558394730091095
7.55845308303833
7.558508992195129
7.494767963886261
7.494835436344147
7.494890034198761
7.49498724937439
7.459356486797333
7.45945805311203
7.459525525569916
7.4595827460289
7.420497477054596
7.420560956001282
7.420615255832672
7.420669496059418
7.36525297164917
7.365330696105957
7.3653852343559265
7.365486979484558
7.267165005207062
7.26723325252533
7.26728755235672
7.267344355583191
7.234728574752808
7.234796822071075
7.234849810600281
7.234902262687683
7.158356964588165
7.158421039581299
7.158472895622253
7.158524930477142
7.131538808345795
7.131604969501495
7.131658256053925
7.131838023662567
7.055347442626953
7.05540919303894
7.055464684963226
7.055517733097076
7.003452241420746
7.003514230251312
7.003568172454834
7.003620743751526
6.896606504917145
6.896670997142792
6.896725296974182
6.896779775619507
6.7979573011398315
6.79801881313324
6.798071563243866
6.798125505447388
6.728401958942413
6.728464245796204
6.728517532348633
6.728569746017456
6.701803267002106
6.701863467693329
6.70191502571106
6.701967000961304
6.664704203605652
6.664779245853424
6.664834022521973
6.664888024330139
7.368816792964935
7.368875563144684
7.368927776813507
7.368982791900635
7.344480991363525
7.344540059566498
7.344590842723846
7.344644546508789
8.15623152256012
8.156290709972382
8.15634173154831
8.156396269798279
8.065266728401184
8.065335273742676
8.065387487411499
8.065441310405731
8.09723424911499
8.097291469573975
8.097339987754822
8.097390472888947
8.05372530221939
8.053787767887115
8.053840041160583
8.053893268108368
8.084773421287537
8.084839701652527
8.084891438484192
8.084944009780884
8.044550001621246
8.044608235359192
8.044658541679382
8.044723212718964
8.003586053848267
8.003644824028015
8.003702282905579
8.003763794898987
7.991756737232208
7.9918133020401
7.99186646938324
7.991917312145233
7.992677271366119
7.992736279964447
7.992787003517151
7.99283903837204
7.936186194419861
7.936242997646332
7.936292886734009
7.936349987983704
7.978913724422455
7.978973746299744
7.979026019573212
7.9792017340660095
7.963198244571686
7.9632567167282104
7.963307976722717
7.96335905790329
8.839723289012909
8.839779436588287
8.839828789234161
8.839877307415009
8.833385944366455
8.833443284034729
8.83349472284317
8.8335462808609
8.800456523895264
8.800520718097687
8.800574243068695
8.80062747001648
8.818958222866058
8.819019794464111
8.81907331943512
8.81912249326706
8.82393628358841
8.823995471000671
8.824047207832336
8.824098527431488
9.707270205020905
9.70732992887497
9.707381248474121
9.707430958747864
9.65383130311966
9.653887569904327
9.65393751859665
9.654000520706177
9.63249123096466
9.632547795772552
9.632599234580994
9.632648229598999
9.622398495674133
9.622459590435028
9.622526288032532
9.622584521770477
9.545725047588348
9.545781552791595
9.545831739902496
9.54588121175766
9.515292942523956
9.515351235866547
9.515420198440552
9.515475451946259
9.499504506587982
9.499564707279205
9.499615490436554
9.499667525291443
10.160894274711609
10.16095232963562
10.16100400686264
10.161052286624908
10.124074757099152
10.124129831790924
10.124179244041443
10.124226808547974
10.09037983417511
10.090447545051575
10.090508222579956
10.090560019016266
9.952253460884094
9.952308237552643
9.952357709407806
9.952408492565155
10.013948678970337
10.014007031917572
10.014058470726013
10.014114737510681
9.929552674293518
9.929609715938568
9.929659724235535
9.936523735523224
9.917579054832458
9.91763710975647
9.917688548564911
9.91773784160614
9.887507975101471
9.887567460536957
9.88761967420578
9.88766896724701
9.837506771087646
9.837565958499908
9.837617814540863
9.837667286396027
9.746113002300262
9.746168792247772
9.746219038963318
9.746266305446625
9.78644847869873
9.786505460739136
9.786557972431183
9.78660649061203
9.700022757053375
9.700079500675201
9.700129449367523
9.70017695426941
9.576416254043579
9.576472997665405
9.576523542404175
9.576578855514526
9.52450555562973
9.524582743644714
9.524652004241943
9.52470850944519
9.580027759075165
9.580089509487152
9.580141484737396
9.58019107580185
9.453234493732452
9.453295052051544
9.45334780216217
9.453397512435913
9.455275177955627
9.455334186553955
9.455387949943542
9.455437183380127
9.37292766571045
9.372986972332
9.37303876876831
9.373095214366913
9.273082256317139
9.273144006729126
9.273195505142212
9.27324378490448
9.168519973754883
9.168578505516052
9.168630182743073
9.168679177761078
9.1516854763031
9.151746988296509
9.151801705360413
9.151849567890167
9.073974311351776
9.074030756950378
9.074081838130951
9.07412976026535
8.985525786876678
8.985584199428558
8.985635757446289
8.985684752464294
8.92721152305603
8.927269756793976
8.927321016788483
8.927370071411133
8.920937359333038
8.920994818210602
8.921051383018494
8.921125829219818
8.86605429649353
8.866113603115082
8.866165816783905
8.86621606349945
8.755561828613281
8.75562047958374
8.755702793598175
8.755755305290222
8.709217309951782
8.709278583526611
8.709331750869751
8.709381580352783
8.669949352741241
8.670020759105682
8.67007327079773
8.670131266117096
8.721871554851532
8.721933543682098
8.721984326839447
8.722032845020294
8.705505013465881
8.70558351278305
8.705666780471802
8.705721080303192
8.667910754680634
8.667969524860382
8.668035566806793
8.668087780475616
8.638514935970306
8.638571977615356
8.63862270116806
8.638671278953552
8.643632709980011
8.64369124174118
8.643742024898529
8.643790006637573
8.579229772090912
8.579286754131317
8.579337000846863
8.579384982585907
8.568974792957306
8.569034278392792
8.569093525409698
8.569144487380981
8.515074074268341
8.51513296365738
8.515184998512268
8.51523470878601
8.510155439376831
8.510226964950562
8.510282039642334
8.510330736637115
8.575968503952026
8.576024234294891
8.57607650756836
8.5761239528656
8.51897406578064
8.519030511379242
8.519081234931946
8.519129514694214
8.529886484146118
8.529946744441986
8.529999494552612
8.530049681663513
8.56034129858017
8.560400009155273
8.560452580451965
8.56050455570221
8.541842520236969
8.541902840137482
8.541955053806305
8.542004585266113
8.608685851097107
8.60874229669571
8.608792781829834
8.608841001987457
8.630757808685303
8.630813956260681
8.630864262580872
8.63091254234314
8.679679453372955
8.679738223552704
8.679789960384369
8.679838716983795
8.696160197257996
8.696217000484467
8.696267902851105
8.696318686008453
8.693170726299286
8.693230986595154
8.693283796310425
8.693333506584167
8.721217095851898
8.721279799938202
8.721332848072052
8.721398055553436
8.747966825962067
8.748024046421051
8.748075544834137
8.748124063014984
8.800094246864319
8.800151705741882
8.800204753875732
8.800253748893738
8.789272487163544
8.789330542087555
8.789380252361298
8.789427936077118
8.83928894996643
8.839345455169678
8.83939790725708
8.839445948600769
8.849116444587708
8.8491730093956
8.849241852760315
8.849315762519836
8.890389680862427
8.890447437763214
8.890498995780945
8.890547752380371
8.819064557552338
8.819122850894928
8.819173872470856
8.819222569465637
8.881563067436218
8.88161963224411
8.88166856765747
8.881715297698975
8.953575134277344
8.953632652759552
8.953682601451874
8.953730702400208
8.787340998649597
8.787400424480438
8.787453174591064
8.78750091791153
8.821598708629608
8.821657478809357
8.821709215641022
8.821758210659027
8.833923697471619
8.83398163318634
8.834033370018005
8.834082186222076
8.904893696308136
8.904951214790344
8.905001997947693
8.905050218105316
8.841643273830414
8.841699302196503
8.841749012470245
8.841796517372131
8.87317705154419
8.873232781887054
8.873282790184021
8.873329818248749
8.907236695289612
8.907296001911163
8.907348036766052
8.90739792585373
8.849835932254791
8.849893510341644
8.849944412708282
8.849993467330933
8.846242785453796
8.84630000591278
8.846349358558655
8.846395790576935
8.929984450340271
8.930038928985596
8.930087447166443
8.930134177207947
8.941373944282532
8.941433429718018
8.941483914852142
8.941532969474792
8.964169979095459
8.964253008365631
8.9643052816391
8.964354038238525
8.879274308681488
8.879333555698395
8.879384279251099
8.879431545734406
8.919487416744232
8.9195396900177
8.91958749294281
8.919634997844696
8.915340185165405
8.915396690368652
8.915446162223816
8.91549289226532
8.920134425163269
8.9201899766922
8.92024165391922
8.920293152332306
8.966604709625244
8.96666043996811
8.96670925617218
8.966755986213684
8.962354600429535
8.962410032749176
8.962459802627563
8.96250706911087
9.027229070663452
9.027284324169159
9.027333498001099
9.02738082408905
9.03486043214798
9.03491473197937
9.034963488578796
9.0350102186203
9.079778552055359
9.079831838607788
9.07987904548645
9.079924523830414
9.028107762336731
9.028162240982056
9.028211772441864
9.028257191181183
9.152549743652344
9.152606725692749
9.152657687664032
9.152706682682037
9.03169196844101
9.03174901008606
9.03179943561554
9.031848013401031
9.161894500255585
9.161948204040527
9.161996722221375
9.162043690681458
9.087556719779968
9.087610960006714
9.087660253047943
9.08772075176239
9.094975233078003
9.095040440559387
9.095090746879578
9.095150470733643
9.10920000076294
9.109268248081207
9.10934430360794
9.109396755695343
9.027627825737
9.027682065963745
9.027730286121368
9.027776539325714
9.066129803657532
9.066186010837555
9.06623500585556
9.066307187080383
9.087975800037384
9.088030278682709
9.088079333305359
9.088125228881836
9.141486763954163
9.141538977622986
9.141586482524872
9.141657710075378
8.99667239189148
8.996725976467133
8.996774733066559
8.996824145317078
