1174.25
769.75
395.5
-1.0
1138.75
744.75
402.75
-1.0
1120.75
759.5
392.75
-1.0
1103.25
743.25
383.75
-1.0
1069.5
735.25
383.0
-1.0
1050.25
710.25
380.5
-1.0
1000.25
705.25
381.5
-1.0
974.25
696.5
369.5
-1.0
959.75
687.5
379.0
-1.0
934.75
689.25
416.25
-1.0
941.0
677.0
441.75
1300.0
926.5
1685.0
433.5
1275.0
996.5
1694.5
441.75
1250.0
992.5
1673.0
441.75
1225.0
975.5
1684.5
441.75
1200.0
950.5
1656.75
441.75
1175.0
925.5
1640.25
441.75
1150.0
916.0
1598.5
441.75
2229.0
916.0
1647.0
441.75
2179.0
916.0
1610.75
441.75
2129.0
916.0
1568.25
441.75
2079.0
916.0
1518.25
441.75
2029.0
916.0
1468.25
441.75
1979.0
916.0
1418.25
441.75
1929.0
916.0
1368.25
441.75
1879.0
916.0
1318.25
441.75
1829.0
916.0
1268.25
441.75
1779.0
916.0
1218.25
441.75
1729.0
916.0
1168.25
441.75
1679.0
916.0
1118.25
441.75
1629.0
916.0
1068.25
441.75
1579.0
916.0
1018.25
441.75
1529.0
916.0
968.25
441.75
1479.0
916.0
932.5
1684.75
1429.0
916.0
907.5
1659.75
1379.0
916.0
882.5
1634.75
1329.0
916.0
866.0
1601.25
1279.0
916.0
841.0
1576.25
1229.0
2181.0
831.75
1543.0
1179.0
2156.0
831.75
1518.0
1129.0
2131.0
831.75
1493.0
1079.0
2106.0
831.75
1468.0
1029.0
2081.0
831.75
1443.0
979.0
2056.0
831.75
2501.25
940.75
2031.0
831.75
2451.25
915.75
2006.0
831.75
2401.25
890.75
1981.0
831.75
2351.25
865.75
1931.5
831.75
2301.25
865.25
1881.5
831.75
2251.25
865.25
1854.75
831.75
3275.75
865.25
1829.75
831.75
3200.75
865.25
1804.75
831.75
3125.75
865.25
1779.75
831.75
3050.75
865.25
1754.75
831.75
2975.75
865.25
1729.75
831.75
2900.75
865.25
1704.75
831.75
2825.75
865.25
1679.75
831.75
2750.75
865.25
1654.75
831.75
2675.75
865.25
1629.75
831.75
2600.75
865.25
1604.75
831.75
2525.75
865.25
1579.75
831.75
2450.75
865.25
1554.75
831.75
2375.75
865.25
1529.75
831.75
2300.75
865.25
1504.75
831.75
2225.75
865.25
1479.75
831.75
2150.75
865.25
1454.75
831.75
2075.75
865.25
1429.75
823.75
2008.75
865.25
1404.75
823.0
1934.5
865.25
1379.75
823.0
1880.25
844.5
1343.75
823.0
1830.25
830.5
2386.0
823.0
1785.75
830.5
2336.0
823.0
1735.75
830.5
2304.5
2372.0
1689.0
830.5
2254.5
2347.0
1664.0
830.5
2213.25
2314.75
1637.5
830.5
2172.5
2279.5
1616.5
827.5
2147.5
2239.75
1594.75
814.0
2122.5
2214.0
1545.5
814.0
2097.5
2173.5
1511.0
814.0
2068.5
2131.75
1500.25
795.5
2030.5
2097.0
1473.0
795.5
1990.0
2059.75
1450.75
795.5
1959.5
2017.5
1443.0
776.0
1924.5
1978.75
1431.75
761.0
1879.0
1950.75
1413.5
2323.5
1841.25
1925.75
1413.5
2286.25
1816.25
1900.75
1389.0
2260.75
1783.0
1875.75
1387.25
2220.75
1739.0
1850.75
1387.25
2189.75
1714.0
3376.75
1371.25
2158.5
1689.0
3326.75
1371.25
2133.5
1664.0
3276.75
1371.25
2108.5
1639.0
3226.75
1371.25
2083.5
1614.0
3176.75
1371.25
2058.5
1589.0
3126.75
1371.25
2033.5
1564.0
3076.75
1371.25
2008.5
1543.0
3026.75
1371.25
3076.0
1543.0
2976.75
1371.25
3026.0
1543.0
2926.75
1371.25
2976.0
1543.0
2876.75
1371.25
2926.0
1543.0
2826.75
1371.25
2876.0
1543.0
2776.75
1371.25
2826.0
1543.0
2726.75
1371.25
2776.0
1543.0
2676.75
1371.25
2726.0
1543.0
2626.75
1371.25
2676.0
1543.0
2576.75
1371.25
2626.0
1543.0
2526.75
1371.25
2576.0
1543.0
2476.75
1371.25
2526.0
1543.0
2426.75
1371.25
2476.0
1543.0
2376.75
1371.25
2426.0
1543.0
2326.75
1371.25
2376.0
1543.0
2276.75
1371.25
2326.0
1543.0
2226.75
1371.25
2276.0
1543.0
2176.75
1371.25
2226.0
1543.0
2126.75
1371.25
2176.0
1543.0
2076.75
1371.25
2126.0
1543.0
2026.75
1371.25
2076.0
1539.75
1980.0
1371.25
2026.0
1536.5
1950.5
1361.75
1968.25
1536.5
1900.5
1361.75
1918.25
1536.5
1857.5
1361.75
1861.25
1527.0
1827.0
1353.75
1809.25
1518.5
1791.75
1352.5
1754.25
1518.5
1737.0
1332.25
1729.25
1507.75
1692.0
1327.0
1690.25
1507.25
1656.0
1295.25
1658.5
1491.5
1624.0
1295.25
1606.25
1491.5
1584.75
1295.25
1545.5
1491.5
1554.0
1276.75
1494.75
1462.25
1529.0
1276.75
1449.0
1434.0
1484.0
1275.0
1424.0
1403.25
1459.0
1255.75
1399.0
1371.25
1432.25
1234.5
1379.0
1356.75
1372.75
1212.25
1375.25
1354.5
1343.25
1192.5
1326.75
1339.75
1301.0
1192.25
1284.0
1331.75
1268.5
1160.25
1256.5
1295.25
1251.75
1155.75
1214.25
1290.5
1224.5
1125.0
1177.0
1277.25
1196.25
1109.75
1133.75
1244.25
1155.25
1106.5
1111.0
1219.25
1116.75
1081.5
1099.5
1160.75
1088.75
1073.25
1094.25
1135.25
1043.0
1058.5
1080.25
1088.5
1012.25
1058.5
1057.75
1037.0
988.5
1045.25
1046.25
1025.25
957.5
1015.5
1018.75
976.75
944.5
988.75
1007.0
954.5
928.0
968.0
966.5
921.75
905.0
952.0
938.25
916.0
882.5
913.5
905.0
886.0
850.25
901.0
879.75
872.25
819.25
857.25
868.25
844.75
809.75
825.25
837.25
808.75
773.25
818.75
816.25
789.75
754.0
791.5
781.75
763.25
721.25
774.5
758.0
726.25
700.0
753.5
737.25
706.75
673.0
734.25
703.0
685.0
654.75
699.75
677.5
656.25
632.75
668.25
659.75
629.25
596.75
658.0
633.0
602.25
581.0
629.25
604.5
571.5
546.5
615.75
583.25
553.25
528.0
577.0
558.75
522.5
514.5
552.0
528.0
512.75
471.0
516.75
516.5
475.5
462.5
507.25
471.75
468.0
417.0
472.0
460.0
420.5
391.5
462.75
442.25
360.25
366.5
448.0
442.25
335.25
350.5
407.25
424.0
320.25
342.5
385.0
369.25
307.5
307.25
385.0
317.25
307.5
285.0
348.5
276.0
281.0
268.75
327.25
240.0
218.25
265.25
315.0
218.5
201.5
220.25
289.25
206.0
173.5
210.5
269.0
164.0
143.5
176.0
250.75
146.75
112.0
153.0
220.75
131.25
108.25
121.75
183.0
104.0
78.75
97.75
162.75
77.75
57.5
84.0
115.75
59.75
34.25
61.75
94.75
26.25
12.25
25.75
64.25
14.75
1.0
0.75
14.25
1.0
