3.157235622406006
3.157415807247162
3.1575165390968323
3.1630260348320007
3.3925899267196655
3.392744481563568
3.392807960510254
3.393273711204529
3.5782023668289185
3.5784305930137634
3.5785054564476013
3.5787611603736877
3.760186553001404
3.7639307975769043
3.764001786708832
3.7640976905822754
4.073195040225983
4.078393340110779
4.07854825258255
4.078777611255646
4.249711215496063
4.25001847743988
4.250087738037109
4.252102434635162
4.343900978565216
4.3444249629974365
4.3444889187812805
4.344546914100647
4.332732260227203
4.332805752754211
4.332933783531189
4.334092080593109
4.3930447697639465
4.393107295036316
4.393495976924896
4.393557548522949
4.677865505218506
4.677935719490051
4.6779972314834595
4.678051710128784
4.655674338340759
4.655739068984985
4.655795097351074
4.655848324298859
4.5336384773254395
4.533701002597809
4.533755779266357
4.533808410167694
4.5386146903038025
4.5386709570884705
4.5387232303619385
4.538773953914642
4.591607093811035
4.591669380664825
4.591729938983917
4.591783165931702
4.655625998973846
4.655684769153595
4.655740022659302
4.65579354763031
4.702667236328125
4.702727317810059
4.702781796455383
4.7028345465660095
4.6487855315208435
4.648843765258789
4.64889669418335
4.648948013782501
4.6651089787483215
4.665179014205933
4.665233016014099
4.665284693241119
4.684704661369324
4.684770882129669
4.6848249435424805
4.6848766803741455
4.650784432888031
4.650848746299744
4.650904417037964
4.650979459285736
5.019899487495422
5.019958019256592
5.020012974739075
5.02006471157074
4.90347945690155
4.903537750244141
4.9035913944244385
4.903643488883972
4.609080970287323
4.609138488769531
4.6091912388801575
4.609241962432861
4.835195541381836
4.835253298282623
4.835307002067566
4.835358023643494
4.576053261756897
4.576111555099487
4.5761659145355225
4.576263248920441
4.698049485683441
4.698108971118927
4.698161780834198
4.698239028453827
4.7394514083862305
4.739513039588928
4.7395689487457275
4.739619970321655
4.643506765365601
4.6435659527778625
4.64361971616745
4.643674731254578
4.648628234863281
4.648687183856964
4.648741662502289
4.648798406124115
4.700080096721649
4.700138032436371
4.700192511081696
4.700245678424835
4.847720742225647
4.847785770893097
4.847846210002899
4.847901284694672
4.787356495857239
4.7874215841293335
4.7874778509140015
4.787532329559326
4.829200327396393
4.8292800188064575
4.829341530799866
4.829427063465118
4.903754234313965
4.903818428516388
4.903874456882477
4.903930485248566
4.974562764167786
4.974627137184143
4.97470098733902
4.974757552146912
5.144902765750885
5.144963204860687
5.145017027854919
5.145069241523743
5.029300272464752
5.029374480247498
5.029431998729706
5.0295034646987915
5.059415698051453
5.05947870016098
5.059532940387726
5.059585213661194
5.182992219924927
5.1830567717552185
5.183116257190704
5.183192789554596
4.994190871715546
4.994248688220978
4.994302690029144
4.994354605674744
5.14437198638916
5.144429266452789
5.144485712051392
5.144537508487701
5.110118806362152
5.110184550285339
5.110241055488586
5.110371828079224
5.117008984088898
5.117074251174927
5.117129802703857
5.117184281349182
5.1891732811927795
5.189231276512146
5.189285218715668
5.189336717128754
5.201731324195862
5.201790273189545
5.201853811740875
5.201910316944122
5.190147519111633
5.190207302570343
5.190262019634247
5.19032621383667
5.220196485519409
5.220261752605438
5.220328509807587
5.220389187335968
5.409524857997894
5.409581661224365
5.409647464752197
5.409711956977844
5.61498749256134
5.615046501159668
5.615107476711273
5.615159511566162
5.699031829833984
5.699088752269745
5.699141085147858
5.699190616607666
5.815621912479401
5.815685749053955
5.815741717815399
5.815794467926025
5.997240304946899
5.9973015785217285
5.997358798980713
5.9974082708358765
5.909420192241669
5.9094855189323425
5.909538269042969
5.90958845615387
5.906818866729736
5.906874060630798
5.906925559043884
5.90698105096817
6.099205672740936
6.0992923974990845
6.099346458911896
6.09939569234848
6.012322008609772
6.012377500534058
6.012429714202881
6.01247775554657
5.993005812168121
5.993062496185303
5.993115544319153
5.993164598941803
5.983551502227783
5.983609199523926
5.983662486076355
5.983734726905823
6.010023832321167
6.01008152961731
6.010135114192963
6.010184109210968
5.974328696727753
5.974396467208862
5.974451243877411
5.974500834941864
6.023262023925781
6.023320317268372
6.023372292518616
6.023419797420502
6.396638929843903
6.396695256233215
6.396748244762421
6.396797776222229
6.400082528591156
6.400136768817902
6.400187790393829
6.400236010551453
6.3615946769714355
6.361652493476868
6.361710429191589
6.361761212348938
6.323201537132263
6.323258340358734
6.3233113288879395
6.32336151599884
6.146276354789734
6.146333336830139
6.146387040615082
6.146443486213684
6.480956494808197
6.481013238430023
6.481065928936005
6.481115520000458
6.555095314979553
6.555150091648102
6.555201232433319
6.555249035358429
6.542806804180145
6.542864799499512
6.542961239814758
6.543018102645874
6.378109574317932
6.378165006637573
6.378217279911041
6.3782655000686646
6.290443420410156
6.29050087928772
6.290554463863373
6.29060572385788
6.41893595457077
6.418993234634399
6.419046521186829
6.419095277786255
6.179991543292999
6.180047869682312
6.180105268955231
6.180206835269928
6.406512200832367
6.406569242477417
6.406621217727661
6.406669735908508
6.42769318819046
6.427753567695618
6.4278064370155334
6.427854955196381
6.494274973869324
6.494338035583496
6.494393229484558
6.494447231292725
6.473926246166229
6.473982751369476
6.47403609752655
6.474087357521057
6.522009015083313
6.5220789313316345
6.522137224674225
6.5221874713897705
6.613030552864075
6.613085925579071
6.613138496875763
6.6131978034973145
6.54202139377594
6.542079448699951
6.542144179344177
6.542199671268463
6.407376348972321
6.407456994056702
6.407520055770874
6.407573759555817
6.593665659427643
6.593724727630615
6.593778908252716
6.593829154968262
6.508899807929993
6.508982002735138
6.509039521217346
6.509090304374695
6.444565057754517
6.44462525844574
6.444681286811829
6.444745242595673
6.75002384185791
6.750081241130829
6.75013655424118
6.750187635421753
6.562419056892395
6.562475800514221
6.562530100345612
6.56257951259613
6.479031980037689
6.4790900349617
6.479142963886261
6.479192912578583
6.747549474239349
6.747604429721832
6.747657001018524
6.747705459594727
6.919487774372101
6.919550538063049
6.919607579708099
6.919666767120361
6.8230196833610535
6.823080658912659
6.823135256767273
6.8231841921806335
7.1551215052604675
7.155224561691284
7.1552897691726685
7.1553454995155334
6.951688587665558
6.951743543148041
6.9517951011657715
6.951842904090881
7.005631446838379
7.0057467222213745
7.005806982517242
7.0058751702308655
7.082958221435547
7.083013892173767
7.083069443702698
7.083118200302124
6.993946075439453
6.994010269641876
6.994066774845123
6.994128465652466
6.9242517948150635
6.924307584762573
6.924359083175659
6.924406588077545
6.9510817527771
6.951141595840454
6.9511942863464355
6.951243996620178
7.108240187168121
7.1082945466041565
7.108344256877899
7.108402490615845
7.301558196544647
7.301617741584778
7.30167031288147
7.3017207980155945
7.368138551712036
7.368203282356262
7.368257462978363
7.368316233158112
7.361462235450745
7.361519038677216
7.361579060554504
7.361630797386169
7.527744710445404
7.527801990509033
7.527850925922394
7.527936279773712
7.542315721511841
7.542385995388031
7.542442202568054
7.5424909591674805
7.718464970588684
7.718526780605316
7.718576729297638
7.718624711036682
7.8022632002830505
7.802320778369904
7.802371501922607
7.80242121219635
7.75791597366333
7.757986426353455
7.758036494255066
7.7580872774124146
7.765521466732025
7.765579044818878
7.765646457672119
7.765697181224823
7.680834770202637
7.680895805358887
7.680945694446564
7.681011259555817
7.781345784664154
7.781407833099365
7.7814770340919495
7.781533777713776
7.727030694484711
7.727088809013367
7.727138936519623
7.727187514305115
7.764800190925598
7.76486074924469
7.764913022518158
7.764964044094086
7.844407260417938
7.844466209411621
7.84451699256897
7.844566285610199
7.607772707939148
7.607830047607422
7.60787969827652
7.607928216457367
7.806693196296692
7.806751489639282
7.806802690029144
7.806851446628571
7.912851989269257
7.912908971309662
7.9129621386528015
7.913011968135834
7.8873515129089355
7.8874897956848145
7.887547075748444
7.887598037719727
7.849625945091248
7.849717915058136
7.849798738956451
7.849848926067352
7.7145403027534485
7.714607238769531
7.714658319950104
7.714707016944885
7.8847784996032715
7.884848475456238
7.884945213794708
7.884999752044678
7.923787951469421
7.923845052719116
7.9238967299461365
7.923945724964142
7.834279000759125
7.834336280822754
7.834386765956879
7.834436237812042
7.969056487083435
7.969116270542145
7.96916651725769
7.969215512275696
7.853676021099091
7.853737235069275
7.8537867069244385
7.8538429737091064
7.881122946739197
7.881186008453369
7.881237506866455
7.881286978721619
8.237084746360779
8.2371506690979
8.237206757068634
8.23725551366806
8.1756152510643
8.175684750080109
8.175772249698639
8.17582392692566
8.143296837806702
8.143353819847107
8.143404066562653
8.143452525138855
8.467264473438263
8.467339277267456
8.467393457889557
8.467456698417664
8.299470007419586
8.299531042575836
8.29958200454712
8.299630224704742
8.357900500297546
8.357962787151337
8.35801374912262
8.358061254024506
8.271653652191162
8.271711468696594
8.27176147699356
8.271808207035065
8.227529048919678
8.227587282657623
8.22763729095459
8.227684319019318
8.472460210323334
8.472516298294067
8.472565293312073
8.472611486911774
8.323046326637268
8.323102295398712
8.323151767253876
8.3231982588768
8.22397780418396
8.224032580852509
8.224085032939911
8.224136531352997
8.260896503925323
8.26095324754715
8.261006474494934
8.261059284210205
8.191667258739471
8.191727757453918
8.191785454750061
8.191833555698395
8.286399483680725
8.286456227302551
8.286505997180939
8.28655469417572
8.547149181365967
8.547206997871399
8.54725706577301
8.547304689884186
8.505787551403046
8.505849957466125
8.505901277065277
8.505949020385742
8.412685751914978
8.412745177745819
8.412796258926392
8.412844002246857
8.528217256069183
8.528273940086365
8.528326690196991
8.528376936912537
8.550755798816681
8.550814270973206
8.550866305828094
8.550950288772583
8.572219491004944
8.572293996810913
8.572353541851044
8.572403013706207
8.57180005311966
8.5718634724617
8.571922242641449
8.571971774101257
8.43373429775238
8.433791995048523
8.433842241764069
8.433890223503113
8.787794530391693
8.787854552268982
8.787909507751465
8.78796100616455
8.584787547588348
8.5848428606987
8.584892511367798
8.58493846654892
8.638170063495636
8.63824325799942
8.638295292854309
8.638343811035156
8.845265448093414
8.845325946807861
8.845377445220947
8.845425426959991
8.844497740268707
8.844552993774414
8.844603180885315
8.84466540813446
8.819881081581116
8.819936513900757
8.819985330104828
8.820031583309174
8.890389025211334
8.890447497367859
8.890498995780945
8.890547811985016
8.79607629776001
8.79613173007965
8.796181201934814
8.796227753162384
8.863516509532928
8.86357295513153
8.863623023033142
8.863671481609344
8.901390790939331
8.901445806026459
8.901513755321503
8.90156227350235
9.023739039897919
9.023798048496246
9.023873031139374
9.023934781551361
9.20272696018219
9.202786684036255
9.202838480472565
9.202886998653412
9.080971717834473
9.0810307264328
9.081081449985504
9.081130027770996
9.327771008014679
9.327841758728027
9.327901542186737
9.327951729297638
9.524239838123322
9.52430933713913
9.524360358715057
9.524407804012299
9.594971001148224
9.595028758049011
9.595088720321655
9.595165491104126
9.635494828224182
9.635551512241364
9.635601997375488
9.635650038719177
9.626593112945557
9.626647293567657
9.626695334911346
9.626741647720337
9.645803272724152
9.645859777927399
9.645910501480103
9.645958542823792
9.690045714378357
9.690100252628326
9.69014984369278
9.690196514129639
9.725750803947449
9.725805759429932
9.725853264331818
9.725898504257202
9.692992985248566
9.693048894405365
9.6930992603302
9.693147420883179
9.733534514904022
9.733588755130768
9.73363709449768
9.733683824539185
9.765159785747528
9.765213310718536
9.76526129245758
9.765307486057281
9.690675735473633
9.6907320022583
9.690783023834229
9.69083046913147
9.851250231266022
9.85130649805069
9.851356029510498
9.85140323638916
9.74127048254013
9.741330921649933
9.741384983062744
9.741431653499603
9.909722983837128
9.909778475761414
9.909848511219025
9.909898459911346
9.817330002784729
9.817385256290436
9.817434787750244
9.817492008209229
9.89594680070877
9.896005034446716
9.896054565906525
9.896101295948029
10.140562415122986
10.140621721744537
10.140672206878662
10.140720188617706
10.027398705482483
10.02745646238327
10.027511179447174
10.027558445930481
9.997592508792877
9.99764770269394
9.997696280479431
9.997742533683777
9.875329494476318
9.875384986400604
9.875434219837189
9.875489711761475
9.94830697774887
9.948362171649933
9.948411762714386
9.948458194732666
10.103577017784119
10.103635489940643
10.103687763214111
10.103742957115173
9.933238804340363
9.933308959007263
9.933362782001495
9.933427214622498
9.963076531887054
9.963130474090576
9.963178515434265
9.963225305080414
9.88851648569107
9.888576686382294
9.88864403963089
9.888694941997528
10.043335199356079
10.043425738811493
10.04348349571228
10.043543219566345
10.258147776126862
10.258201777935028
10.25824922323227
10.258295059204102
10.36525821685791
10.365318477153778
10.365382671356201
10.365435421466827
10.378903687000275
10.37896066904068
10.379010200500488
10.379060685634613
10.437651216983795
10.43770718574524
10.43775600194931
10.437802016735077
10.206629574298859
10.206685781478882
10.206734240055084
10.206782042980194
10.264540016651154
10.264596164226532
10.264644920825958
10.264691472053528
10.395444512367249
10.395504117012024
10.395553767681122
10.395601034164429
10.449739456176758
10.449794709682465
10.44984370470047
10.449891209602356
10.274040043354034
10.274094581604004
10.274142742156982
10.274188756942749
10.46460098028183
10.464656293392181
10.464707732200623
10.464755475521088
10.619179487228394
10.619235455989838
10.619285225868225
10.619332432746887
10.505365252494812
10.505421757698059
10.505473256111145
10.50552123785019
10.489114046096802
10.48917031288147
10.489223301410675
10.489270687103271
10.686040818691254
10.686100542545319
10.686153531074524
10.686203837394714
10.575157880783081
10.575215935707092
10.575267493724823
10.575316607952118
10.70359069108963
10.7036634683609
10.70374220609665
10.703795731067657
10.702330708503723
10.70238870382309
10.702440798282623
10.702490031719208
10.494485795497894
10.494545578956604
10.494607031345367
10.494657814502716
10.779602468013763
10.77967095375061
10.779731452465057
10.779782950878143
10.671155214309692
10.671212673187256
10.671263754367828
10.671312510967255
10.634015321731567
10.634070575237274
10.634120345115662
10.63416701555252
10.874921262264252
10.874976992607117
10.875025689601898
10.875072538852692
10.778809487819672
10.77886551618576
10.778914988040924
10.77896249294281
10.866375803947449
10.866442501544952
10.866493284702301
10.866592049598694
10.892237961292267
10.892292439937592
10.892340302467346
10.892386496067047
10.707166492938995
10.707220733165741
10.70726877450943
10.707314789295197
11.010907292366028
11.010962307453156
11.011011362075806
11.011058330535889
10.891954720020294
10.892010807991028
10.892060458660126
10.892108261585236
10.887176036834717
10.887231528759003
10.887281060218811
10.887328505516052
10.893677532672882
10.893743991851807
10.893795490264893
10.893847048282623
10.992936313152313
10.992991745471954
10.993040561676025
10.993086814880371
11.05875426530838
11.05880880355835
11.058857560157776
11.058903992176056
11.106201767921448
11.106258749961853
11.106316983699799
11.106366217136383
11.030650198459625
11.03070592880249
11.030780971050262
11.03083223104477
11.04230523109436
11.042361438274384
11.042412221431732
11.042460680007935
11.128361225128174
11.128414452075958
11.128462255001068
11.12850797176361
11.258749723434448
11.258803009986877
11.2588512301445
11.25889778137207
11.194902777671814
11.194959580898285
11.195010602474213
11.195059835910797
11.098731398582458
11.098788261413574
11.098838686943054
11.098886489868164
11.15286773443222
11.152925550937653
11.152973353862762
11.153018832206726
11.416246473789215
11.416301310062408
11.416347801685333
11.416391789913177
11.385344982147217
11.385404288768768
11.385454297065735
11.3855020403862
11.282275199890137
11.282329976558685
11.28237771987915
11.282423734664917
11.296016991138458
11.296072542667389
11.296119511127472
11.29616403579712
11.349545300006866
11.34960150718689
11.349651515483856
11.3496994972229
11.51241797208786
11.512471437454224
11.51251894235611
11.51256549358368
11.529079794883728
11.529134035110474
11.529182314872742
11.529228806495667
11.431878924369812
11.431940197944641
11.431989192962646
11.432036519050598
11.446641206741333
11.44669657945633
11.446744799613953
11.446802735328674
11.618829011917114
11.618891298770905
11.618952810764313
11.619047284126282
11.670707523822784
11.670765280723572
11.670814514160156
11.670861005783081
11.501248240470886
11.50130695104599
11.50135850906372
11.501404523849487
11.487042009830475
11.487094819545746
11.48714131116867
11.48718649148941
11.711022198200226
11.711076438426971
11.71112471818924
11.711171269416809
11.848739564418793
11.848794281482697
11.848856270313263
11.848907232284546
11.76103800535202
11.761092960834503
11.761141300201416
11.761187493801117
11.666080594062805
11.666135847568512
11.666185081005096
11.666231751441956
11.573895752429962
11.573950707912445
11.574000418186188
11.57404738664627
11.989428997039795
11.989488542079926
11.989537715911865
11.989585041999817
11.88289225101471
11.882952690124512
11.883003115653992
11.883051872253418
11.78138154745102
11.781434535980225
11.781483054161072
11.781529545783997
11.697992026805878
11.698047995567322
11.698096930980682
11.69814419746399
