-1.0
2609.75
1041.25
1365.75
-1.0
2669.75
1308.75
1444.75
-1.0
2621.75
1477.25
1419.75
-1.0
2684.0
1452.25
1394.75
-1.0
2798.5
1427.25
1369.75
-1.0
2748.5
1402.25
1344.75
-1.0
2698.5
1377.25
1319.75
-1.0
2648.5
1352.25
1294.75
-1.0
2598.5
1327.25
1269.75
-1.0
2548.5
1302.25
1244.75
-1.0
2498.5
1277.25
1219.75
-1.0
2448.5
1252.25
1194.75
-1.0
2398.5
1227.25
1169.75
-1.0
2348.5
1202.25
1144.75
-1.0
2298.5
1177.25
1119.75
-1.0
2248.5
1152.25
1094.75
-1.0
2198.5
1127.25
1069.75
-1.0
2148.5
1102.25
1044.75
-1.0
2098.5
1077.25
1019.75
-1.0
2048.5
1052.25
994.75
-1.0
1998.5
1027.25
969.75
-1.0
1948.5
1002.25
944.75
-1.0
1898.5
977.25
919.75
-1.0
1848.5
952.25
894.75
-1.0
1798.5
927.25
869.75
-1.0
1748.5
902.25
844.75
-1.0
1698.5
877.25
819.75
-1.0
1648.5
852.25
794.75
-1.0
1598.5
827.25
769.75
-1.0
1548.5
802.25
744.75
-1.0
1498.5
777.25
719.75
-1.0
1448.5
752.25
694.75
-1.0
1398.5
727.25
669.75
-1.0
1348.5
702.25
644.75
-1.0
1298.5
677.25
619.75
-1.0
1248.5
652.25
594.75
-1.0
1198.5
627.25
569.75
-1.0
1148.5
602.25
544.75
-1.0
1098.5
577.25
519.75
-1.0
1048.5
552.25
494.75
-1.0
998.5
527.25
469.75
-1.0
948.5
502.25
444.75
-1.0
898.5
477.25
419.75
-1.0
848.5
452.25
394.75
-1.0
798.5
427.25
369.75
-1.0
748.5
402.25
344.75
-1.0
698.5
377.25
319.75
1564.5
648.5
352.25
300.5
1539.5
611.25
327.25
1859.0
1514.5
586.25
302.25
1834.0
1489.5
561.25
277.25
1809.0
1464.5
561.0
252.25
3312.75
1439.5
561.0
227.25
3262.75
1414.5
561.0
202.25
3212.75
1389.5
561.0
177.25
3162.75
1364.5
561.0
152.25
3112.75
1339.5
561.0
127.25
3062.75
1314.5
561.0
102.25
3012.75
1289.5
561.0
77.25
2962.75
1264.5
561.0
52.25
2912.75
1239.5
561.0
27.25
2862.75
1214.5
2092.75
24.0
2812.75
1189.5
2067.75
24.0
2762.75
1164.5
2042.75
24.0
2712.75
1139.5
2017.75
24.0
2662.75
1114.5
1992.75
24.0
2612.75
1089.5
1967.75
24.0
2562.75
1064.5
1942.75
24.0
2512.75
1039.5
1917.75
24.0
2462.75
1014.5
1892.75
24.0
2412.75
989.5
1867.75
24.0
2362.75
964.5
1842.75
24.0
2312.75
939.5
1817.75
24.0
2262.75
914.5
1792.75
24.0
2212.75
889.5
1767.75
24.0
2162.75
864.5
1742.75
24.0
2112.75
839.5
1717.75
24.0
2062.75
814.5
1692.75
24.0
2012.75
789.5
1667.75
24.0
1962.75
764.5
1642.75
24.0
1912.75
739.5
1617.75
24.0
1862.75
714.5
1592.75
24.0
1812.75
689.5
1567.75
24.0
1762.75
664.5
1542.75
24.0
1712.75
639.5
1517.75
24.0
1662.75
614.5
1492.75
24.0
1612.75
589.5
1467.75
24.0
1562.75
564.5
1442.75
24.0
1512.75
539.5
1417.75
24.0
1462.75
514.5
1392.75
24.0
1412.75
493.0
1367.75
1590.75
1362.75
493.0
1342.75
1565.75
1312.75
493.0
1317.75
1540.75
1262.75
493.0
1287.75
1515.75
1217.75
493.0
1237.75
1490.75
1192.75
493.0
1187.75
1465.75
1167.75
493.0
1137.75
1440.75
1142.75
493.0
1065.25
1415.75
1140.25
493.0
1009.25
2943.0
1140.25
493.0
959.25
2893.0
1140.25
493.0
909.25
2843.0
1140.25
493.0
867.5
4338.75
1140.25
493.0
842.5
4263.75
1140.25
493.0
817.5
4188.75
1140.25
493.0
792.5
4113.75
1140.25
493.0
767.5
4038.75
1140.25
493.0
742.5
3963.75
1140.25
493.0
717.5
3888.75
1140.25
493.0
692.5
3813.75
1140.25
493.0
667.5
3738.75
1140.25
493.0
642.5
3663.75
1140.25
493.0
617.5
3588.75
1140.25
493.0
592.5
3513.75
1140.25
493.0
567.5
3438.75
1140.25
493.0
542.5
3363.75
1140.25
493.0
517.5
3288.75
1140.25
493.0
492.5
3213.75
1140.25
493.0
467.5
3138.75
1140.25
493.0
442.5
3063.75
1140.25
493.0
417.5
2988.75
1140.25
493.0
392.5
2913.75
1140.25
493.0
367.5
2838.75
1140.25
493.0
342.5
2763.75
1140.25
493.0
335.5
2670.75
1140.25
493.0
335.5
2588.5
2676.25
493.0
335.5
2513.5
2651.25
493.0
335.5
2438.5
2626.25
493.0
335.5
2363.5
2601.25
493.0
335.5
2288.5
2576.25
493.0
335.5
2213.5
2551.25
493.0
335.5
2138.5
2526.25
493.0
335.5
2063.5
2501.25
493.0
335.5
1988.5
2476.25
472.5
335.5
1934.0
2451.25
447.5
335.5
1884.0
2426.25
422.5
335.5
1834.0
2401.25
397.5
335.5
1784.0
2376.25
396.0
335.5
1734.0
2327.75
396.0
335.5
1670.25
2291.5
396.0
335.5
1595.25
2266.5
396.0
335.5
1520.25
2241.5
396.0
335.5
1445.25
2216.5
396.0
335.5
1370.25
2191.5
382.25
335.5
1312.75
2162.75
357.25
335.5
1262.75
2137.75
332.25
335.5
1212.75
2112.75
307.25
335.5
1162.75
2087.75
282.25
315.0
1133.25
2062.75
257.25
290.0
1108.25
2037.75
232.25
267.75
1080.5
2012.75
207.25
267.75
1045.75
1972.5
182.25
267.75
1020.75
1922.5
168.25
267.75
984.75
1872.5
168.25
267.75
934.75
1822.5
168.25
267.75
884.75
1772.5
168.25
267.75
854.5
1702.75
1703.5
267.75
829.5
1645.75
1661.75
267.75
821.25
1595.75
1611.75
267.75
821.25
1545.75
1565.75
1835.0
821.25
1495.75
3091.25
1810.0
821.25
1465.5
3041.25
1785.0
821.25
1440.5
2991.25
1760.0
821.25
1415.5
2941.25
1735.0
821.25
1390.5
2891.25
1710.0
821.25
1365.5
2841.25
1685.0
821.25
1340.5
2791.25
1660.0
821.25
1315.5
2741.25
1635.0
821.25
1290.5
2691.25
1610.0
821.25
1265.5
2641.25
1585.0
821.25
1240.5
2591.25
1560.0
821.25
1215.5
2541.25
1535.0
821.25
1190.5
2491.25
1510.0
821.25
1165.5
2441.25
1485.0
821.25
1140.5
2391.25
1460.0
821.25
1115.5
2341.25
1435.0
821.25
1090.5
2291.25
1410.0
821.25
1065.5
2241.25
1385.0
821.25
1040.5
2191.25
1360.0
821.25
1015.5
2141.25
1335.0
821.25
990.5
2091.25
1310.0
821.25
965.5
2041.25
1285.0
821.25
940.5
1991.25
1260.0
821.25
915.5
1941.25
1235.0
821.25
890.5
1891.25
1210.0
821.25
865.5
1841.25
1185.0
821.25
840.5
3331.5
1160.0
821.25
829.25
3256.5
1135.0
821.25
829.25
3181.5
1110.0
821.25
829.25
3106.5
1085.0
821.25
829.25
3031.5
1060.0
821.25
829.25
2956.5
1035.0
821.25
829.25
2881.5
1010.0
821.25
829.25
2806.5
985.0
821.25
829.25
2731.5
960.0
821.25
829.25
2656.5
935.0
821.25
829.25
2581.5
910.0
821.25
829.25
2506.5
885.0
821.25
829.25
2431.5
860.0
821.25
829.25
2356.5
835.0
821.25
829.25
2281.5
810.0
821.25
829.25
2206.5
785.0
821.25
829.25
2131.5
760.0
821.25
829.25
2056.5
735.0
821.25
829.25
1981.5
710.0
821.25
829.25
1906.5
685.0
821.25
829.25
1854.25
660.0
821.25
806.5
1804.25
635.0
821.25
781.5
1754.25
610.0
821.25
756.5
1715.0
585.0
810.5
731.5
1665.0
560.0
810.5
706.5
1615.0
535.0
810.5
681.5
1565.0
510.0
794.75
672.25
1515.0
506.5
748.25
672.25
1476.5
506.5
698.25
660.75
1451.5
506.5
648.25
635.75
1426.5
506.5
598.25
610.75
1401.5
506.5
548.25
585.75
1376.5
484.0
520.75
560.75
1351.5
472.75
495.75
522.0
1326.5
472.75
470.75
472.0
1289.25
472.75
458.0
422.0
1239.25
472.75
441.75
388.25
1189.25
472.75
416.75
363.25
1139.25
472.75
391.75
338.25
1089.25
472.75
362.25
317.75
1036.0
458.25
330.0
317.75
986.0
433.25
305.0
317.75
936.0
408.25
280.0
317.75
886.0
383.25
255.0
317.75
827.0
367.25
230.0
317.75
773.25
360.75
190.25
317.75
723.25
335.75
165.25
317.75
673.25
310.75
140.25
317.75
623.25
285.75
115.25
317.75
573.25
260.75
105.75
302.25
523.25
235.75
105.75
277.25
473.25
210.75
105.75
252.25
446.75
162.25
105.75
227.25
421.75
113.5
105.75
201.0
396.75
81.0
91.25
173.0
371.75
56.0
66.25
148.0
346.75
31.0
41.25
123.0
321.75
6.0
16.25
98.0
257.5
-2.0
-2.0
88.5
182.5
-2.0
-2.0
63.5
107.5
-2.0
-2.0
38.5
32.5
-2.0
-2.0
13.5
