2.914211690425873
2.9718682169914246
3.054514765739441
3.1743767857551575
3.2586334943771362
3.346276342868805
3.4456244707107544
3.5293802618980408
3.6295477747917175
3.694102704524994
3.823745012283325
3.9095635414123535
3.989093542098999
4.064156770706177
4.153720259666443
4.329305708408356
4.427417516708374
4.626454174518585
4.8099905252456665
4.905287563800812
4.9837687611579895
5.057002246379852
5.17617803812027
5.257669746875763
5.366619527339935
5.475159227848053
5.53944057226181
5.663530766963959
5.716217935085297
5.770779728889465
5.918226480484009
6.116802275180817
6.244521737098694
6.431115746498108
6.588217258453369
6.635306477546692
6.694313228130341
6.7828240394592285
6.883568465709686
6.904448747634888
7.031432807445526
7.115022003650665
7.1633190512657166
7.236566245555878
7.305771470069885
7.374578475952148
7.451339066028595
7.592460513114929
7.663304507732391
7.746007978916168
7.874966502189636
7.949393570423126
7.99296236038208
8.017736256122589
8.023271977901459
8.03477668762207
8.08783209323883
8.119070768356323
8.14083480834961
8.18358451128006
8.21152150630951
8.248136937618256
8.255395472049713
8.289851486682892
8.297085642814636
8.340141475200653
8.365173280239105
8.406000912189484
8.404247045516968
8.441578209400177
8.457793533802032
8.432294070720673
8.43237680196762
8.435506999492645
8.55175668001175
8.569989025592804
8.681952178478241
8.695754289627075
8.691258311271667
8.694977164268494
8.652429282665253
8.656053483486176
8.663567006587982
8.658072531223297
8.676433265209198
8.682727813720703
8.706035256385803
8.716707527637482
8.73104453086853
8.753842949867249
8.804438769817352
8.856945276260376
8.869810998439789
8.889936447143555
8.91462391614914
8.944374978542328
8.967577934265137
8.997798204421997
9.020075142383575
9.05392873287201
9.067385196685791
9.115699768066406
9.151240944862366
9.155103743076324
9.220892071723938
9.22702270746231
9.244646310806274
9.248512744903564
9.281069040298462
9.281447052955627
9.32592123746872
9.34785932302475
9.403631567955017
9.412270784378052
9.41705471277237
9.4646435379982
9.508321166038513
9.485408544540405
9.50348424911499
9.548891603946686
9.5831800699234
9.606655478477478
9.643260061740875
9.652960479259491
9.683661103248596
9.720428049564362
9.754485607147217
9.769165992736816
9.800018668174744
9.81064122915268
9.860491752624512
9.879369556903839
9.90055626630783
9.926798284053802
9.997880399227142
10.039920508861542
10.079762816429138
10.115455985069275
10.160054743289948
10.181150257587433
10.19622403383255
10.205706715583801
10.225510776042938
10.223505795001984
10.246987342834473
10.247976779937744
10.246859014034271
10.306589543819427
10.308667242527008
10.314653515815735
10.33768492937088
10.345034718513489
10.357075572013855
10.388736963272095
10.443311274051666
10.461632072925568
10.555672407150269
10.572507858276367
10.578788042068481
10.584356009960175
10.618729531764984
10.638338565826416
10.646152973175049
10.665529251098633
10.69676297903061
10.713405787944794
10.713306725025177
10.699299216270447
10.736403226852417
10.742977261543274
10.78330147266388
10.839923024177551
10.852410435676575
10.941326558589935
10.9681915640831
10.980797469615936
11.003627181053162
11.006841778755188
11.036430180072784
11.039229810237885
11.052956283092499
11.069129765033722
11.102174043655396
11.113807439804077
11.110577642917633
11.149816036224365
11.151676714420319
11.174214243888855
11.202291786670685
11.240516483783722
11.247425198554993
11.269240200519562
11.272886991500854
11.298362255096436
11.323825776576996
11.384274423122406
11.44647490978241
11.47552901506424
11.484929502010345
11.527732253074646
11.51964420080185
11.541538536548615
11.56556499004364
11.59794270992279
11.587397456169128
11.598247766494751
11.596837520599365
11.625361204147339
11.689258754253387
11.696599245071411
11.706620514392853
11.734992742538452
11.748796284198761
11.93551653623581
11.957823753356934
11.995823442935944
12.006872236728668
12.041826009750366
12.062126278877258
12.09821230173111
12.2234565615654
12.251712262630463
12.236153542995453
12.266071200370789
12.277864217758179
12.286693751811981
12.311416327953339
12.332208275794983
12.33299720287323
12.376580238342285
12.38582193851471
12.427704691886902
12.463146269321442
12.476058721542358
12.48372370004654
12.492700457572937
12.52222204208374
12.534107446670532
12.591602802276611
12.579258024692535
12.616006314754486
12.66552472114563
12.678067564964294
12.696395754814148
12.716270983219147
12.721030533313751
12.720470428466797
12.731604218482971
12.733634293079376
