1.5582616329193115
1.558408498764038
1.5585005283355713
1.558791995048523
1.5712045431137085
1.5713045597076416
1.5713764429092407
1.5714505910873413
1.537423014640808
1.5374984741210938
1.537558913230896
1.5376169681549072
1.5051515102386475
1.5053049325942993
1.5053759813308716
1.5054394006729126
1.5269559621810913
1.5270215272903442
1.5270824432373047
1.5271384716033936
1.507612943649292
1.5076791048049927
1.5077381134033203
1.5077955722808838
1.759803056716919
1.7598649263381958
1.7599209547042847
1.7599765062332153
1.6680680513381958
1.6681278944015503
1.6681829690933228
1.6682369709014893
1.6883615255355835
1.688422441482544
1.6884855031967163
1.6886179447174072
1.8806225061416626
1.88074791431427
1.8808859586715698
1.8809504508972168
1.8392105102539062
1.839268445968628
1.839322566986084
1.8393745422363281
1.9187204837799072
1.918807864189148
1.9188679456710815
1.9189233779907227
2.0288424491882324
2.0288984775543213
2.0289595127105713
2.0290595293045044
1.9999018907546997
1.9999583959579468
2.0000123977661133
2.0000659227371216
1.9751648902893066
1.9752213954925537
1.9752744436264038
1.9753268957138062
2.006266474723816
2.0063250064849854
2.006379008293152
2.0064319372177124
1.9631315469741821
1.963189959526062
1.9632434844970703
1.9632960557937622
1.9159940481185913
1.9160524606704712
1.916106939315796
1.916159987449646
1.9171539545059204
1.9172109365463257
1.9172639846801758
1.91731595993042
1.9081929922103882
1.9082515239715576
1.9083055257797241
1.9083595275878906
1.9162631034851074
1.9163190126419067
1.9163734912872314
1.9164265394210815
1.9490224123001099
1.9490820169448853
1.94913649559021
1.9491900205612183
1.9533345699310303
1.953393578529358
1.953456997871399
1.9535341262817383
1.9167640209197998
1.916821002960205
1.9168765544891357
1.9169299602508545
1.9201010465621948
1.9201685190200806
1.9202250242233276
1.9203180074691772
1.9949023723602295
1.9949613809585571
1.99501633644104
1.9950718879699707
1.9566819667816162
1.9567419290542603
1.9568284749984741
1.9568893909454346
1.961242914199829
1.9613028764724731
1.961359977722168
1.9614155292510986
2.012674927711487
2.012734532356262
2.0127899646759033
2.0128449201583862
2.0287795066833496
2.0288397073745728
2.0288960933685303
2.0289511680603027
2.0846606492996216
2.0847880840301514
2.084858536720276
2.084918975830078
2.093601107597351
2.093662142753601
2.0937180519104004
2.093772530555725
2.0808025598526
2.0808624029159546
2.0809295177459717
2.080984950065613
2.1815595626831055
2.1816200017929077
2.1816749572753906
2.181729555130005
2.1950185298919678
2.1950775384902954
2.1951370239257812
2.1951910257339478
2.194441556930542
2.1945184469223022
2.194575548171997
2.1946585178375244
2.1364439725875854
2.136501908302307
2.136556029319763
2.1366275548934937
2.232637405395508
2.2326998710632324
2.261554479598999
2.2616385221481323
2.1808875799179077
2.180957078933716
2.1810370683670044
2.1810970306396484
2.399044990539551
2.399817943572998
2.3999030590057373
2.3999664783477783
2.4047199487686157
2.4060219526290894
2.4061044454574585
2.4061670303344727
2.6324985027313232
2.6325700283050537
2.6326295137405396
2.6326866149902344
2.9672125577926636
2.9673049449920654
2.9673694372177124
2.967429518699646
3.199108362197876
3.1992013454437256
3.1992679834365845
3.199328899383545
3.627797484397888
3.6279224157333374
3.627994418144226
3.6286895275115967
3.760580539703369
3.762363076210022
3.7624475955963135
3.762813091278076
4.259084463119507
4.2591530084609985
4.259213924407959
4.259329080581665
4.347153544425964
4.347300052642822
4.347366452217102
4.347494006156921
4.644523501396179
4.64460289478302
4.644667983055115
4.644727468490601
4.88767147064209
4.904121518135071
4.904206991195679
4.911948084831238
5.042354345321655
5.043441891670227
5.043532490730286
5.043597459793091
5.407037019729614
5.407163381576538
5.4073638916015625
5.407831430435181
5.5400999784469604
5.540220499038696
5.542004942893982
5.542114019393921
5.947932004928589
5.948020577430725
5.94808554649353
5.949397444725037
6.047438979148865
6.047526478767395
6.047606945037842
6.047717094421387
6.0443243980407715
6.045699954032898
6.0457844734191895
6.045849919319153
6.405774116516113
6.405853629112244
6.4059154987335205
6.405974507331848
7.083616495132446
7.083706974983215
7.099727511405945
7.0998159646987915
7.421621561050415
7.421699047088623
7.422074556350708
7.422199130058289
7.872471451759338
7.872535943984985
7.8731160163879395
7.873196482658386
8.650771975517273
8.65083634853363
8.650893926620483
8.650955438613892
8.856798887252808
8.856884956359863
8.85694694519043
8.857116460800171
8.990978956222534
8.991045951843262
8.991167902946472
8.992748379707336
9.351422429084778
9.35148799419403
9.351547002792358
9.351723551750183
9.391062378883362
9.391154408454895
9.391214370727539
9.39151644706726
9.496351957321167
9.496425986289978
9.49656879901886
9.496648907661438
9.534361004829407
9.534425497055054
9.534483432769775
9.534544467926025
9.494994521141052
9.495060443878174
9.495118975639343
9.495185494422913
9.439929962158203
9.440002918243408
9.44006097316742
9.440122961997986
9.485146522521973
9.48521900177002
9.4852774143219
9.485338926315308
9.493571043014526
9.49363660812378
9.49369502067566
9.493756532669067
9.606936931610107
9.607001066207886
9.607059001922607
9.607122540473938
9.552608132362366
9.552693128585815
9.552769541740417
9.552852630615234
9.523337960243225
9.523403406143188
9.523460388183594
9.523589849472046
9.456964015960693
9.457029581069946
9.45708703994751
9.45714795589447
9.412295460700989
9.41245186328888
9.41267192363739
9.412745952606201
9.652924418449402
9.652990937232971
9.653048992156982
9.65311050415039
9.62243902683258
9.622503399848938
9.622564911842346
9.622625946998596
9.59703505039215
9.597143530845642
9.597269535064697
9.597336530685425
9.648332476615906
9.64839792251587
9.648455381393433
9.64855444431305
9.60629689693451
9.60638153553009
9.606523990631104
9.60667884349823
9.564246535301208
9.564335942268372
9.56440794467926
9.564669370651245
9.511228561401367
9.51129150390625
9.511350989341736
9.511412501335144
9.631936073303223
9.632004022598267
9.632064580917358
9.63213062286377
9.688604593276978
9.688673973083496
9.68876850605011
9.688831567764282
9.659504532814026
9.659571409225464
9.659629583358765
9.659693002700806
9.605693936347961
9.605772495269775
9.605833411216736
9.605937957763672
9.590431094169617
9.590495109558105
9.590552568435669
9.590613603591919
9.944775462150574
9.944858074188232
9.944953560829163
9.945021510124207
9.802658438682556
9.802807450294495
9.80289089679718
9.80296790599823
9.638896942138672
9.638993978500366
9.63905656337738
9.639121413230896
9.846611022949219
9.846689462661743
9.846747875213623
9.846871495246887
9.821717619895935
9.821781516075134
9.82183849811554
9.82189953327179
9.704869389533997
9.704940438270569
9.704999446868896
9.705157041549683
9.763844609260559
9.763909101486206
9.76396656036377
9.764028549194336
9.74394941329956
9.744014978408813
9.744073510169983
9.744167447090149
9.717169523239136
9.71728003025055
9.717339515686035
9.717404961585999
9.7908034324646
9.790868520736694
9.79096806049347
9.791041493415833
9.720482349395752
9.720547914505005
9.720605969429016
9.720692873001099
9.638877391815186
9.63894248008728
9.63900101184845
9.63906443119049
9.76025903224945
9.760324001312256
9.760382533073425
9.7604740858078
9.915717005729675
9.915780544281006
9.915837526321411
9.915897488594055
9.93187940120697
9.931943416595459
9.932000398635864
9.932061910629272
9.879628896713257
9.879693984985352
9.879751920700073
9.879812359809875
10.488901376724243
10.48896598815918
10.489023447036743
10.489084839820862
10.372414588928223
10.37251901626587
10.3725825548172
10.372644066810608
10.327070593833923
10.327134490013123
10.327192068099976
10.327249526977539
10.313461422920227
10.313547968864441
10.313646078109741
10.313714027404785
10.317036151885986
10.317216038703918
10.317288637161255
10.317354440689087
10.603740572929382
10.603886604309082
10.603954434394836
10.604020595550537
10.507184028625488
10.5072580575943
10.507319569587708
10.507380962371826
10.356115460395813
10.35618245601654
10.356243014335632
10.356302499771118
10.407240509986877
10.4073086977005
10.407368063926697
10.407427668571472
10.99680209159851
10.996868014335632
10.996938586235046
10.99699604511261
11.061737418174744
11.061811447143555
11.061872482299805
11.06192946434021
11.101343512535095
11.101408958435059
11.101467370986938
11.101523876190186
11.032492995262146
11.032561540603638
11.03262197971344
11.032678961753845
10.982554078102112
10.982621550559998
10.982681512832642
10.98274052143097
11.122754454612732
11.122821569442749
11.122881054878235
11.12293803691864
11.063037037849426
11.06310498714447
11.063164949417114
11.063223004341125
10.979069590568542
10.979138016700745
10.979230523109436
10.979292035102844
10.919407486915588
10.919678926467896
10.919782400131226
10.919849514961243
11.014075994491577
11.014145016670227
11.014214992523193
11.014272093772888
10.965698480606079
10.965764999389648
10.965825915336609
10.965883016586304
11.131633400917053
11.131702423095703
11.13181746006012
11.131875872612
11.081940531730652
11.082008481025696
11.082069039344788
11.082125425338745
11.077730536460876
11.077798962593079
11.07785940170288
11.077916502952576
11.037457942962646
11.03752601146698
11.037585377693176
11.037642478942871
11.045830488204956
11.045897483825684
11.045957565307617
11.046014428138733
11.056055545806885
11.056120991706848
11.05618953704834
11.056246042251587
11.02147102355957
11.021538496017456
11.02159857749939
11.021656513214111
10.996363520622253
10.996431589126587
10.996491551399231
10.996548056602478
11.069610476493835
11.070818424224854
11.070903897285461
11.070965051651001
11.08469808101654
11.084767460823059
11.084832906723022
11.084890961647034
11.399552941322327
11.399645447731018
11.399712443351746
11.399774551391602
11.144123554229736
11.144882440567017
11.158833503723145
11.15891706943512
11.405308485031128
11.405376553535461
11.405436396598816
11.40549349784851
11.446277499198914
11.446344494819641
11.446404457092285
11.446487426757812
11.364331126213074
11.364397644996643
11.36446213722229
11.364519596099854
11.218644499778748
11.218713521957397
11.2187739610672
11.218831419944763
11.25323748588562
11.253303050994873
11.253361582756042
11.253419041633606
11.234872937202454
11.234938979148865
11.234998345375061
11.235055923461914
11.34589147567749
11.34595799446106
11.346040964126587
11.346104979515076
11.245988011360168
11.246053576469421
11.246113419532776
11.246169447898865
11.317068099975586
11.31713593006134
11.317196011543274
11.317253589630127
11.34220290184021
11.342270374298096
11.342351913452148
11.342446446418762
11.299625039100647
11.29969048500061
11.299750447273254
11.299806952476501
11.270708560943604
11.270783424377441
11.270843386650085
11.270901083946228
11.145766973495483
11.145830392837524
11.145888924598694
11.145944356918335
11.213721990585327
11.21378755569458
11.213847041130066
11.21390450000763
11.194437503814697
11.194505453109741
11.194565534591675
11.19462251663208
11.26514756679535
11.265211462974548
11.26526951789856
11.265326023101807
11.312945008277893
11.313016414642334
11.313079476356506
11.313140511512756
11.37067699432373
11.370743989944458
11.37080454826355
11.370861053466797
11.5346360206604
11.534703612327576
11.53476357460022
11.534821033477783
11.588281989097595
11.588347434997559
11.588407039642334
11.588463068008423
11.461853981018066
11.461920976638794
11.46198046207428
11.462037444114685
11.34459400177002
11.344687461853027
11.34475302696228
11.344812512397766
11.323667049407959
11.323734045028687
11.32379412651062
11.323851108551025
11.44743001461029
11.44749653339386
11.447556018829346
11.447614073753357
11.501057028770447
11.501229524612427
11.501299381256104
11.50135886669159
11.494375467300415
11.494444489479065
11.494504928588867
11.494561910629272
11.721727967262268
11.721796989440918
11.721888542175293
11.721967577934265
11.765371918678284
11.765439987182617
11.765499949455261
11.765557050704956
11.6944979429245
11.694564461708069
11.694623947143555
11.69468092918396
11.872231006622314
11.872299432754517
11.872359991073608
11.872416496276855
11.71720290184021
11.717319965362549
11.717393517494202
11.717453002929688
11.69970452785492
11.69978153705597
11.69985556602478
11.69991397857666
11.803087830543518
11.80315387248993
11.803213477134705
11.803269386291504
11.74848198890686
11.748551487922668
11.748612523078918
11.749024987220764
11.703628540039062
11.703692436218262
11.703751564025879
11.703807473182678
11.752564430236816
11.752642393112183
11.752707481384277
11.75284743309021
11.77364695072174
11.773714423179626
11.77377450466156
11.773987054824829
11.685688018798828
11.685755014419556
11.6858149766922
11.685871958732605
11.809666395187378
11.809733510017395
11.809792876243591
11.809849977493286
11.870597004890442
11.870668053627014
11.870729088783264
11.870790004730225
12.090786457061768
12.090854525566101
12.090915083885193
12.090973019599915
12.1455659866333
12.145662426948547
12.145726919174194
12.145787477493286
12.296770930290222
12.296923398971558
12.297003984451294
12.297116994857788
12.102815985679626
12.102885961532593
12.102947473526001
12.10300600528717
12.354105949401855
12.354175567626953
12.354236483573914
12.354293942451477
12.236712455749512
12.236801981925964
12.236875057220459
12.236934423446655
12.268209457397461
12.268333911895752
12.268552422523499
12.268614888191223
12.414853930473328
12.414918422698975
12.414977431297302
12.415032982826233
12.384664058685303
12.38473105430603
12.384791493415833
12.384849429130554
12.20984399318695
12.209911108016968
12.209971070289612
12.210028648376465
12.139350891113281
12.139418482780457
12.139482975006104
12.139539957046509
12.988431453704834
12.988497495651245
12.988556981086731
12.988629460334778
12.867260932922363
12.867326498031616
12.867385506629944
12.86744248867035
13.102334141731262
13.102408051490784
13.102469563484192
13.102526664733887
13.056156992912292
13.056224465370178
13.056284427642822
13.056341528892517
13.022680521011353
13.02274751663208
13.022806406021118
13.02286410331726
13.024268984794617
13.024345517158508
13.024407148361206
13.024465084075928
13.137080907821655
13.137145400047302
13.13720440864563
13.137260437011719
13.109442472457886
13.109508514404297
13.109568476676941
13.109626054763794
13.115078330039978
13.11514437198639
13.115203380584717
13.115277886390686
13.106719017028809
13.10678493976593
13.106845498085022
13.106902480125427
13.243064045906067
13.243140578269958
13.24320101737976
13.243257522583008
13.195942401885986
13.196013450622559
13.196075320243835
13.196133375167847
13.19992446899414
13.19999098777771
13.20004951953888
13.200106024742126
13.189184546470642
13.18925154209137
13.189326047897339
13.189393997192383
13.379444360733032
13.37951147556305
13.379570960998535
13.37962794303894
13.187619090080261
13.187685489654541
13.187744498252869
13.187801599502563
13.374866366386414
13.374931931495667
13.374990463256836
13.375045895576477
13.776626467704773
13.77669107913971
13.776749968528748
13.776805996894836
13.685737490653992
13.685803055763245
13.685861468315125
13.685917496681213
13.62874984741211
13.628816962242126
13.628876328468323
13.628932356834412
13.905629515647888
13.905693888664246
13.905752062797546
13.905807971954346
13.80048954486847
13.800561547279358
13.800620555877686
13.800675988197327
13.916826367378235
13.91689395904541
13.916955471038818
13.917014002799988
13.76517105102539
13.76523745059967
13.765296936035156
13.765353441238403
13.804479479789734
13.80454397201538
13.804603576660156
13.804659485816956
13.873569965362549
13.873638391494751
13.873697996139526
13.873754978179932
13.899153113365173
13.899218440055847
13.899283528327942
13.899340510368347
13.850767970085144
13.850832462310791
13.850892543792725
13.850949048995972
13.83814799785614
13.838211059570312
13.838269114494324
13.838324546813965
13.863458395004272
13.863525986671448
13.863585472106934
13.86364197731018
13.872290015220642
13.872355937957764
13.87241506576538
13.872471570968628
14.142239809036255
14.142304301261902
14.14236295223236
14.142417907714844
13.915107011795044
13.915171504020691
13.91523003578186
13.915286540985107
14.066328883171082
14.066397428512573
14.066457986831665
14.066514492034912
14.017845034599304
14.01793110370636
14.018033623695374
14.018116116523743
13.969277143478394
13.96938407421112
13.969447612762451
13.96950614452362
13.861862897872925
13.861929416656494
13.86198902130127
13.862046003341675
13.875290513038635
13.875353574752808
13.875411033630371
13.87546706199646
13.904097437858582
13.90416693687439
13.904228448867798
13.904287457466125
13.900117039680481
13.900199055671692
13.90027105808258
13.90038251876831
13.93803346157074
13.938112497329712
13.938179016113281
13.93823754787445
14.024078011512756
14.02416706085205
14.024274468421936
14.024336576461792
14.018900036811829
14.018967509269714
14.019029021263123
14.019087433815002
13.947849988937378
13.947916865348816
13.947977900505066
13.948035955429077
13.913328528404236
13.913394093513489
13.913454532623291
13.913512587547302
14.036027073860168
14.036096096038818
14.036158084869385
14.036217451095581
14.091284036636353
14.091350555419922
14.091411113739014
14.091474056243896
14.038755536079407
14.03882348537445
14.038885593414307
14.038944482803345
13.949232578277588
13.949298024177551
13.949358105659485
13.949416041374207
14.170078873634338
14.170151472091675
14.170213460922241
14.170272946357727
14.041348457336426
14.041434526443481
14.041499972343445
14.041560530662537
14.04140305519104
14.041474461555481
14.041536569595337
14.041618943214417
14.053139925003052
14.053207397460938
14.053304433822632
14.05336880683899
13.984913110733032
13.984979629516602
13.985039472579956
13.985098123550415
14.048307538032532
14.048389434814453
14.048453450202942
14.04851245880127
14.080371499061584
14.080447554588318
14.080510020256042
14.08082401752472
14.05100393295288
14.05108392238617
14.051147937774658
14.051239848136902
14.02410089969635
14.024169445037842
14.02423095703125
14.024288892745972
14.133355021476746
14.133424997329712
14.133487462997437
14.133548021316528
14.27039110660553
14.270461082458496
14.270567536354065
14.270633459091187
14.093565583229065
14.09363603591919
14.093698501586914
14.09375810623169
14.157785415649414
14.15785551071167
14.157916903495789
14.157976388931274
14.145553469657898
14.145624041557312
14.145686507225037
14.145745396614075
14.167701482772827
14.167783975601196
14.167875528335571
14.16793942451477
14.197789430618286
14.19785737991333
14.197917938232422
14.197976469993591
14.492196917533875
14.49226689338684
14.492342352867126
14.492419481277466
14.318421483039856
14.31849193572998
14.318554997444153
14.318618893623352
14.35811996459961
14.358189940452576
14.358251452445984
14.358315467834473
14.580997109413147
14.58106553554535
14.581127524375916
14.581189513206482
14.581242561340332
14.58131206035614
14.581374049186707
14.581432938575745
14.617612957954407
14.617701053619385
14.617861032485962
14.6179701089859
14.7236989736557
14.723769545555115
14.72385859489441
14.723923563957214
14.72737193107605
14.727439045906067
14.727499604225159
14.727558016777039
14.809954524040222
14.81002652645111
14.8100905418396
14.810163021087646
14.712347030639648
14.712432026863098
14.712507009506226
14.712568998336792
14.599256992340088
14.59932541847229
14.59938645362854
14.59944486618042
14.500692486763
14.500762581825256
14.500862002372742
14.500953912734985
14.533287525177002
14.533372163772583
14.533433556556702
14.533493041992188
14.608863949775696
14.608935475349426
14.609001398086548
14.609060525894165
14.704127669334412
14.704197645187378
14.704258561134338
14.704318523406982
14.744147062301636
14.744238495826721
14.744302988052368
14.744364023208618
14.718020915985107
14.718085050582886
14.718146443367004
14.7182035446167
15.161147594451904
15.161215543746948
15.16127598285675
15.161334991455078
14.914928078651428
14.915008068084717
14.915086150169373
14.915173053741455
14.89923894405365
14.89930784702301
14.899369478225708
14.899462938308716
14.99997341632843
15.000041484832764
15.000102519989014
15.000162482261658
14.971465945243835
14.971562385559082
14.971630334854126
14.971696496009827
14.94926106929779
14.94932997226715
14.949436068534851
14.949496507644653
14.938543558120728
14.938612580299377
14.938673973083496
14.938733100891113
14.85274851322174
14.852818489074707
14.852894067764282
14.852970004081726
14.81516408920288
14.81523311138153
14.815295577049255
14.815354585647583
15.05473506450653
15.054875612258911
15.05494749546051
15.055008053779602
14.971560001373291
14.971633553504944
14.971697449684143
14.971758961677551
15.178123116493225
15.178194522857666
15.178262114524841
15.178322076797485
15.066877484321594
15.066949009895325
15.067012429237366
15.0670725107193
15.194229006767273
15.194296479225159
15.194356918334961
15.194416046142578
15.3427494764328
15.342817425727844
15.342878460884094
15.342936992645264
15.193126440048218
15.193194508552551
15.19325602054596
15.193315982818604
15.347846508026123
15.347914934158325
15.347976922988892
15.34803557395935
15.339998602867126
15.340067505836487
15.340128540992737
15.340186595916748
15.127303123474121
15.12737262248993
15.127435088157654
15.127494096755981
15.292232990264893
15.292301058769226
15.292361497879028
15.292420983314514
15.163365006446838
15.163434505462646
15.163496494293213
15.163581013679504
15.398927927017212
15.39899754524231
15.399059057235718
15.399118423461914
15.36324393749237
15.363314032554626
15.363375544548035
15.363433957099915
15.226245522499084
15.22631549835205
15.2263765335083
15.22643494606018
15.287419557571411
15.28748905658722
15.287551045417786
15.287610054016113
15.610422492027283
15.610491871833801
15.61055338382721
15.610613346099854
15.129063963890076
15.129132509231567
15.12919294834137
15.129253029823303
15.804405927658081
15.80447793006897
15.804540991783142
15.804601430892944
15.342589974403381
15.342660903930664
15.34272289276123
15.342782497406006
15.409541010856628
15.409614443778992
15.409676432609558
15.409735560417175
15.69122052192688
15.691288948059082
15.691349506378174
15.691408514976501
15.813419580459595
15.813488960266113
15.813551425933838
15.813609957695007
15.66988492012024
15.669954419136047
15.670015931129456
15.670074462890625
15.751288056373596
15.751361012458801
15.751423597335815
15.751482486724854
15.80331003665924
15.803379535675049
15.803442478179932
15.80350148677826
15.766296982765198
15.76636254787445
15.7664235830307
15.766481518745422
15.730952501296997
15.731033563613892
15.731099009513855
15.731159567832947
15.762620568275452
15.76268994808197
15.762751936912537
15.762811541557312
15.480714917182922
15.480785369873047
15.480847358703613
15.480907440185547
15.775876522064209
15.775946855545044
15.776009440422058
15.776073336601257
15.830083012580872
15.830235481262207
15.830362439155579
15.830583095550537
15.801601529121399
15.801669120788574
15.80173110961914
15.801789045333862
15.863965511322021
15.864033460617065
15.864095568656921
15.86415445804596
15.81902003288269
15.819088459014893
15.8191499710083
15.819208025932312
15.654230952262878
15.65434992313385
15.654412508010864
15.654472470283508
15.885537505149841
15.88560700416565
15.885668516159058
15.885728120803833
15.913147568702698
15.91321313381195
15.913272619247437
15.913330554962158
15.905319571495056
15.905388951301575
15.905450940132141
15.905510067939758
15.773290991783142
15.773358464241028
15.773418426513672
15.77347707748413
16.15900695323944
16.159075021743774
16.159136414527893
16.15919554233551
16.36177349090576
16.3619145154953
16.361979484558105
16.362039923667908
16.093513011932373
16.09358251094818
16.093644618988037
16.093703508377075
16.377872943878174
16.37795639038086
16.378020882606506
16.378082871437073
15.752751588821411
15.752821564674377
15.752884030342102
15.75294542312622
15.657770037651062
15.657840967178345
15.657907962799072
15.65796685218811
16.034074068069458
16.034191012382507
16.034313917160034
16.034379482269287
16.533336520195007
16.533405423164368
16.533466935157776
16.53354585170746
16.530417919158936
16.530483961105347
16.530543446540833
16.530601501464844
16.08633005619049
16.086395978927612
16.08645749092102
16.08651554584503
16.528911590576172
16.529058575630188
16.52913010120392
16.52919912338257
16.307906985282898
16.307976603507996
16.308038592338562
16.30809795856476
16.05954146385193
16.059608459472656
16.059669494628906
16.059727549552917
16.34654700756073
16.34661555290222
16.346676468849182
16.346734523773193
16.548117995262146
16.54818344116211
16.548243522644043
16.54830050468445
16.36675262451172
16.366820573806763
16.36688208580017
16.3669410943985
15.85034966468811
15.85041856765747
15.850480556488037
15.850540161132812
16.401301383972168
16.4013694524765
16.40143096446991
16.401489973068237
16.380701541900635
16.38076961040497
16.380831003189087
16.380921602249146
16.0116605758667
16.011728644371033
16.0117906332016
16.011849641799927
16.27627658843994
16.276344656944275
16.276405572891235
16.276464581489563
16.079150557518005
16.07924449443817
16.079309940338135
16.079371452331543
16.30365550518036
16.303722977638245
16.303784012794495
16.303842544555664
16.71673595905304
16.716802954673767
16.7168630361557
16.71692144870758
16.59664750099182
16.59671700000763
16.596778988838196
16.596837520599365
16.566556930541992
16.56668448448181
16.566752433776855
16.566818356513977
16.228549361228943
16.22861897945404
16.228684902191162
16.228744983673096
16.996940970420837
16.997008562088013
16.997069478034973
16.997164011001587
16.96319544315338
16.963273525238037
16.963338017463684
16.963398456573486
16.231670022010803
16.23173761367798
16.231799006462097
16.23188805580139
16.25805354118347
16.25814116001129
16.258214116096497
16.2582745552063
16.421600461006165
16.421671509742737
16.42173445224762
16.421794056892395
16.406286120414734
16.40635347366333
16.406416654586792
16.406474590301514
16.278810501098633
16.278892517089844
16.27896249294281
16.2790344953537
17.032543540000916
17.03261661529541
17.03267812728882
17.032737016677856
17.029658913612366
17.029730558395386
17.029792547225952
17.02985644340515
16.81686794757843
16.81693696975708
16.816999435424805
16.81705904006958
16.86378788948059
16.863866925239563
16.86393094062805
16.863990902900696
16.921968460083008
16.922079920768738
16.922178030014038
16.92226791381836
17.019451379776
17.019522547721863
17.01961398124695
17.019684076309204
16.84251296520233
16.842594981193542
16.842697024345398
16.84277594089508
16.549211978912354
16.549283027648926
16.54934597015381
16.549421548843384
16.553034901618958
16.553219437599182
16.55330491065979
16.5533709526062
16.605011582374573
16.605082988739014
16.605145573616028
16.605205535888672
16.964966893196106
16.965041875839233
16.965104460716248
16.965163469314575
17.041282057762146
17.041407465934753
17.041484475135803
17.04209852218628
16.61607813835144
16.616146564483643
16.616207599639893
16.616272568702698
17.369328022003174
17.369399547576904
17.369462609291077
17.369521975517273
17.433520436286926
17.43359100818634
17.433653950691223
17.433714032173157
17.372724056243896
17.37279450893402
17.372857093811035
17.37295353412628
17.471881985664368
17.471951484680176
17.47201406955719
17.47207248210907
17.369948506355286
17.37001609802246
17.370078086853027
17.370137572288513
16.911367535591125
16.91144549846649
16.911510944366455
16.91157042980194
17.659217953681946
17.65928554534912
17.65934693813324
17.659405946731567
16.703289031982422
16.70335590839386
16.70341646671295
16.703474402427673
16.68976354598999
16.689833402633667
16.68989646434784
16.68995702266693
17.33583092689514
17.335902452468872
17.335964918136597
17.33602547645569
16.829915404319763
16.830000400543213
16.830065369606018
16.830127477645874
16.926953434944153
16.92703890800476
16.92710041999817
16.92715895175934
17.01350164413452
17.013587474822998
17.01366400718689
17.013777136802673
17.112035393714905
17.11210548877716
17.112168431282043
17.112228512763977
16.919788002967834
16.919854044914246
16.919914960861206
16.919978499412537
17.105916500091553
17.105987071990967
17.10604953765869
17.106109023094177
17.0555499792099
17.055619478225708
17.055680990219116
17.055739998817444
17.076056003570557
17.07612657546997
17.076189041137695
17.076248049736023
17.264904022216797
17.264976382255554
17.2650408744812
17.265101552009583
16.920218467712402
16.920292019844055
16.920354962348938
16.920414090156555
16.92912995815277
16.929226398468018
16.92929744720459
16.929358959197998
17.61361253261566
17.61368155479431
17.61374306678772
17.613806009292603
17.645320892333984
17.6453914642334
17.645453929901123
17.64551293849945
17.618385553359985
17.618473529815674
17.61853802204132
17.61859893798828
17.718468070030212
17.71853744983673
17.718618512153625
17.71869146823883
17.10010302066803
17.100172877311707
17.1002539396286
17.100313425064087
17.281238913536072
17.281308889389038
17.281402468681335
17.2814679145813
17.342011094093323
17.342102527618408
17.34220850467682
17.34227454662323
17.277276396751404
17.277344942092896
17.277406454086304
17.27746593952179
18.022382020950317
18.02245044708252
18.022511959075928
18.022570967674255
18.03105056285858
18.031129479408264
18.03119659423828
18.031266450881958
18.002750635147095
18.00284695625305
18.00295901298523
18.003023982048035
18.237899899482727
18.237989902496338
18.23805296421051
18.238152861595154
17.926854014396667
17.92692255973816
17.926996111869812
17.92707598209381
18.741765022277832
18.741840958595276
18.74198305606842
18.742053985595703
18.728832960128784
18.728914618492126
18.729003071784973
18.729068994522095
18.22189736366272
18.221967935562134
18.2220299243927
18.222088932991028
18.18996250629425
18.190065622329712
18.190146446228027
18.19025993347168
18.21596896648407
18.216062545776367
18.216127514839172
18.216187000274658
18.131766438484192
18.13189995288849
18.131990551948547
18.1321759223938
17.981451988220215
17.981552481651306
17.981663465499878
17.981729984283447
17.464289903640747
17.464361429214478
17.464450478553772
17.464518904685974
17.629176020622253
17.629243969917297
17.629304885864258
17.629364490509033
17.693735480308533
17.693803429603577
17.693864941596985
17.693924069404602
17.809970021247864
17.81003701686859
17.81009793281555
17.810157537460327
17.724204897880554
17.724270462989807
17.72433042526245
17.724388480186462
18.154512524604797
18.15458106994629
18.154643058776855
18.154701948165894
19.041443943977356
19.041513442993164
19.041574478149414
19.04163384437561
18.595149993896484
18.595221042633057
18.59528350830078
18.595343589782715
18.588455080986023
18.588553071022034
18.588633060455322
18.588694095611572
19.426279544830322
19.426348090171814
19.42641007900238
19.42646896839142
19.40128254890442
19.40138590335846
19.40145194530487
19.401512503623962
19.38323485851288
19.383322834968567
19.38338553905487
19.383445382118225
19.356744050979614
19.356812477111816
19.356873989105225
19.356932520866394
19.333242058753967
19.333341002464294
19.333451509475708
19.333516001701355
19.291528582572937
19.29159700870514
19.291658997535706
19.291717648506165
19.08817446231842
19.088245511054993
19.08836054801941
19.088425517082214
17.90166699886322
17.901735067367554
17.901795506477356
17.901856064796448
17.9709130525589
17.970983505249023
17.971046447753906
17.971107006072998
17.938695430755615
17.938769459724426
17.938836932182312
17.93889892101288
18.189539909362793
18.189608454704285
18.18967044353485
18.189732432365417
18.04594659805298
18.046019434928894
18.04608404636383
18.046144127845764
18.035253405570984
18.03532910346985
18.035391569137573
18.03545308113098
18.031827569007874
18.03189504146576
18.031956434249878
18.032015562057495
18.01137638092041
18.011489033699036
18.011554956436157
18.011615991592407
18.100061058998108
18.1001695394516
18.10023558139801
18.10037660598755
18.132706999778748
18.13280749320984
18.132872939109802
18.132933497428894
18.091068029403687
18.091136574745178
18.091198563575745
18.091257452964783
18.557741165161133
18.557809114456177
18.557896971702576
18.557964086532593
18.892325043678284
18.892391562461853
18.89245355129242
18.89251148700714
18.691252946853638
18.691334009170532
18.69141149520874
18.69147491455078
18.66178047657013
18.661898493766785
18.661972045898438
18.662033557891846
19.15995955467224
19.1600284576416
19.1601539850235
19.160216569900513
19.103561520576477
19.103633999824524
19.10369598865509
19.103754997253418
19.07210350036621
19.072171926498413
19.07223355770111
19.07229244709015
19.181912064552307
19.181980967521667
19.18204391002655
19.182103037834167
19.083069920539856
19.083166480064392
19.0832359790802
19.083298444747925
18.631681442260742
18.63175106048584
18.6318119764328
18.63188409805298
18.76322591304779
18.763296008110046
18.76335847377777
18.76341736316681
18.501702547073364
18.50177252292633
18.501837015151978
18.501899003982544
19.317357063293457
19.317437171936035
19.317500591278076
19.317593574523926
19.023638486862183
19.02372694015503
19.023831486701965
19.023903489112854
18.557129502296448
18.557236552238464
18.55732500553131
18.557387948036194
18.722970008850098
18.723042488098145
18.723104596138
18.723163962364197
18.852449417114258
18.85251796245575
18.852607011795044
18.852667570114136
18.886199474334717
18.886313557624817
18.886378526687622
18.886457920074463
18.681464076042175
18.681535124778748
18.681597590446472
18.68168842792511
18.642425537109375
18.642494559288025
18.642556071281433
18.642614483833313
19.26892352104187
19.269002079963684
19.269065618515015
19.269137978553772
19.29074203968048
19.290812015533447
19.290874481201172
19.290933966636658
19.20409858226776
19.204168677330017
19.204230666160583
19.204289078712463
18.738147020339966
18.738216400146484
18.738278031349182
18.73833656311035
19.438246488571167
19.438313007354736
19.43837296962738
19.43843102455139
19.7186279296875
19.718701004981995
19.718764066696167
19.71882390975952
18.981812596321106
18.98188054561615
18.98194193840027
18.98200559616089
19.21406090259552
19.21412944793701
19.21419095993042
19.214249968528748
19.72945749759674
19.729541540145874
19.729619026184082
19.729681372642517
19.536723494529724
19.536794543266296
19.53685748577118
19.537019968032837
19.708921432495117
19.709135055541992
19.709267020225525
19.70935046672821
19.76562798023224
19.76569652557373
19.765757083892822
19.765815496444702
19.64656889438629
19.64663541316986
19.64669692516327
19.646782875061035
19.496383547782898
19.496451497077942
19.496512532234192
19.49657142162323
20.179497957229614
20.17957305908203
20.179635524749756
20.179701924324036
20.834131479263306
20.83419895172119
20.83425998687744
20.834397435188293
20.71280002593994
20.712869882583618
20.712932467460632
20.712993025779724
20.5872620344162
20.58732843399048
20.587388396263123
20.587522864341736
20.520017981529236
20.520087957382202
20.52014946937561
20.520208477973938
20.419267892837524
20.419343948364258
20.419406533241272
20.419466018676758
20.362787008285522
20.36286759376526
20.36293053627014
20.362990975379944
20.330753564834595
20.330865025520325
20.330962538719177
20.331088542938232
20.17301046848297
20.17308247089386
20.173145055770874
20.173203468322754
20.050281882286072
20.05035090446472
20.050412893295288
20.05047297477722
19.736451983451843
19.736522912979126
19.736584901809692
19.73664355278015
19.864941954612732
19.865012645721436
19.865074515342712
19.86513352394104
20.141952991485596
20.142021536827087
20.14208209514618
20.1421400308609
20.107598543167114
20.107669591903687
20.107733488082886
20.107797503471375
20.008686065673828
20.00875163078308
20.008812189102173
20.008870601654053
19.913127064704895
19.91319704055786
19.913259506225586
19.913317918777466
20.140612483024597
20.140679955482483
20.14074194431305
20.140800952911377
21.04045796394348
21.040526509284973
21.040809512138367
21.040878891944885
20.930274486541748
20.930343985557556
20.930405974388123
20.930464506149292
20.879433035850525
20.879562497138977
20.879639625549316
20.87971305847168
20.703498005867004
20.703567028045654
20.703628540039062
20.70368802547455
20.631370067596436
20.63143754005432
20.63149905204773
20.631558537483215
20.842485427856445
20.8425509929657
20.8426114320755
20.84266948699951
20.748490929603577
20.748558521270752
20.748619437217712
20.74867844581604
20.669665575027466
20.66973304748535
20.669822096824646
20.669910550117493
20.48746144771576
20.487532019615173
20.487595915794373
20.48767340183258
20.374327540397644
20.374395489692688
20.374457001686096
20.374516010284424
20.35455048084259
20.35461699962616
20.35467755794525
20.354736924171448
20.28190791606903
20.281978845596313
20.282086491584778
20.282148361206055
20.171264052391052
20.171331524848938
20.171430587768555
20.171494960784912
20.229142546653748
20.22921049594879
20.229272484779358
20.229332089424133
20.101016521453857
20.10108506679535
20.10114598274231
20.101204991340637
20.108554482460022
20.10862398147583
20.108685612678528
20.108744025230408
