-1.0
2838.5
2835.0
-1.0
-1.0
2788.5
2917.0
-1.0
-1.0
2850.5
2867.0
-1.0
-1.0
2800.5
2942.0
-1.0
-1.0
2779.5
3025.0
-1.0
-1.0
2729.5
3018.5
-1.0
-1.0
2679.5
3094.5
-1.0
-1.0
2754.5
3113.0
-1.0
-1.0
2991.5
3063.0
-1.0
-1.0
3021.0
3530.0
-1.0
-1.0
2971.0
3480.0
-1.0
-1.0
3424.0
3452.5
-1.0
-1.0
3374.0
3402.5
-1.0
-1.0
3364.5
3468.0
-1.0
-1.0
3314.5
3448.5
-1.0
-1.0
3356.0
3398.5
-1.0
-1.0
3354.5
3465.0
-1.0
-1.0
3304.5
3415.0
-1.0
-1.0
3372.0
3365.0
-1.0
-1.0
3322.0
3512.0
-1.0
-1.0
3272.0
3462.0
-1.0
-1.0
3427.0
3412.0
-1.0
-1.0
3377.0
3474.5
-1.0
-1.0
3327.0
3424.5
-1.0
-1.0
3376.0
3585.0
-1.0
-1.0
3326.0
3535.0
-1.0
-1.0
3481.0
3516.0
-1.0
-1.0
3431.0
3466.0
-1.0
-1.0
3412.0
3610.5
-1.0
-1.0
3362.0
3627.0
-1.0
-1.0
3502.0
3674.5
-1.0
-1.0
3482.0
3716.0
-1.0
-1.0
3432.0
3806.5
-1.0
-1.0
3382.0
3756.5
-1.0
-1.0
3332.0
3706.5
-1.0
-1.0
3282.0
3773.5
-1.0
-1.0
3232.0
3829.5
-1.0
-1.0
3182.0
3814.5
-1.0
-1.0
3132.0
3849.5
-1.0
-1.0
3082.0
4239.5
-1.0
-1.0
3032.0
4198.5
-1.0
-1.0
4085.5
4148.5
-1.0
-1.0
4099.5
4098.5
-1.0
-1.0
4049.5
4048.5
-1.0
-1.0
3999.5
3998.5
-1.0
-1.0
3949.5
3948.5
-1.0
-1.0
3899.5
3898.5
-1.0
-1.0
3849.5
3848.5
-1.0
-1.0
3799.5
3798.5
-1.0
-1.0
3749.5
3748.5
-1.0
-1.0
3699.5
3698.5
-1.0
-1.0
3649.5
3648.5
-1.0
-1.0
3599.5
3598.5
-1.0
-1.0
3549.5
3548.5
-1.0
-1.0
3499.5
3498.5
-1.0
-1.0
3449.5
3448.5
-1.0
-1.0
3399.5
3398.5
-1.0
-1.0
9585.0
3362.0
-1.0
-1.0
9485.0
3362.0
-1.0
-1.0
9385.0
3362.0
-1.0
-1.0
9304.0
9592.0
-1.0
-1.0
9254.0
9542.0
-1.0
-1.0
9204.0
9492.0
-1.0
-1.0
9154.0
9442.0
-1.0
-1.0
9104.0
9392.0
-1.0
-1.0
9054.0
9342.0
-1.0
-1.0
9004.0
9292.0
-1.0
-1.0
8954.0
9242.0
-1.0
-1.0
8904.0
9192.0
-1.0
-1.0
8854.0
9142.0
-1.0
-1.0
8804.0
9092.0
-1.0
-1.0
8754.0
9042.0
-1.0
-1.0
8704.0
8992.0
-1.0
-1.0
8654.0
8942.0
-1.0
-1.0
8604.0
8892.0
-1.0
-1.0
8554.0
8842.0
-1.0
-1.0
8504.0
8792.0
-1.0
-1.0
8454.0
8742.0
-1.0
-1.0
8404.0
8692.0
-1.0
-1.0
8354.0
8642.0
-1.0
-1.0
8304.0
8592.0
-1.0
-1.0
8254.0
8542.0
-1.0
-1.0
8204.0
8492.0
-1.0
-1.0
8154.0
8442.0
-1.0
-1.0
8104.0
8392.0
-1.0
-1.0
8054.0
8342.0
-1.0
-1.0
8004.0
8292.0
-1.0
-1.0
7954.0
8242.0
-1.0
-1.0
7904.0
8192.0
-1.0
-1.0
7854.0
8142.0
-1.0
-1.0
7804.0
8092.0
-1.0
-1.0
7754.0
8042.0
-1.0
-1.0
7704.0
7992.0
-1.0
-1.0
7654.0
7942.0
-1.0
-1.0
7604.0
7892.0
-1.0
-1.0
7554.0
7842.0
-1.0
-1.0
7504.0
7792.0
-1.0
-1.0
7454.0
7742.0
-1.0
-1.0
7404.0
7692.0
-1.0
-1.0
7400.0
7596.0
-1.0
-1.0
7400.0
7496.0
-1.0
-1.0
7386.0
7410.0
-1.0
-1.0
7336.0
7360.0
-1.0
-1.0
7286.0
7310.0
-1.0
-1.0
7236.0
7304.5
6203.5
-1.0
7186.0
7304.5
6153.5
-1.0
7136.0
7304.5
6103.5
-1.0
7086.0
7304.5
6053.5
-1.0
7036.0
7304.5
6003.5
-1.0
6986.0
7304.5
5953.5
-1.0
6936.0
7304.5
5903.5
-1.0
6926.0
7264.5
5853.5
-1.0
6926.0
7214.5
5803.5
-1.0
6926.0
7179.5
11989.0
-1.0
6926.0
7179.5
11889.0
-1.0
6926.0
7179.5
11789.0
-1.0
6926.0
7179.5
11689.0
-1.0
6926.0
7179.5
11589.0
-1.0
6926.0
7179.5
11489.0
-1.0
6926.0
7179.5
11389.0
-1.0
6926.0
7179.5
11289.0
-1.0
6926.0
7179.5
11189.0
-1.0
6926.0
7179.5
11089.0
-1.0
6926.0
7179.5
10989.0
-1.0
6926.0
7179.5
10889.0
-1.0
6926.0
7179.5
10789.0
-1.0
6926.0
7179.5
10689.0
-1.0
6926.0
7179.5
10589.0
-1.0
6926.0
7179.5
10489.0
-1.0
6926.0
7179.5
10389.0
-1.0
6926.0
7179.5
10289.0
-1.0
6926.0
7179.5
10189.0
-1.0
6926.0
7179.5
10089.0
-1.0
6926.0
7179.5
9989.0
-1.0
6926.0
7179.5
9889.0
-1.0
6926.0
7179.5
9789.0
-1.0
6926.0
7179.5
9689.0
-1.0
6926.0
7179.5
9589.0
-1.0
6926.0
7179.5
9489.0
-1.0
6926.0
7179.5
9389.0
-1.0
6926.0
7179.5
9289.0
-1.0
6926.0
7179.5
9189.0
-1.0
6926.0
7179.5
9089.0
-1.0
6926.0
7179.5
8989.0
-1.0
6926.0
7179.5
8889.0
-1.0
6926.0
7179.5
8789.0
-1.0
6926.0
7179.5
8689.0
-1.0
6926.0
7179.5
8589.0
-1.0
6883.5
7179.5
8531.5
-1.0
6833.5
7179.5
8481.5
-1.0
6783.5
7179.5
8431.5
-1.0
6758.5
7154.5
8381.5
-1.0
6758.5
7104.5
8331.5
-1.0
6758.5
7054.5
8281.5
-1.0
6758.5
7004.5
8231.5
-1.0
6758.5
6954.5
8181.5
-1.0
6758.5
6904.5
8131.5
-1.0
6740.5
6854.5
8099.5
-1.0
6690.5
6804.5
8099.5
-1.0
6640.5
6754.5
8099.5
-1.0
6632.0
6663.0
8099.5
-1.0
6632.0
6563.0
8099.5
-1.0
6623.5
6471.5
8099.5
-1.0
6554.0
6441.0
8099.5
-1.0
6454.0
6441.0
8099.5
-1.0
6389.0
6406.0
8099.5
-1.0
6331.5
6363.5
8099.5
-1.0
6235.5
6359.5
8099.5
-1.0
6185.5
6309.5
8099.5
-1.0
6135.5
6259.5
8099.5
-1.0
6078.5
6216.5
8099.5
-1.0
6005.0
6190.0
8099.5
-1.0
5936.5
6158.5
8099.5
-1.0
5922.5
6072.5
8099.5
-1.0
5872.5
6022.5
8099.5
-1.0
5857.0
5938.0
8099.5
-1.0
5837.5
5857.5
8099.5
-1.0
5781.5
5813.5
8099.5
-1.0
5739.5
5767.5
8087.5
-1.0
5722.0
5735.0
8037.5
-1.0
5718.0
5689.0
7987.5
-1.0
5668.0
5689.0
7937.5
-1.0
5618.0
5689.0
7887.5
-1.0
5568.0
5689.0
7837.5
-1.0
5533.0
5674.0
7787.5
-1.0
5533.0
5624.0
7737.5
-1.0
5533.0
5574.0
7687.5
6239.5
5533.0
5524.0
7646.5
6189.5
5533.0
5474.0
7646.5
6139.5
5520.5
5458.0
7625.0
6089.5
5520.5
5458.0
7575.0
6039.5
5520.5
5458.0
7525.0
5989.5
5520.5
5458.0
7475.0
5939.5
5520.5
5458.0
7425.0
5889.5
5520.5
5458.0
7375.0
5839.5
5520.5
5458.0
7325.0
5789.5
5520.5
5458.0
7275.0
5739.5
5520.5
5458.0
7225.0
5689.5
5520.5
5458.0
7175.0
5639.5
5520.5
5458.0
7125.0
5589.5
5520.5
5458.0
7075.0
5539.5
5520.5
5458.0
7025.0
5489.5
5520.5
5458.0
6975.0
5439.5
5520.5
5458.0
6925.0
11633.5
5520.5
5458.0
6880.0
11533.5
5520.5
5458.0
6880.0
11433.5
5520.5
5458.0
6880.0
11333.5
5520.5
5458.0
6880.0
11233.5
5520.5
5458.0
6880.0
11133.5
5520.5
5458.0
6880.0
11033.5
5520.5
5458.0
6880.0
10933.5
5520.5
5458.0
6880.0
10833.5
5520.5
5458.0
6880.0
10733.5
5520.5
5458.0
6880.0
10633.5
5520.5
5458.0
6880.0
10533.5
5520.5
5458.0
6880.0
10433.5
5520.5
5458.0
6880.0
10333.5
5520.5
5458.0
6880.0
10233.5
5520.5
5458.0
6880.0
10133.5
5520.5
5458.0
6880.0
10033.5
5520.5
5458.0
6880.0
9933.5
5520.5
5458.0
6880.0
9833.5
5520.5
5458.0
6880.0
9733.5
5520.5
5458.0
6880.0
9633.5
5520.5
5458.0
6880.0
9533.5
5520.5
5458.0
6880.0
9433.5
5520.5
5458.0
6880.0
9333.5
5520.5
5458.0
6880.0
9233.5
5520.5
5458.0
6880.0
9133.5
5520.5
5458.0
6880.0
9033.5
5520.5
5458.0
6880.0
8933.5
5520.5
5458.0
6880.0
8833.5
5520.5
5458.0
6880.0
8733.5
5520.5
5458.0
6880.0
8633.5
5520.5
5458.0
6880.0
8533.5
5520.5
5458.0
6880.0
8433.5
5520.5
5458.0
6880.0
8333.5
5520.5
5458.0
6880.0
8233.5
5520.5
5458.0
6880.0
8133.5
5520.5
5458.0
6880.0
8036.0
5520.5
5455.5
6880.0
7986.0
5472.5
5453.5
6880.0
7936.0
5448.0
5428.0
6880.0
7886.0
5448.0
5378.0
6880.0
7836.0
5448.0
5328.0
6880.0
7786.0
5399.5
5326.5
6880.0
7736.0
5349.5
5326.5
6880.0
7686.0
5299.5
5326.5
6880.0
7636.0
5249.5
5326.5
6880.0
7586.0
5199.5
5326.5
6880.0
7536.0
5149.5
5326.5
6880.0
7486.0
5099.5
5326.5
6880.0
7408.0
5077.5
5326.5
6880.0
7308.0
5077.5
5326.5
6880.0
7208.0
5077.5
5326.5
6880.0
7108.0
5077.5
5326.5
6880.0
7008.0
5077.5
5326.5
6880.0
6908.0
5077.5
5326.5
6880.0
6808.0
5077.5
5326.5
6880.0
6708.0
5077.5
5326.5
6880.0
6608.0
5077.5
5326.5
6880.0
6508.0
5077.5
5326.5
6880.0
6456.5
5051.0
5304.5
6880.0
6406.5
5001.0
5304.5
6880.0
6356.5
4983.0
5272.5
6880.0
6306.5
4983.0
5222.5
6880.0
6259.0
4974.5
5181.0
6877.5
6259.0
4924.5
5181.0
6827.5
6247.5
4886.0
5181.0
6777.5
6197.5
4886.0
5181.0
6727.5
6147.5
4886.0
5181.0
6677.5
6097.5
4886.0
5181.0
6627.5
6047.5
4886.0
5181.0
6577.5
5997.5
4886.0
5181.0
6527.5
5947.5
4886.0
5181.0
6477.5
5897.5
4886.0
5181.0
6427.5
5847.5
4886.0
5181.0
6377.5
5797.5
4870.0
5181.0
6343.5
5747.5
4820.0
5181.0
6343.5
5697.5
4770.0
5181.0
6343.5
5647.5
4754.0
5181.0
6309.5
5603.5
4754.0
5181.0
6253.5
5603.5
4754.0
5181.0
6153.5
5566.5
4754.0
5181.0
6090.5
5516.5
4754.0
5181.0
6040.5
5466.5
4754.0
5181.0
5990.5
5416.5
4754.0
5181.0
5940.5
5366.5
4754.0
5181.0
5890.5
5316.5
4754.0
5181.0
5840.5
5266.5
4754.0
5181.0
5790.5
5216.5
4754.0
5158.5
5763.0
5166.5
4754.0
5158.5
5713.0
5116.5
4754.0
5158.5
5663.0
5066.5
4754.0
5158.5
5613.0
5016.5
4754.0
5158.5
5563.0
4983.0
4737.5
5158.5
5513.0
4983.0
4705.5
5140.5
5463.0
4977.0
4705.5
5090.5
5419.0
4916.0
4705.5
5051.5
5419.0
4816.0
4705.5
5051.5
5419.0
4736.5
4705.5
5051.5
5398.5
4725.5
4705.5
5012.5
5348.5
4725.5
4705.5
4962.5
5298.5
4725.5
4682.0
4936.0
5248.5
4725.5
4632.0
4936.0
5198.5
4725.5
4582.0
4936.0
5148.5
4725.5
4532.0
4936.0
5098.5
4725.5
4461.0
4936.0
5069.5
4725.5
4361.0
4936.0
5069.5
4725.5
4264.5
4936.0
5066.0
4725.5
4214.5
4936.0
5016.0
4716.5
4189.5
4922.5
4963.5
4716.5
4156.5
4905.5
4913.5
4678.5
4140.5
4905.5
4867.5
4587.0
4140.5
4898.5
4866.0
4569.5
4108.0
4848.5
4866.0
4569.5
4094.0
4762.5
4866.0
4554.0
4069.0
4703.0
4866.0
4504.0
4069.0
4653.0
4866.0
4454.0
4069.0
4603.0
4866.0
4430.5
4069.0
4553.0
4839.5
4430.5
4069.0
4495.0
4797.5
4430.5
4054.0
4410.0
4797.5
4430.5
4004.0
4360.0
4797.5
4430.5
4000.0
4357.5
4704.0
4382.0
4000.0
4357.5
4652.5
4332.0
4000.0
4357.5
4602.5
4282.0
4000.0
4357.5
4552.5
4270.5
4000.0
4319.0
4502.5
4270.5
4000.0
4269.0
4452.5
4268.5
3984.5
4238.5
4400.5
4268.5
3934.5
4238.5
4350.5
4268.5
3856.5
4238.5
4328.5
4268.5
3756.5
4238.5
4328.5
4268.5
3698.0
4199.5
4326.0
4268.5
3698.0
4149.5
4276.0
4234.0
3698.0
4099.5
4260.5
4199.5
3682.5
4049.5
4260.5
4199.5
3632.5
4017.0
4243.0
4199.5
3590.5
4009.0
4193.0
4199.5
3590.5
3959.0
4143.0
4159.5
3590.5
3909.0
4133.0
4064.0
3590.5
3904.5
4133.0
3964.0
3590.5
3904.5
4133.0
3906.5
3575.5
3892.0
4118.0
3856.5
3575.5
3842.0
4118.0
3806.5
3575.5
3792.0
4118.0
3793.5
3541.0
3739.5
4118.0
3768.5
3541.0
3704.0
4078.5
3677.5
3541.0
3704.0
4069.5
3623.5
3537.5
3666.5
4064.5
3623.5
3487.5
3666.5
4014.5
3623.5
3437.5
3666.5
3964.5
3623.5
3354.0
3666.5
3948.0
3623.5
3254.0
3666.5
3948.0
3623.5
3188.5
3632.0
3948.0
3614.0
3138.5
3611.0
3928.5
3602.5
3050.0
3611.0
3928.5
3595.0
2957.5
3611.0
3928.5
3561.0
2907.5
3611.0
3912.5
3548.0
2880.5
3576.0
3887.5
3498.0
2836.5
3570.0
3887.5
3481.0
2786.5
3570.0
3854.5
3481.0
2736.5
3570.0
3804.5
3481.0
2659.0
3570.0
3782.0
3448.0
2628.0
3570.0
3746.0
3398.0
2628.0
3570.0
3696.0
3324.0
2628.0
3570.0
3670.0
3224.0
2628.0
3570.0
3670.0
3136.5
2615.5
3570.0
3670.0
3087.5
2580.5
3570.0
3654.0
3087.5
2534.5
3524.0
3646.0
3084.0
2484.5
3477.5
3646.0
3048.0
2434.5
3477.5
3632.0
3046.5
2418.5
3455.0
3572.0
3005.5
2409.5
3405.0
3572.0
2976.5
2368.0
3375.5
3572.0
2926.5
2355.5
3338.0
3572.0
2899.5
2334.5
3309.0
3549.0
2899.5
2284.5
3309.0
3499.0
2899.5
2247.0
3296.5
3449.0
2877.5
2247.0
3246.5
3421.0
2848.0
2232.0
3211.5
3400.5
2848.0
2199.5
3194.0
3350.5
2848.0
2199.5
3144.0
3300.5
2805.5
2194.0
3105.0
3287.5
2755.5
2194.0
3055.0
3287.5
2705.5
2172.0
3027.0
3287.5
2655.5
2122.0
3027.0
3287.5
2601.5
2076.0
3027.0
3287.5
2501.5
2076.0
3027.0
3287.5
2478.0
2076.0
2982.5
3255.5
2478.0
2076.0
2925.5
3212.5
2478.0
2066.5
2835.0
3212.5
2478.0
2041.0
2785.0
3188.0
2470.5
2041.0
2735.0
3145.5
2420.5
2041.0
2685.0
3145.5
2413.0
2041.0
2592.5
3145.5
2413.0
2033.0
2500.5
3145.5
2402.5
2025.5
2450.5
3113.5
2402.5
2025.5
2400.5
3063.5
2367.5
2025.5
2385.5
3013.5
2364.0
2025.5
2364.5
2938.0
2364.0
2025.5
2314.5
2888.0
2364.0
2025.5
2264.5
2838.0
2363.0
2025.5
2234.0
2769.5
2322.0
2025.0
2192.5
2752.5
2313.0
1996.0
2181.5
2701.5
2313.0
1996.0
2131.5
2651.5
2293.5
1995.5
2082.0
2621.0
2243.5
1945.5
2082.0
2621.0
2212.0
1903.0
2056.0
2621.0
2204.5
1903.0
2006.0
2578.5
2204.5
1903.0
1956.0
2528.5
2168.5
1903.0
1942.0
2478.5
2166.0
1903.0
1942.0
2381.0
2166.0
1903.0
1942.0
2281.0
2166.0
1903.0
1942.0
2181.0
2166.0
1903.0
1942.0
2081.0
2166.0
1903.0
1942.0
1981.0
2166.0
1903.0
1942.0
1881.0
2166.0
1903.0
1942.0
1781.0
2166.0
1903.0
1896.5
1726.5
2166.0
1887.0
1824.5
1714.5
2166.0
1862.0
1824.5
1639.5
2131.5
1862.0
1821.5
1577.0
2107.5
1862.0
1771.5
1551.0
2057.5
1844.0
1739.5
1551.0
2007.5
1794.0
1739.5
1551.0
1991.5
1744.0
1705.5
1551.0
1937.5
1718.0
1685.5
1551.0
1861.0
1718.0
1685.5
1527.5
1861.0
1718.0
1681.0
1432.0
1861.0
1669.0
1631.0
1431.0
1861.0
1619.0
1581.0
1431.0
1861.0
1520.5
1579.5
1431.0
1855.5
1457.5
1579.5
1399.5
1805.5
1407.5
1579.5
1399.5
1755.5
1357.5
1579.5
1399.5
1705.5
1307.5
1579.5
1399.5
1655.5
1257.5
1579.5
1399.5
1605.5
1207.5
1579.5
1399.5
1574.0
1157.5
1561.0
1399.5
1574.0
1107.5
1511.0
1399.5
1574.0
1057.5
1461.0
1399.5
1574.0
986.0
1432.5
1399.5
1574.0
886.0
1432.5
1399.5
1574.0
786.0
1432.5
1399.5
1535.5
724.5
1432.5
1399.5
1532.0
674.5
1432.5
1353.0
1532.0
624.5
1390.0
1345.5
1532.0
592.0
1325.5
1342.5
1523.0
584.0
1283.5
1301.5
1491.0
545.5
1283.5
1272.0
1491.0
495.5
1283.5
1222.0
1491.0
445.5
1283.5
1172.0
1491.0
395.5
1283.5
1122.0
1466.0
391.5
1261.5
1073.0
1466.0
372.0
1231.0
1023.0
1446.0
333.0
1231.0
982.0
1444.5
283.0
1222.0
942.5
1399.5
278.0
1222.0
892.5
1349.5
278.0
1222.0
842.5
1281.5
278.0
1222.0
810.5
1216.5
278.0
1187.0
810.5
1166.5
278.0
1137.0
810.5
1116.5
278.0
1087.0
810.5
1066.5
278.0
1037.0
810.5
1061.0
278.0
987.0
766.0
1061.0
278.0
937.0
716.0
1061.0
278.0
887.0
666.0
1061.0
278.0
837.0
616.0
1061.0
278.0
787.0
566.0
1061.0
278.0
737.0
516.0
1061.0
278.0
687.0
466.0
1061.0
278.0
637.0
416.0
1061.0
278.0
587.0
366.0
1059.0
278.0
537.0
318.0
1001.0
278.0
495.0
318.0
940.0
239.0
495.0
318.0
935.5
189.0
495.0
272.5
924.0
139.0
495.0
234.0
874.0
89.0
495.0
234.0
853.0
39.0
466.0
234.0
844.0
-2.0
416.0
234.0
794.0
-2.0
366.0
234.0
744.0
-2.0
316.0
234.0
694.0
-2.0
266.0
234.0
644.0
-2.0
216.0
234.0
594.0
-2.0
169.5
230.5
544.0
-2.0
169.5
180.5
494.0
-2.0
141.5
158.5
444.0
-2.0
91.5
158.5
394.0
-2.0
41.5
158.5
328.5
-2.0
7.0
158.5
228.5
-2.0
7.0
158.5
128.5
-2.0
7.0
158.5
65.5
-2.0
7.0
121.5
15.5
-2.0
7.0
71.5
-2.0
-2.0
-2.0
-2.0
