2.6388615369796753
2.6389642357826233
2.6390357613563538
2.6429750323295593
2.803276240825653
2.8038622736930847
2.8039490580558777
2.80401349067688
2.904002010822296
2.9040845036506653
2.9041450023651123
2.9042347073554993
2.9551472663879395
2.955265760421753
2.9553840160369873
2.955517053604126
3.0254812836647034
3.025605797767639
3.025847315788269
3.0259560346603394
3.2501479983329773
3.2502251863479614
3.2502840161323547
3.25353342294693
3.417529284954071
3.417727291584015
3.417883515357971
3.417946994304657
3.5832300186157227
3.5833113193511963
3.583398938179016
3.5834612250328064
3.682389736175537
3.6824549436569214
3.6826359033584595
3.682703971862793
3.781008780002594
3.7814188599586487
3.7815200686454773
3.7815825939178467
4.042757511138916
4.042841017246246
4.042922675609589
4.043014466762543
4.054366886615753
4.054439067840576
4.054496586322784
4.054551541805267
4.198612749576569
4.19871199131012
4.198777735233307
4.198884725570679
4.146802246570587
4.147358000278473
4.147461652755737
4.147525191307068
4.374389231204987
4.374680995941162
4.3749107122421265
4.374992191791534
4.341239035129547
4.341740310192108
4.346041560173035
4.346173048019409
4.369738519191742
4.3698455691337585
4.369937002658844
4.3700315952301025
4.5649333000183105
4.5652483105659485
4.565311253070831
4.565382540225983
4.485280752182007
4.48540598154068
4.4855427742004395
4.485604465007782
4.596454501152039
4.596561014652252
4.596644461154938
4.596705675125122
4.842971205711365
4.843040227890015
4.843097746372223
4.843153238296509
4.8141762018203735
4.814243495464325
4.814302444458008
4.814410924911499
4.7865453362464905
4.7866087555885315
4.786665737628937
4.786719977855682
4.980174243450165
4.980235040187836
4.980298459529877
4.9803677797317505
4.8793052434921265
4.8794092535972595
4.879472732543945
4.879530251026154
4.857469797134399
4.857538878917694
4.857603132724762
4.857659101486206
4.814726889133453
4.814790368080139
4.814850211143494
4.81490421295166
4.770103871822357
4.770172834396362
4.770241379737854
4.770300328731537
4.880721211433411
4.880784392356873
4.880839765071869
4.880892992019653
4.865602791309357
4.865667879581451
4.865725815296173
4.865780591964722
4.837800741195679
4.837889671325684
4.837968945503235
4.838027656078339
5.091720998287201
5.091783821582794
5.0918402671813965
5.091931581497192
5.169612526893616
5.169674754142761
5.169729292392731
5.169781506061554
5.1343255043029785
5.134397745132446
5.134472668170929
5.13453871011734
5.026841223239899
5.02691525220871
5.0269874930381775
5.027042746543884
5.078328728675842
5.07839173078537
5.07844603061676
5.078500986099243
4.9588459730148315
4.959007978439331
4.959070980548859
4.959135890007019
5.144395589828491
5.144459128379822
5.144512295722961
5.144563615322113
5.042308926582336
5.0423667430877686
5.042419195175171
5.042471885681152
5.057643473148346
5.057705223560333
5.057759702205658
5.057811439037323
5.30737429857254
5.3074352741241455
5.3074875473976135
5.3075390458106995
5.371419310569763
5.371484577655792
5.371550381183624
5.371610581874847
5.2973774671554565
5.297459185123444
5.297517776489258
5.297576308250427
5.391962766647339
5.392021000385284
5.392072975635529
5.392122745513916
5.660382926464081
5.660440683364868
5.66049325466156
5.660557925701141
5.615058243274689
5.615120768547058
5.6151732206344604
5.615236937999725
5.643763244152069
5.643823027610779
5.643876791000366
5.643928527832031
5.946367681026459
5.946429252624512
5.946482956409454
5.946537435054779
5.891647517681122
5.891710817813873
5.891764521598816
5.891830861568451
5.997837960720062
5.997898280620575
5.997952103614807
5.998005270957947
5.922870337963104
5.922929048538208
5.92298150062561
5.923033058643341
5.975181579589844
5.975251793861389
5.975310742855072
5.9753657579422
5.914191901683807
5.914256393909454
5.914311468601227
5.914364457130432
6.005427002906799
6.005487501621246
6.005542695522308
6.005596220493317
6.189627051353455
6.189686298370361
6.18973982334137
6.18979275226593
6.063953280448914
6.0640135407447815
6.064066052436829
6.0641175508499146
6.190486967563629
6.190552473068237
6.190606474876404
6.190659701824188
6.126831531524658
6.1268932819366455
6.126944541931152
6.1269959807395935
5.935829043388367
5.935888767242432
5.936012268066406
5.936085522174835
6.093651533126831
6.093717575073242
6.093855023384094
6.094030261039734
6.101203203201294
6.101260244846344
6.101312041282654
6.101362764835358
6.172903537750244
6.172972202301025
6.173043787479401
6.173100233078003
6.061431705951691
6.061487376689911
6.061537981033325
6.061598181724548
6.181054055690765
6.181138813495636
6.181194007396698
6.1812485456466675
6.144217789173126
6.144280254840851
6.144333004951477
6.144385099411011
6.117524802684784
6.117583811283112
6.117644309997559
6.117698788642883
6.117753267288208
6.1178136467933655
6.117867827415466
6.117963552474976
6.113469481468201
6.113536238670349
6.113590478897095
6.113642513751984
6.072674810886383
6.072733283042908
6.072826325893402
6.072880029678345
6.341207504272461
6.341265499591827
6.341316521167755
6.34136700630188
6.471053302288055
6.471123039722443
6.471190273761749
6.471247553825378
6.44750303030014
6.447570025920868
6.447633743286133
6.447686433792114
6.723763525485992
6.723822295665741
6.7238805294036865
6.723931789398193
6.7063305377960205
6.706388235092163
6.706439256668091
6.706488013267517
6.710692226886749
6.71075576543808
6.71081006526947
6.7158002853393555
6.700182795524597
6.700246095657349
6.700298547744751
6.7003485560417175
6.699643969535828
6.6997175216674805
6.699771404266357
6.699830710887909
6.656301856040955
6.656359255313873
6.656410336494446
6.656460523605347
6.678174018859863
6.678231418132782
6.6782819628715515
6.678331732749939
6.665554523468018
6.6656277775764465
6.665681779384613
6.665755033493042
6.687297224998474
6.6873597502708435
6.6874120235443115
6.687462270259857
6.672316789627075
6.6723750829696655
6.672426760196686
6.67248398065567
6.646896004676819
6.646963536739349
6.64702183008194
6.647076845169067
6.889084994792938
6.8891467452049255
6.889199316501617
6.889251947402954
6.848809480667114
6.848868727684021
6.848919928073883
6.8489826917648315
7.105209767818451
7.105269730091095
7.105319976806641
7.105368971824646
7.090235471725464
7.09034276008606
7.0904064774513245
7.090458452701569
7.0849398374557495
7.0849995613098145
7.085050821304321
7.085100293159485
7.056573510169983
7.0566359758377075
7.056695222854614
7.0567479729652405
7.087947964668274
7.088009297847748
7.088062226772308
7.0881142020225525
7.064788043498993
7.064849257469177
7.064901530742645
7.064952254295349
7.035510241985321
7.03557550907135
7.0356409549713135
7.035705745220184
7.180252730846405
7.180317997932434
7.18038147687912
7.180432558059692
7.116812705993652
7.116871476173401
7.1169257164001465
7.116974949836731
7.4187217354774475
7.418782949447632
7.418838262557983
7.418910264968872
7.598793208599091
7.598866701126099
7.5989208817481995
7.598971664905548
7.547294020652771
7.547368228435516
7.547421932220459
7.5474711656570435
7.496389210224152
7.496447741985321
7.496498942375183
7.496547758579254
7.4015902280807495
7.4016488790512085
7.401699721813202
7.401747763156891
7.430789291858673
7.430849194526672
7.430901288986206
7.4309505224227905
7.533560037612915
7.533620536327362
7.533676862716675
7.5337265729904175
7.548844516277313
7.5489097237586975
7.548961758613586
7.549010753631592
7.662746906280518
7.662811458110809
7.662861466407776
7.66290819644928
7.517343044281006
7.51740300655365
7.517453551292419
7.517501533031464
7.480494797229767
7.480555772781372
7.48060804605484
7.480656743049622
7.500131547451019
7.50020956993103
7.500262558460236
7.500344276428223
7.535746276378632
7.535809755325317
7.535859525203705
7.535907030105591
7.575013637542725
7.575070559978485
7.575119316577911
7.5751670598983765
7.575795769691467
7.575856983661652
7.57590925693512
7.575959503650665
7.7802188992500305
7.780280649662018
7.780334174633026
7.780385255813599
7.6270647048950195
7.627132415771484
7.627198219299316
7.627250492572784
7.773578703403473
7.7736369371414185
7.773688018321991
7.77373594045639
7.60906708240509
7.609124302864075
7.609172999858856
7.609221041202545
7.591260194778442
7.59132045507431
7.591372728347778
7.591422259807587
7.889637529850006
7.88970947265625
7.889776527881622
7.889825999736786
7.944604992866516
7.944663047790527
7.944712698459625
7.944760024547577
7.897620499134064
7.897679030895233
7.897729277610779
7.897777199745178
7.953574061393738
7.953642785549164
7.953693509101868
7.953741729259491
7.930720031261444
7.930786490440369
7.930841743946075
7.930891454219818
7.8286924958229065
7.828749239444733
7.828798234462738
7.828845500946045
7.8098127245903015
7.809873700141907
7.809930741786957
7.809982478618622
7.758261501789093
7.758320510387421
7.75837117433548
7.7584192752838135
7.7122732400894165
7.712333261966705
7.712384760379791
7.712433993816376
8.108137965202332
8.108200252056122
8.108251512050629
8.108305990695953
8.110787272453308
8.110845983028412
8.110897243022919
8.110945463180542
8.139268577098846
8.139330089092255
8.139383018016815
8.139433324337006
8.090610265731812
8.090668201446533
8.090718030929565
8.090766727924347
8.146189749240875
8.146268010139465
8.146319270133972
8.146368980407715
8.207388043403625
8.207449972629547
8.207500219345093
8.207546710968018
8.190202236175537
8.190262198448181
8.190314173698425
8.190363645553589
8.336634278297424
8.336705029010773
8.336756229400635
8.33680409193039
8.29929894208908
8.299370169639587
8.299423217773438
8.299471735954285
8.484526991844177
8.484589457511902
8.484643578529358
8.48469352722168
8.416399002075195
8.416456699371338
8.416507244110107
8.416555523872375
8.446718156337738
8.446775436401367
8.446824729442596
8.446871638298035
8.720088958740234
8.720148026943207
8.720201969146729
8.720249474048615
8.691722512245178
8.691781759262085
8.691832482814789
8.691880762577057
8.641553461551666
8.641616940498352
8.641668260097504
8.641716659069061
8.619134783744812
8.61919903755188
8.61925995349884
8.619315266609192
8.561965227127075
8.562023282051086
8.562073290348053
8.562122285366058
8.739485502243042
8.73954302072525
8.73959231376648
8.739639341831207
8.595452725887299
8.595512211322784
8.595563173294067
8.595611691474915
8.676367461681366
8.67643666267395
8.676487505435944
8.676535308361053
8.83238959312439
8.832448244094849
8.832498788833618
8.832549035549164
8.905890941619873
8.90595018863678
8.906002283096313
8.906052768230438
8.854471027851105
8.854536294937134
8.854587078094482
8.854652464389801
8.820967257022858
8.82102745771408
8.82108473777771
8.82113778591156
9.1124387383461
9.112499058246613
9.11255270242691
9.112604439258575
9.070881247520447
9.070954203605652
9.07102119922638
9.071082651615143
9.053146421909332
9.053204715251923
9.053254961967468
9.053302466869354
9.024802267551422
9.024859964847565
9.024910688400269
9.024958908557892
9.237122058868408
9.237183272838593
9.237235307693481
9.237284302711487
9.32550597190857
9.32557499408722
9.325634479522705
9.325684249401093
9.290891885757446
9.290953874588013
9.291005671024323
9.291054844856262
9.489503502845764
9.489561975002289
9.489618718624115
9.489668190479279
9.475301504135132
9.475360035896301
9.475411236286163
9.475460231304169
9.437117278575897
9.43718147277832
9.437237024307251
9.437285959720612
9.472780287265778
9.472835958003998
9.472892105579376
9.472945809364319
9.432543277740479
9.432608485221863
9.432659029960632
9.432707011699677
9.411212027072906
9.411271810531616
9.411323547363281
9.411372303962708
9.353884100914001
9.353941977024078
9.35399329662323
9.354041516780853
9.339004695415497
9.33906763792038
9.339118719100952
9.339168190956116
9.560274541378021
9.560337483882904
9.560389757156372
9.560438573360443
9.528093755245209
9.528151750564575
9.528202295303345
9.528262734413147
9.505665719509125
9.505728721618652
9.505781412124634
9.505830943584442
9.480382680892944
9.480443716049194
9.480496406555176
9.480548441410065
9.553934693336487
9.553992688655853
9.554044246673584
9.554093182086945
9.689705491065979
9.689762711524963
9.689813494682312
9.689861238002777
9.957095205783844
9.957152605056763
9.957203686237335
9.957251369953156
9.92427521944046
9.924335777759552
9.92438554763794
9.924433827400208
9.92871379852295
9.928795278072357
9.928848505020142
9.92889779806137
9.89749425649643
9.897552192211151
9.897603809833527
9.897652745246887
10.202025473117828
10.202082455158234
10.202139914035797
10.202195465564728
10.190335810184479
10.190407276153564
10.190463304519653
10.190516829490662
10.164703011512756
10.164760947227478
10.164812743663788
10.164861500263214
10.177313446998596
10.17737329006195
10.177425503730774
10.177474737167358
10.260594010353088
10.260651528835297
10.26070249080658
10.260750770568848
10.234323859214783
10.234394550323486
10.234456241130829
10.23450630903244
10.300995111465454
10.301064848899841
10.301117837429047
10.301168322563171
10.357155740261078
10.35721355676651
10.357264459133148
10.35731303691864
10.33973103761673
10.339787721633911
10.33983850479126
10.339887022972107
10.279939532279968
10.280008971691132
10.280061483383179
10.280110955238342
10.253849565982819
10.253907322883606
10.253958284854889
10.254006326198578
10.452535629272461
10.452595114707947
10.45264846086502
10.452697932720184
10.416637539863586
10.41671621799469
10.416771292686462
10.416820049285889
10.610291659832
10.610353648662567
10.610404670238495
10.610452592372894
10.556666254997253
10.556724786758423
10.556779444217682
10.55682748556137
10.536385715007782
10.536444008350372
10.5364950299263
10.536543548107147
10.495839178562164
10.495904564857483
10.495956242084503
10.496006786823273
10.491328537464142
10.491384625434875
10.491434812545776
10.49148279428482
10.491187989711761
10.491246283054352
10.491297781467438
10.49134624004364
10.450284540653229
10.450341284275055
10.450392305850983
10.450440049171448
10.486084401607513
10.4861461520195
10.486197710037231
10.486246466636658
10.446663498878479
10.446723461151123
10.446775496006012
10.446823716163635
10.802362084388733
10.802420020103455
10.802470803260803
10.802522599697113
10.81765329837799
10.817709743976593
10.817759454250336
10.817807495594025
10.79160624742508
10.791665732860565
10.791717231273651
10.791796505451202
10.875374794006348
10.875431716442108
10.875482082366943
10.875530004501343
10.877902209758759
10.877960979938507
10.878014981746674
10.878063440322876
10.82215529680252
10.822210490703583
10.82226049900055
10.822306513786316
11.03047627210617
11.030536770820618
11.030587255954742
11.030635297298431
10.881985902786255
10.882044732570648
10.882095992565155
10.882146060466766
10.830651760101318
10.830710470676422
10.830762207508087
10.830810964107513
10.781821072101593
10.781877219676971
10.781927525997162
10.781976222991943
10.74512791633606
10.745183944702148
10.745234966278076
10.74528294801712
10.891874015331268
10.891947269439697
10.89200896024704
10.892062246799469
10.850421249866486
10.850478708744049
10.850528717041016
10.850576937198639
10.908825039863586
10.908892512321472
10.908947348594666
10.909009754657745
10.861031532287598
10.861088573932648
10.86113852262497
10.861186563968658
10.827810764312744
10.827870965003967
10.827920734882355
10.82796847820282
10.9833704829216
10.983430564403534
10.983482241630554
10.983559489250183
10.962204813957214
10.962262451648712
10.96231323480606
10.962363958358765
11.174207031726837
11.174267768859863
11.17432051897049
11.174382269382477
11.130776464939117
11.130834758281708
11.130886495113373
11.13093900680542
11.089258909225464
11.089316129684448
11.089366614818573
11.089415192604065
11.10198700428009
11.102060496807098
11.102151811122894
11.102208256721497
11.07115375995636
11.07121229171753
11.071263670921326
11.071312725543976
11.037593185901642
11.037653684616089
11.037706911563873
11.037759184837341
11.166677236557007
11.166742026805878
11.166826009750366
11.166881263256073
11.551404237747192
11.55147647857666
11.551541984081268
11.551595509052277
11.537149012088776
11.537208497524261
11.537259995937347
11.537311553955078
11.689240455627441
11.689301013946533
11.68935251235962
11.689402043819427
11.648936986923218
11.648995518684387
11.649046778678894
11.649096012115479
11.613824427127838
11.613885462284088
11.613939225673676
11.61398845911026
11.574640929698944
11.57469916343689
11.574755728244781
11.574805200099945
11.53168672323227
11.531745791435242
11.531797528266907
11.531846284866333
11.494785785675049
11.494848251342773
11.494901299476624
11.494951605796814
11.451765537261963
11.451824724674225
11.451875507831573
11.451924741268158
11.423161029815674
11.423218309879303
11.423270523548126
11.423327803611755
11.499154686927795
11.499212741851807
11.49926471710205
11.499313771724701
11.876718759536743
11.876779735088348
11.876850724220276
11.8769029378891
11.829201459884644
11.829262435436249
11.829313397407532
11.829362988471985
11.880883514881134
11.880938947200775
11.880988001823425
11.881043016910553
11.860989511013031
11.861049056053162
11.861107230186462
11.861168205738068
11.814196228981018
11.81425267457962
11.81430298089981
11.814351201057434
11.77960205078125
11.779664993286133
11.779737710952759
11.779794573783875
11.743802964687347
11.743862271308899
11.743914246559143
11.74396425485611
12.119560718536377
12.119618952274323
12.119670987129211
12.119720458984375
12.081193745136261
12.081252753734589
12.08130395412445
12.081353783607483
12.049302756786346
12.049364149570465
12.049417972564697
12.049471497535706
12.002442479133606
12.002501785755157
12.002558052539825
12.002608299255371
12.201679766178131
12.201736688613892
12.20178747177124
12.201835453510284
12.163889229297638
12.163949012756348
12.164001524448395
12.16405200958252
12.111753761768341
12.111814022064209
12.11186534166336
12.111915111541748
12.059721291065216
12.059778690338135
12.059829294681549
12.05988073348999
12.028059720993042
12.028116941452026
12.028168439865112
12.028238475322723
11.989144504070282
11.98920875787735
11.989260256290436
11.989309191703796
11.941404223442078
11.941461443901062
11.941515862941742
11.941564440727234
