-1.0
-1.0
2240.5
1621.25
-1.0
-1.0
2470.25
2392.75
-1.0
-1.0
2729.25
2349.75
-1.0
-1.0
2679.25
2299.75
-1.0
-1.0
2629.25
2522.25
-1.0
-1.0
2579.25
2472.25
-1.0
-1.0
2529.25
2698.5
-1.0
-1.0
2649.25
2648.5
-1.0
-1.0
2599.25
2598.5
-1.0
-1.0
2549.25
2548.5
-1.0
-1.0
2499.25
2498.5
-1.0
-1.0
2449.25
2448.5
-1.0
-1.0
2399.25
2398.5
-1.0
-1.0
2349.25
2348.5
-1.0
-1.0
2299.25
2298.5
-1.0
-1.0
2249.25
2248.5
-1.0
-1.0
2199.25
2198.5
-1.0
-1.0
2149.25
2148.5
-1.0
-1.0
2099.25
2098.5
-1.0
-1.0
2049.25
2048.5
-1.0
-1.0
1999.25
1998.5
-1.0
1547.5
1949.25
1971.25
-1.0
1522.5
1899.25
1946.25
-1.0
1497.5
1849.25
1921.25
-1.0
1472.5
1799.25
1896.25
-1.0
1447.5
1749.25
1871.25
-1.0
1422.5
1699.25
1846.25
-1.0
1397.5
1649.25
1821.25
-1.0
1372.5
1599.25
1796.25
-1.0
1347.5
1549.25
1771.25
-1.0
1322.5
1499.25
1746.25
-1.0
1297.5
1449.25
1721.25
-1.0
1272.5
1399.25
1696.25
-1.0
1247.5
1349.25
1671.25
-1.0
1222.5
1299.25
1646.25
-1.0
1197.5
1249.25
1621.25
-1.0
1172.5
1199.25
1596.25
-1.0
1147.5
1149.25
1571.25
-1.0
1122.5
1099.25
1546.25
-1.0
1097.5
1049.25
1521.25
-1.0
1072.5
2532.75
1516.0
-1.0
1047.5
2457.75
1516.0
-1.0
1022.5
2382.75
1516.0
-1.0
997.5
2307.75
1516.0
-1.0
2512.25
2246.75
1516.0
-1.0
2462.25
2196.75
1516.0
-1.0
2412.25
2146.75
1516.0
-1.0
3914.0
2115.75
1516.0
-1.0
3839.0
2090.75
1516.0
-1.0
3764.0
2065.75
1516.0
-1.0
3689.0
2040.75
1516.0
-1.0
3614.0
2015.75
1516.0
-1.0
3539.0
1990.75
1516.0
-1.0
3464.0
1965.75
1516.0
-1.0
3389.0
1940.75
1516.0
-1.0
3314.0
1915.75
1516.0
-1.0
3239.0
1890.75
1516.0
-1.0
3164.0
1865.75
1516.0
-1.0
3089.0
1840.75
1516.0
-1.0
3014.0
1815.75
1516.0
-1.0
2939.0
1790.75
1516.0
-1.0
2864.0
1765.75
1516.0
-1.0
2789.0
1740.75
1516.0
-1.0
2714.0
1715.75
1516.0
-1.0
2639.0
1690.75
1516.0
-1.0
2564.0
1665.75
1516.0
-1.0
2489.0
1640.75
1516.0
-1.0
2414.0
1615.75
1516.0
-1.0
2339.0
1590.75
1516.0
-1.0
2276.5
3123.5
1516.0
-1.0
2226.5
3073.5
1516.0
-1.0
2176.5
3023.5
1516.0
-1.0
2130.75
2973.5
3065.25
-1.0
2105.75
2923.5
3040.25
-1.0
2080.75
2873.5
3015.25
-1.0
2055.75
2823.5
2990.25
-1.0
2030.75
2773.5
2965.25
-1.0
2005.75
2723.5
2940.25
-1.0
1980.75
2673.5
2915.25
-1.0
1955.75
2623.5
2890.25
-1.0
1930.75
2573.5
2865.25
-1.0
1905.75
2523.5
2840.25
-1.0
1880.75
2473.5
2815.25
-1.0
1855.75
2423.5
2790.25
-1.0
1830.75
2373.5
2765.25
1534.5
1805.75
2342.0
2740.25
1509.5
1780.75
2317.0
2715.25
1484.5
1755.75
2292.0
2690.25
1459.5
1730.75
2267.0
2665.25
1434.5
1705.75
2242.0
2640.25
1409.5
1680.75
2217.0
2615.25
1384.5
1655.75
2192.0
2590.25
1359.5
1630.75
2167.0
2565.25
1334.5
1605.75
2142.0
2540.25
1309.5
1605.75
2117.0
4061.5
1284.5
1605.75
2092.0
4011.5
1259.5
1605.75
2067.0
3961.5
1234.5
1605.75
2042.0
3911.5
1209.5
1605.75
2017.0
3861.5
1184.5
1605.75
1992.0
3811.5
1159.5
1605.75
1967.0
3761.5
1134.5
1605.75
1942.0
3711.5
1109.5
1605.75
1917.0
3661.5
1084.5
1605.75
1892.0
3611.5
1059.5
1605.75
1867.0
3561.5
1034.5
1605.75
1842.0
3511.5
1009.5
1605.75
1817.0
3461.5
984.5
1605.75
1792.0
3411.5
959.5
1605.75
1767.0
3361.5
934.5
1605.75
1742.0
3311.5
909.5
1605.75
1717.0
3261.5
884.5
1605.75
1692.0
3211.5
859.5
1605.75
1667.0
3161.5
834.5
1605.75
1642.0
3111.5
809.5
1605.75
1617.0
3061.5
784.5
1605.75
1592.0
3011.5
759.5
1605.75
1567.0
2961.5
734.5
1605.75
1555.5
2898.0
709.5
1605.75
1555.5
2823.0
684.5
1605.75
1555.5
2748.0
659.5
1605.75
1555.5
2673.0
634.5
1605.75
1555.5
2598.0
609.5
1605.75
1555.5
2523.0
2132.5
1605.75
1555.5
2471.25
2082.5
1605.75
1555.5
2421.25
2032.5
1605.75
1555.5
2371.25
1982.5
1605.75
1555.5
2321.25
1932.5
1605.75
1555.5
2271.25
1882.5
1605.75
1555.5
2221.25
1832.5
1605.75
1555.5
2171.25
1782.5
1605.75
1555.5
2121.25
1732.5
1605.75
1555.5
2071.25
1682.5
1605.75
1538.25
2038.5
1632.5
1605.75
1513.25
2013.5
1582.5
1605.75
1488.25
1988.5
1532.5
1585.5
1463.25
1983.75
1482.5
1560.5
1438.25
1983.75
1432.5
1535.5
1413.25
1983.75
1382.5
1510.5
1388.25
1983.75
1332.5
1485.5
1363.25
1983.75
1282.5
1484.25
1314.5
1983.75
1232.5
1484.25
1264.5
1983.75
1207.0
1484.25
1190.0
1983.75
1182.0
1465.25
1134.0
1983.75
1157.0
1440.25
1084.0
1983.75
1132.0
1415.25
1034.0
1983.75
1107.0
1390.25
984.0
1983.75
1082.0
2912.5
940.25
1983.75
1057.0
2862.5
915.25
1983.75
1032.0
2812.5
890.25
1983.75
1007.0
2762.5
865.25
1983.75
982.0
2712.5
859.25
1964.75
957.0
2662.5
859.25
1939.75
932.0
2612.5
859.25
1914.75
907.0
2562.5
859.25
1889.75
882.0
2512.5
859.25
1864.75
857.0
2462.5
859.25
1839.75
832.0
2412.5
859.25
1814.75
807.0
2362.5
859.25
1789.75
782.0
2312.5
859.25
1764.75
757.0
2262.5
859.25
1739.75
732.0
2212.5
859.25
1714.75
707.0
2162.5
859.25
1689.75
682.0
2112.5
859.25
1664.75
657.0
2062.5
859.25
1639.75
632.0
2012.5
859.25
1614.75
607.0
1985.0
859.25
1567.25
582.0
1960.0
859.25
1517.25
2104.5
1935.0
859.25
1473.0
2054.5
1910.0
859.25
1448.0
2004.5
1885.0
859.25
1423.0
1954.5
1860.0
859.25
1398.0
3472.5
1835.0
859.25
1375.25
3397.5
1810.0
859.25
1375.25
3322.5
1785.0
859.25
1375.25
3247.5
1760.0
859.25
1375.25
3172.5
1735.0
859.25
1375.25
3097.5
1710.0
859.25
1375.25
3028.0
1685.0
853.75
1375.25
2978.0
1660.0
828.75
1375.25
2928.0
1635.0
803.75
1375.25
2878.0
1610.0
778.75
1375.25
2828.0
1585.0
753.75
1375.25
2769.25
1560.0
738.0
1374.75
2719.25
1535.0
738.0
1349.75
2669.25
1510.0
738.0
1324.75
2619.25
1485.0
738.0
1299.75
2569.25
1460.0
738.0
1274.75
2519.25
1435.0
738.0
1249.75
2469.25
1410.0
738.0
1224.75
2419.25
1385.0
738.0
1199.75
2369.25
1360.0
738.0
1174.75
2319.25
1335.0
738.0
1149.75
2269.25
1310.0
738.0
1124.75
2219.25
1285.0
738.0
1099.75
2169.25
1260.0
738.0
1074.75
2119.25
1235.0
738.0
1049.75
2069.25
1210.0
738.0
1024.75
2016.75
1187.5
738.0
999.75
1966.75
1162.5
738.0
974.75
1916.75
1137.5
738.0
949.75
1866.75
1112.5
738.0
924.75
1816.75
1087.5
738.0
899.75
1766.75
1062.5
738.0
874.75
1716.75
1037.5
738.0
849.75
1666.75
1012.5
730.75
832.0
1616.75
987.5
705.75
832.0
1566.75
962.5
680.75
832.0
1516.75
937.5
655.75
832.0
1466.75
912.5
630.75
832.0
1416.75
912.5
605.75
807.0
1366.75
912.5
580.75
782.0
1316.75
912.5
555.75
757.0
1266.75
912.5
530.75
732.0
1216.75
912.5
505.75
707.0
1166.75
905.5
487.75
682.0
1116.75
880.5
487.75
657.0
1066.75
855.5
487.75
632.0
1016.75
830.5
487.75
607.0
966.75
830.25
487.75
557.25
916.75
830.25
485.25
509.75
866.75
830.25
460.25
484.75
816.75
830.25
435.25
459.75
766.75
830.25
410.25
434.75
716.75
830.25
385.25
409.75
666.75
830.25
360.25
384.75
616.75
830.25
335.25
359.75
566.75
830.25
310.25
334.75
532.25
830.25
269.75
309.75
502.5
830.25
224.5
284.75
454.75
806.5
199.5
281.25
429.75
756.5
174.5
281.25
386.25
706.5
168.0
281.25
336.25
656.5
168.0
281.25
286.25
606.5
168.0
281.25
236.25
556.5
168.0
281.25
186.25
506.5
168.0
281.25
168.0
435.5
168.0
270.5
168.0
360.5
168.0
245.5
168.0
285.5
168.0
220.5
168.0
210.5
168.0
195.5
150.5
157.5
163.5
170.5
125.5
132.5
138.5
145.5
100.5
107.5
113.5
120.5
75.5
82.5
88.5
95.5
50.5
57.5
63.5
70.5
25.5
32.5
38.5
45.5
0.5
7.5
13.5
20.5
