-1.0
1702.5
1100.0
-1.0
-1.0
1652.5
1050.0
-1.0
-1.0
1602.5
1266.0
-1.0
-1.0
1691.0
1386.0
-1.0
-1.0
1683.5
1550.0
-1.0
-1.0
1633.5
1500.0
-1.0
-1.0
1583.5
1450.0
-1.0
-1.0
1535.0
1528.0
-1.0
-1.0
1485.0
1481.5
-1.0
-1.0
1445.5
1431.5
-1.0
-1.0
1395.5
1384.0
-1.0
-1.0
1389.5
1334.0
-1.0
-1.0
1339.5
1290.0
-1.0
-1.0
1318.5
1240.0
-1.0
-1.0
1307.0
1234.0
-1.0
-1.0
1257.0
1216.0
-1.0
-1.0
1216.0
1205.5
-1.0
-1.0
1166.0
1155.5
-1.0
-1.0
1141.0
1105.5
-1.0
-1.0
1091.0
1064.5
-1.0
-1.0
1071.5
1014.5
-1.0
-1.0
1021.5
988.5
-1.0
-1.0
971.5
938.5
-1.0
-1.0
924.0
919.0
-1.0
-1.0
915.0
869.0
2723.0
-1.0
915.0
819.0
2673.0
-1.0
943.5
772.0
2710.0
-1.0
970.5
722.0
2724.0
-1.0
3738.0
704.5
2674.0
-1.0
3767.5
731.0
2651.5
-1.0
3794.5
761.0
2616.0
-1.0
3768.5
783.0
2566.0
-1.0
3780.5
783.0
2598.5
-1.0
3756.5
798.5
2548.5
-1.0
3785.5
864.5
2585.5
-1.0
3894.5
864.5
2605.5
-1.0
3923.0
946.5
2555.5
-1.0
3982.0
946.5
2555.0
-1.0
4002.0
1021.5
2505.0
-1.0
3952.0
1021.5
2455.0
-1.0
4196.5
1133.5
2428.5
-1.0
4146.5
1133.5
2378.5
-1.0
4396.0
1133.5
2373.5
-1.0
4354.0
1392.0
2499.0
-1.0
4259.5
1392.0
2499.0
-1.0
4233.5
1426.5
2502.5
-1.0
4436.5
1408.5
2502.5
-1.0
4390.0
1813.5
2533.5
-1.0
4423.5
1763.5
2533.5
-1.0
4382.0
1819.0
2578.5
-1.0
4315.5
1819.0
2599.0
-1.0
4250.0
1819.0
2639.0
-1.0
4209.5
1908.5
2639.0
-1.0
4202.5
1947.5
2696.0
-1.0
4135.0
1915.0
2696.0
-1.0
4240.5
1918.5
2766.5
-1.0
4281.5
1868.5
2752.5
-1.0
4353.5
1860.0
2731.0
-1.0
4463.5
1907.5
2737.0
-1.0
4486.0
1897.0
2687.0
3844.0
4600.0
1892.0
2703.0
3847.0
4638.0
1857.0
2753.0
3813.5
4669.0
1910.0
2769.0
3763.5
4669.5
1964.5
2769.0
3733.5
4637.5
1985.0
2793.0
3683.5
4602.0
1985.0
2793.0
3676.5
4616.5
1998.5
2836.0
3664.0
4640.5
1993.5
6779.5
3614.0
4684.0
2039.0
6774.0
3564.0
4720.0
2074.0
6761.0
3565.0
4776.0
2074.0
6761.0
3515.0
4776.0
2074.0
6711.0
3499.5
4861.5
2129.5
6749.5
3449.5
4861.5
2129.5
6699.5
3501.5
4991.0
2171.5
6790.0
3463.0
5011.0
2171.5
6756.5
3413.0
5122.0
2262.5
6803.5
3435.0
5219.0
2283.5
6846.5
3445.5
5280.5
2356.0
6857.0
3395.5
5352.0
2356.0
6874.5
3414.0
5481.5
2356.0
6893.0
3402.5
5481.5
2430.5
6951.0
3352.5
5574.0
2487.0
6958.0
3307.0
5606.5
2520.5
6917.5
3306.5
5624.0
6939.0
6899.5
3330.0
5624.0
6913.5
6875.0
3383.0
5691.0
6934.5
6892.5
3434.5
5740.5
6933.5
6888.0
3434.5
5828.5
6976.0
6937.5
3444.5
5849.5
6919.0
6911.5
3444.5
5828.5
6840.0
6911.5
3481.0
5839.0
6854.5
6974.0
3526.5
5830.0
6845.0
7014.5
3526.5
5809.0
6826.0
7050.5
3564.0
5808.5
6813.0
7088.0
3564.0
5841.5
6779.0
7134.5
3597.5
5864.0
6813.5
7213.0
3597.5
5814.0
6763.5
7213.0
3597.5
5834.5
6742.5
7242.0
3643.5
5784.5
6725.0
7281.5
3643.5
5831.5
6721.0
7322.5
3739.0
5861.5
6687.5
7428.0
3739.0
5863.5
6739.0
7480.0
3766.0
5901.0
6736.5
7551.5
3766.0
5851.0
6709.0
7551.5
3806.0
5881.5
6678.5
7618.0
3806.0
5814.0
6694.0
7618.0
3869.0
5906.5
6745.0
7728.0
3869.0
5856.5
6786.5
7678.0
3882.5
5925.0
6868.5
7741.0
3882.5
5875.0
6887.5
7691.0
3921.5
5870.0
6915.0
7688.0
3973.5
5869.5
6967.0
7694.5
3973.5
5853.5
6998.0
7675.5
4005.5
5901.5
7099.0
7723.0
3986.5
5856.5
7107.0
7692.0
3957.0
5891.5
7144.5
7741.5
3974.0
5863.0
7225.0
7832.0
3999.5
5889.5
7365.0
7902.5
3949.5
6004.0
7365.0
7973.5
4057.5
6104.5
7530.5
8205.5
4045.0
6171.0
7712.0
8187.0
4010.5
6350.5
7806.5
8300.0
4027.0
6379.0
7932.0
8316.0
9625.5
6428.5
7918.0
8374.5
9642.5
6601.0
8075.0
8436.5
9725.0
6606.0
8075.0
8553.0
9733.5
6694.5
8208.5
8559.0
9798.0
6802.0
8249.5
8634.0
9748.0
6802.0
8279.5
8584.0
9715.5
6832.5
8313.0
8557.0
9696.5
6832.5
8337.0
8532.0
9631.5
6899.5
8377.0
8549.5
9563.5
6899.5
8377.0
8582.5
9545.0
6990.0
8464.0
8666.0
9478.5
7017.0
8499.5
8695.5
9427.5
7084.5
8576.0
8742.0
9364.5
7105.5
8587.5
8779.0
9264.5
7121.5
8606.5
8779.0
9249.0
7159.5
8620.0
8831.0
9199.0
7199.5
8604.5
8831.0
9187.0
7212.0
8584.0
8869.5
9198.0
7286.5
8710.5
8937.0
9177.5
7339.0
8660.5
8972.0
9212.5
7346.5
8759.5
9040.0
9181.0
7395.5
8759.5
9065.5
9095.0
7413.0
8802.5
9084.0
9010.5
7431.0
8802.5
9100.5
9065.5
7517.0
8876.0
9203.5
9049.0
7569.5
8886.5
9244.5
9101.0
7593.0
8868.0
9292.5
9112.0
7557.0
8819.5
9303.5
9112.0
7531.5
8768.5
9280.0
9112.0
7503.5
8746.5
9230.0
9112.0
7453.5
8746.5
9180.0
9077.5
7453.5
8731.0
9130.0
9027.5
7453.5
8731.0
9080.0
8977.5
7453.5
8731.0
9030.0
8927.5
7453.5
8731.0
8980.0
8877.5
7453.5
8731.0
8930.0
8827.5
7453.5
8731.0
8880.0
8777.5
7453.5
8731.0
8830.0
8727.5
7453.5
8731.0
8780.0
8699.5
7453.5
8731.0
8708.0
8699.5
7453.5
8731.0
8608.0
8699.5
7453.5
8731.0
8508.0
8699.5
7453.5
8731.0
8408.0
8687.5
7437.5
8728.0
8339.0
8687.5
7437.5
8678.0
8289.0
8653.5
7437.5
8662.0
8239.0
8603.5
7437.5
8662.0
8189.0
8553.5
7437.5
8659.0
8142.0
8503.5
7437.5
8609.0
8142.0
8453.5
7400.5
8596.0
8142.0
8403.5
7360.0
8586.5
8142.0
8353.5
7360.0
8536.5
8142.0
8303.5
7332.5
8514.0
8142.0
8253.5
7282.5
8514.0
8142.0
8203.5
7281.5
8465.0
8142.0
8153.5
7281.5
8439.0
8118.0
8103.5
7281.5
8439.0
8068.0
8053.5
7281.5
8439.0
8018.0
8034.5
7281.5
8439.0
7937.0
8034.5
7281.5
8439.0
7837.0
8034.5
7281.5
8417.5
7758.5
8028.0
7251.0
8411.5
7701.5
8028.0
7248.5
8364.0
7651.5
7983.5
7223.0
8358.5
7627.0
7943.5
7173.0
8358.5
7617.0
7943.5
7125.5
8356.0
7567.0
7943.5
7102.5
8306.0
7540.0
7943.5
7070.0
8249.0
7529.5
7943.5
7070.0
8199.0
7479.5
7897.0
7070.0
8149.0
7476.0
7850.5
7066.5
8099.0
7476.0
7850.5
7055.0
8038.0
7448.5
7850.5
7055.0
7938.0
7448.5
7841.5
7032.0
7870.0
7448.5
7791.5
7022.5
7844.0
7434.0
7705.5
7008.5
7844.0
7434.0
7605.5
7008.5
7844.0
7434.0
7537.0
7008.5
7844.0
7402.5
7487.0
7008.5
7844.0
7352.5
7437.0
6959.5
7844.0
7351.5
7387.0
6909.5
7844.0
7351.5
7337.0
6867.5
7844.0
7343.5
7287.0
6867.5
7844.0
7293.5
7216.0
6867.5
7844.0
7264.5
7155.5
6867.5
7844.0
7225.0
7146.0
6827.0
7844.0
7175.0
7137.0
6786.0
7834.5
7134.5
7087.0
6761.0
7809.5
7134.5
7076.5
6712.0
7808.5
7095.0
7076.5
6670.5
7780.5
7064.5
7076.5
6590.0
7780.5
7045.0
7076.5
6550.5
7780.5
6984.5
7065.5
6550.5
7780.5
6895.5
7026.5
6550.5
7769.5
6845.5
7026.5
6550.5
7719.5
6795.5
7026.5
6550.5
7669.5
6745.5
7026.5
6550.5
7619.5
6695.5
7026.5
6550.5
7569.5
6645.5
7026.5
6550.5
7519.5
6595.5
7026.5
6550.5
7469.5
6545.5
7026.5
6550.5
7419.5
6495.5
7026.5
6539.5
7380.5
6445.5
7026.5
6489.5
7380.5
6395.5
7026.5
6436.0
7370.5
6359.0
7026.5
6386.0
7320.5
6359.0
7026.5
6336.0
7270.5
6359.0
7007.0
6305.5
7220.5
6359.0
7002.5
6283.5
7170.5
6335.5
7002.5
6233.5
7120.5
6335.5
7002.5
6183.5
7070.5
6335.5
7002.5
6133.5
7020.5
6335.5
7002.5
6083.5
6970.5
6335.5
7002.5
6033.5
6920.5
6335.5
7002.5
5983.5
6870.5
6335.5
7002.5
5934.5
6847.0
6308.0
7002.5
5886.0
6845.5
6258.0
6952.5
5886.0
6795.5
6258.0
6893.5
5861.0
6779.5
6258.0
6803.5
5851.0
6779.5
6258.0
6743.5
5851.0
6779.5
6218.0
6690.5
5815.5
6779.5
6206.5
6640.5
5765.5
6779.5
6206.5
6590.5
5715.5
6779.5
6206.5
6540.5
5665.5
6779.5
6206.5
6464.0
5642.0
6779.5
6206.5
6410.0
5627.0
6779.5
6175.5
6360.0
5577.0
6779.5
6175.5
6310.0
5558.5
6779.5
6144.0
6223.5
5558.5
6779.5
6130.5
6165.0
5558.5
6738.0
6130.5
6115.0
5558.5
6688.0
6130.5
6065.0
5558.5
6638.0
6130.5
6015.0
5558.5
6588.0
6130.5
5972.5
5558.5
6538.0
6123.0
5972.5
5553.5
6493.0
6073.0
5956.5
5533.0
6477.0
6025.5
5956.5
5505.5
6430.0
6000.0
5956.5
5505.5
6380.0
5950.0
5956.5
5505.5
6330.0
5900.0
5919.0
5505.0
6323.5
5844.5
5912.0
5470.5
6323.5
5786.0
5912.0
5452.0
6323.5
5704.5
5898.5
5415.0
6323.5
5655.0
5842.5
5415.0
6323.5
5611.0
5742.5
5415.0
6323.5
5611.0
5651.0
5415.0
6323.5
5602.5
5623.5
5400.0
6301.0
5567.5
5623.5
5334.5
6266.5
5567.5
5623.5
5330.5
6170.5
5567.5
5623.5
5288.0
6113.0
5567.5
5591.5
5270.0
6063.0
5567.5
5541.5
5270.0
6013.0
5567.5
5491.5
5270.0
5963.0
5567.5
5441.5
5270.0
5913.0
5567.5
5391.5
5270.0
5863.0
5567.5
5341.5
5270.0
5813.0
5567.5
5338.5
5270.0
5763.0
5520.5
5338.5
5270.0
5713.0
5470.5
5338.5
5270.0
5663.0
5420.5
5338.5
5270.0
5613.0
5370.5
5338.5
5255.0
5575.0
5323.5
5315.0
5229.0
5551.0
5297.0
5296.0
5198.0
5533.5
5264.5
5296.0
5151.5
5530.0
5214.5
5295.5
5151.5
5480.0
5165.0
5245.5
5151.5
5430.0
5165.0
5195.5
5151.5
5380.0
5165.0
5162.0
5135.0
5330.0
5165.0
5162.0
5108.5
5256.5
5165.0
5132.5
5108.5
5186.0
5165.0
5093.0
5108.5
5154.0
5136.5
5075.5
5108.5
5129.0
5079.0
5057.5
5074.0
5119.0
5041.5
5024.0
5043.0
5101.0
5024.0
5024.0
5018.0
5026.0
5024.0
4940.0
5013.5
5014.5
5024.0
4908.0
4986.5
5014.5
4983.0
4908.0
4962.5
4980.0
4941.5
4908.0
4923.0
4949.5
4911.5
4908.0
4891.5
4914.5
4878.0
4908.0
4848.5
4884.0
4851.5
4886.5
4848.5
4855.5
4801.5
4808.0
4828.5
4855.5
4800.0
4803.0
4791.0
4798.0
4800.0
4755.5
4791.0
4745.5
4800.0
4692.0
4754.5
4745.5
4800.0
4689.0
4738.0
4745.5
4719.5
4689.0
4700.0
4712.0
4691.0
4689.0
4670.0
4671.5
4661.5
4640.5
4655.5
4641.5
4654.5
4615.5
4624.5
4639.0
4613.0
4615.5
4614.5
4549.0
4613.0
4615.5
4536.0
4528.5
4612.0
4607.5
4530.5
4528.5
4525.5
4519.5
4530.5
4516.5
4525.5
4490.5
4503.5
4472.5
4525.5
4452.5
4493.5
4458.0
4488.0
4452.5
4441.0
4458.0
4440.5
4439.0
4405.5
4458.0
4389.5
4401.5
4405.5
4433.0
4352.0
4394.5
4393.0
4352.5
4352.0
4350.0
4343.0
4347.0
4352.0
4350.0
4302.0
4288.0
4352.0
4285.5
4285.5
4269.0
4352.0
4276.5
4285.5
4253.5
4276.5
4276.5
4261.5
4195.0
4259.0
4276.5
4217.5
4195.0
4203.0
4220.0
4190.5
4195.0
4186.5
4189.0
4190.5
4126.0
4186.5
4165.5
4158.5
4081.5
4186.5
4114.0
4131.0
4081.5
4165.5
4078.0
4114.5
4081.5
4118.0
4078.0
4075.0
4061.0
4078.0
4066.5
4030.0
4048.0
4047.5
4035.0
4024.5
3998.0
4034.5
3993.5
3974.5
3989.5
4034.5
3963.0
3968.5
3945.5
4015.0
3941.5
3965.0
3917.0
3968.5
3900.0
3915.0
3917.0
3960.0
3900.0
3896.5
3917.0
3878.5
3879.0
3855.5
3917.0
3840.5
3839.5
3826.0
3906.5
3820.0
3839.5
3826.0
3856.5
3770.0
3839.5
3786.5
3796.0
3770.0
3796.0
3754.5
3771.5
3770.0
3698.0
3754.5
3769.5
3770.0
3697.5
3754.5
3719.5
3720.5
3697.5
3709.0
3684.0
3701.5
3661.0
3684.0
3645.5
3701.5
3644.5
3636.5
3643.0
3668.0
3644.5
3636.5
3581.0
3630.0
3617.5
3604.0
3574.0
3596.5
3577.5
3570.5
3569.0
3575.0
3562.0
3532.0
3532.5
3565.5
3536.0
3532.0
3498.0
3526.0
3527.5
3460.5
3478.0
3526.0
3527.5
3446.0
3432.5
3486.0
3446.5
3446.0
3425.0
3474.5
3430.0
3446.0
3381.0
3435.0
3430.0
3363.5
3377.5
3421.0
3382.5
3348.5
3377.5
3383.5
3341.5
3345.5
3377.5
3327.5
3331.0
3322.5
3315.5
3323.0
3295.0
3301.5
3289.0
3306.5
3295.0
3239.0
3267.0
3291.0
3252.0
3238.0
3267.0
3235.0
3230.5
3238.0
3203.5
3220.0
3230.5
3201.5
3177.0
3183.0
3185.0
3156.5
3177.0
3173.5
3145.5
3146.0
3167.5
3133.0
3138.5
3084.0
3136.5
3133.0
3136.5
3053.0
3069.5
3133.0
3089.0
3053.0
3052.0
3098.0
3051.5
3037.5
3052.0
3051.0
3051.5
2995.0
2994.5
3051.0
2997.0
2995.0
2986.0
3014.0
2989.0
2971.0
2944.0
2988.0
2989.0
2907.5
2907.5
2988.0
2930.5
2905.5
2907.5
2948.5
2893.5
2891.0
2900.0
2907.5
2878.0
2844.0
2862.5
2907.5
2850.0
2808.0
2840.5
2893.5
2838.0
2808.0
2810.0
2836.0
2805.0
2787.5
2793.0
2806.5
2785.5
2764.0
2762.5
2780.0
2736.0
2743.5
2762.5
2750.0
2704.0
2717.0
2744.5
2726.5
2704.0
2709.0
2675.5
2703.5
2686.5
2645.0
2666.5
2694.0
2652.0
2645.0
2651.0
2644.0
2634.5
2612.5
2611.5
2633.5
2584.0
2584.5
2611.5
2612.0
2572.5
2579.5
2561.5
2578.5
2565.0
2516.5
2532.0
2578.5
2540.0
2502.0
2532.0
2518.0
2496.0
2502.0
2500.0
2494.0
2496.0
2472.5
2429.5
2494.0
2495.5
2401.0
2429.5
2466.0
2415.5
2401.0
2429.5
2446.0
2384.0
2401.0
2406.5
2400.5
2377.0
2376.0
2360.5
2378.5
2360.5
2354.5
2316.5
2360.5
2326.5
2321.5
2310.5
2333.5
2287.5
2297.5
2306.0
2301.0
2287.5
2295.0
2213.5
2296.0
2286.0
2246.5
2204.5
2255.0
2236.0
2219.5
2204.5
2232.0
2214.0
2191.0
2204.5
2182.5
2180.0
2191.0
2144.0
2177.0
2180.0
2120.0
2120.0
2172.0
2126.0
2116.5
2120.0
2129.5
2095.0
2090.0
2107.5
2099.5
2075.5
2055.5
2087.0
2074.0
2075.5
2018.5
2024.0
2074.0
2075.5
1968.5
1979.5
2068.5
2028.5
1965.5
1979.5
2018.5
1967.0
1965.5
1979.5
1980.0
1935.0
1947.5
1977.0
1932.5
1935.0
1897.5
1927.0
1932.5
1893.5
1860.5
1905.5
1932.5
1859.5
1813.0
1905.5
1914.0
1859.5
1813.0
1905.5
1814.0
1834.0
1813.0
1860.0
1785.0
1787.0
1805.5
1814.5
1785.0
1787.0
1755.5
1764.5
1785.0
1787.0
1712.0
1722.5
1770.5
1787.0
1662.0
1722.5
1720.5
1740.5
1635.0
1722.5
1694.0
1640.5
1635.0
1722.5
1694.0
1600.0
1635.0
1690.5
1666.5
1600.0
1635.0
1640.5
1616.5
1600.0
1594.5
1590.0
1607.5
1574.5
1547.0
1563.0
1607.5
1533.5
1497.0
1563.0
1598.5
1533.5
1492.5
1563.0
1503.0
1514.5
1492.5
1527.5
1457.5
1464.5
1492.5
1477.5
1457.5
1461.0
1443.5
1430.0
1457.5
1456.5
1397.5
1412.0
1426.0
1397.5
1397.5
1397.5
1399.5
1393.0
1338.5
1361.0
1399.5
1346.0
1320.5
1361.0
1364.5
1316.0
1320.5
1361.0
1294.5
1294.5
1320.5
1284.0
1293.0
1292.5
1308.0
1234.0
1257.5
1234.5
1266.0
1234.0
1257.5
1221.0
1225.5
1224.5
1221.0
1175.5
1198.5
1199.5
1218.5
1154.0
1173.0
1199.5
1165.5
1135.5
1156.5
1199.5
1100.5
1095.5
1106.5
1189.5
1100.5
1095.5
1056.5
1139.5
1100.5
1095.5
1046.5
1049.5
1100.5
1095.5
999.5
996.5
1100.5
1095.5
949.5
971.0
1076.0
1056.0
939.0
971.0
1026.0
976.5
939.0
971.0
1005.5
918.0
939.0
971.0
964.0
903.5
903.5
971.0
914.0
895.0
895.5
900.0
901.5
869.5
876.5
888.5
857.5
860.0
844.5
842.5
845.0
810.0
838.0
835.5
808.5
810.0
788.5
785.0
808.5
782.5
765.5
762.5
781.5
742.5
753.0
756.0
740.5
742.5
706.0
703.0
740.5
723.0
675.5
668.0
725.5
677.0
675.5
668.0
671.5
647.5
655.0
644.0
645.5
614.0
620.5
639.0
618.5
585.0
620.5
601.5
585.0
565.0
583.5
573.5
570.0
554.5
529.0
538.5
570.0
522.0
505.5
538.5
526.0
484.0
505.5
514.0
488.5
483.5
465.5
454.5
488.5
462.5
426.5
454.5
448.5
413.5
426.5
441.5
410.5
413.5
397.0
371.0
410.5
389.0
343.5
371.0
388.5
337.0
343.5
371.0
340.5
322.5
343.5
300.5
325.5
322.5
258.5
285.5
325.5
275.5
242.0
285.5
289.0
240.0
242.0
268.0
242.0
225.0
206.5
241.0
219.5
192.0
194.5
198.5
207.0
176.0
167.0
198.5
150.5
166.0
125.0
197.0
104.0
116.0
125.0
147.0
104.0
108.0
125.0
97.5
61.5
69.5
93.0
79.5
50.0
48.0
41.0
53.0
50.0
9.5
17.0
17.5
48.0
-2.0
-2.0
-2.0
-2.0
