0.8942075967788696
0.894269585609436
0.8943271636962891
0.8943811655044556
0.8735530376434326
0.8736170530319214
0.8736701011657715
0.8737220764160156
0.85297691822052
0.8530324697494507
0.8530840873718262
0.8531345129013062
0.8609421253204346
0.86103355884552
0.861091136932373
0.861146092414856
0.8502894639968872
0.8503490686416626
0.8504046201705933
0.850459098815918
0.9347378015518188
0.934796929359436
0.9348520040512085
0.9349054098129272
0.9126310348510742
0.9126905202865601
0.9127465486526489
0.9127999544143677
1.0516254901885986
1.0517065525054932
1.0517970323562622
1.0518745183944702
1.0299890041351318
1.030045509338379
1.0300989151000977
1.0301845073699951
1.0221365690231323
1.022200584411621
1.0222545862197876
1.0223079919815063
0.9986673593521118
0.9987210035324097
0.9987719058990479
0.9988733530044556
0.9700440168380737
0.9701164960861206
0.9701745510101318
0.9702259302139282
0.9590945243835449
0.9591488838195801
0.9592089653015137
0.9592635631561279
0.9985818862915039
0.9986369609832764
0.9986894130706787
0.9987399578094482
0.9530768394470215
0.9531334638595581
0.9531843662261963
0.9532334804534912
0.9852160215377808
0.985274076461792
0.9853914976119995
0.9854530096054077
0.9590599536895752
0.9591149091720581
0.9591670036315918
0.9592230319976807
0.9951349496841431
0.9952934980392456
0.9953479766845703
0.9954265356063843
0.9859155416488647
0.9859960079193115
0.9860730171203613
0.986132025718689
0.9754815101623535
0.9755804538726807
0.9756355285644531
0.9756884574890137
0.969698429107666
0.9697519540786743
0.9698014259338379
0.969852089881897
0.9858025312423706
0.9858599901199341
0.9859144687652588
0.9859675168991089
0.9802564382553101
0.9803129434585571
0.9803658723831177
0.9804204702377319
0.9611309766769409
0.9612940549850464
0.9614009857177734
0.9614564180374146
1.1951744556427002
1.1952279806137085
1.1952775716781616
1.1953285932540894
1.1722389459609985
1.1722915172576904
1.1723428964614868
1.1723909378051758
1.1499559879302979
1.1500110626220703
1.1500625610351562
1.150112509727478
1.1414194107055664
1.1414929628372192
1.1415585279464722
1.1416174173355103
1.4609004259109497
1.4609564542770386
1.4610099792480469
1.4611214399337769
1.4624134302139282
1.462470531463623
1.4625240564346313
1.4625755548477173
1.4490025043487549
1.449059009552002
1.4491119384765625
1.4491640329360962
1.437927484512329
1.4379929304122925
1.4380494356155396
1.4381028413772583
1.4249025583267212
1.4249579906463623
1.4250085353851318
1.4250575304031372
1.5046520233154297
1.5047039985656738
1.5047634840011597
1.504812479019165
1.688692569732666
1.6887456178665161
1.688795566558838
1.6888445615768433
1.6869760751724243
1.6870319843292236
1.687085509300232
1.6871360540390015
1.6703505516052246
1.670405387878418
1.6704574823379517
1.670577049255371
1.6474499702453613
1.6475019454956055
1.647552490234375
1.6476010084152222
1.6384434700012207
1.6384999752044678
1.6385524272918701
1.6386454105377197
1.5323375463485718
1.5323930978775024
1.5324455499649048
1.5324954986572266
1.5221505165100098
1.5222049951553345
1.522255539894104
1.5223045349121094
1.4995135068893433
1.4995670318603516
1.499617576599121
1.49966561794281
1.444793462753296
1.4448474645614624
1.4448978900909424
1.4449485540390015
1.5253535509109497
1.525409460067749
1.5254629850387573
1.5255194902420044
1.5142000913619995
1.5142685174942017
1.5143240690231323
1.5143775939941406
1.5237081050872803
1.5237675905227661
1.523823618888855
1.523879051208496
1.2935301065444946
1.2935880422592163
1.2936660051345825
1.2937500476837158
1.2835934162139893
1.2836519479751587
1.2837430238723755
1.2838029861450195
1.4199190139770508
1.419979453086853
1.4200345277786255
1.4200879335403442
1.443176507949829
1.443232536315918
1.443286418914795
1.4433389902114868
1.6149718761444092
1.6150343418121338
1.615091323852539
1.6151459217071533
1.595134973526001
1.595196008682251
1.5952509641647339
1.5953484773635864
1.512063980102539
1.512158989906311
1.5122150182724
1.5122720003128052
1.5033130645751953
1.5033690929412842
1.5034215450286865
1.5034735202789307
1.5532784461975098
1.5533348321914673
1.553395390510559
1.553446888923645
1.7944715023040771
1.7945289611816406
1.7945834398269653
1.7946354150772095
1.7910780906677246
1.7911375761032104
1.791191577911377
1.791243553161621
1.6806049346923828
1.6806625127792358
1.6807154417037964
1.68077552318573
1.805467963218689
1.8055340051651
1.8055909872055054
1.8056474924087524
1.6954935789108276
1.6956455707550049
1.6957271099090576
1.6957885026931763
2.0112099647521973
2.011267066001892
2.011346936225891
2.0114054679870605
2.163765549659729
2.1638225317001343
2.163877487182617
2.163931131362915
2.1478464603424072
2.147903084754944
2.1479564905166626
2.1480084657669067
2.1471283435821533
2.1471868753433228
2.147241473197937
2.1472948789596558
2.128920555114746
2.1289764642715454
2.1290290355682373
2.1290791034698486
2.1150126457214355
2.115069031715393
2.115120530128479
2.115170121192932
1.97444748878479
1.974501132965088
1.9745525121688843
1.974602460861206
2.5358285903930664
2.535883069038391
2.5359355211257935
2.5359824895858765
2.6733845472335815
2.6734399795532227
2.6734925508499146
2.6735395193099976
2.6699424982070923
2.669996500015259
2.670048475265503
2.6700971126556396
2.651326060295105
2.651378631591797
2.651429533958435
2.65147602558136
2.6324938535690308
2.6325474977493286
2.6325994729995728
2.632645845413208
2.612096428871155
2.612151861190796
2.6122039556503296
2.612251400947571
2.7039510011672974
2.704003930091858
2.704055428504944
2.7041019201278687
2.65425705909729
2.6543115377426147
2.654371500015259
2.6544179916381836
2.640347957611084
2.6404229402542114
2.6404999494552612
2.640580415725708
2.6556869745254517
2.6557425260543823
2.6557945013046265
2.6558419466018677
2.6567370891571045
2.656834125518799
2.656893014907837
2.656941533088684
2.628197431564331
2.628268003463745
2.628322958946228
2.6283774375915527
2.606923460960388
2.606988549232483
2.6070669889450073
2.6071189641952515
2.5978474617004395
2.5979044437408447
2.597959041595459
2.5980080366134644
2.6357710361480713
2.6358845233917236
2.6359450817108154
2.63613760471344
2.6326475143432617
2.632704019546509
2.6327580213546753
2.6328070163726807
2.6167380809783936
2.6167980432510376
2.6168525218963623
2.6169010400772095
2.9395240545272827
2.939579486846924
2.9396289587020874
2.939676880836487
2.9229694604873657
2.923026919364929
2.9230769872665405
2.9231250286102295
2.925278902053833
2.9253358840942383
2.9253859519958496
2.925433397293091
2.903450608253479
2.903507113456726
2.903556704521179
2.9036046266555786
2.907349944114685
2.90740704536438
2.9074604511260986
2.907539963722229
2.572178363800049
2.57223641872406
2.5722854137420654
2.5723514556884766
2.688406467437744
2.6884623765945435
2.688512444496155
2.688559889793396
2.6645541191101074
2.664608120918274
2.6646575927734375
2.6647045612335205
2.7951654195785522
2.7952204942703247
2.795270562171936
2.7953184843063354
2.733949065208435
2.7340145111083984
2.734065055847168
2.7341126203536987
3.1483348608016968
3.1483914852142334
3.1484419107437134
3.148490071296692
2.7344565391540527
2.7345110177993774
2.7345606088638306
2.7346080541610718
3.1382575035095215
3.1383146047592163
3.138373017311096
3.1384211778640747
3.0718400478363037
3.071896553039551
3.071946859359741
3.0719945430755615
3.1015626192092896
3.1016165018081665
3.1016870737075806
3.1017390489578247
3.0811619758605957
3.081239938735962
3.081295371055603
3.0813443660736084
3.0621724128723145
3.062228560447693
3.062278985977173
3.0623260736465454
2.724713921546936
2.7247705459594727
2.7248209714889526
2.724868416786194
3.0687785148620605
3.068834900856018
3.0688854455947876
3.0689334869384766
3.0719090700149536
3.0719650983810425
3.07201611995697
3.072064518928528
2.758162021636963
2.758270502090454
2.758347511291504
2.758399486541748
2.7459514141082764
2.7460073232650757
2.746062397956848
2.7461124658584595
2.462273597717285
2.4623324871063232
2.4624075889587402
2.4624634981155396
2.617327928543091
2.617384910583496
2.6174368858337402
2.6174874305725098
2.9956029653549194
2.995661497116089
2.9957275390625
2.995789408683777
2.995002508163452
2.9950610399246216
2.9951120615005493
2.9951614141464233
2.9775935411453247
2.9776514768600464
2.977702498435974
2.9777514934539795
2.960840582847595
2.960898995399475
2.9609509706497192
2.9610209465026855
2.9564019441604614
2.9564589262008667
2.9565099477767944
2.9565590620040894
2.937490940093994
2.9375494718551636
2.9376050233840942
2.93765389919281
2.9377166032791138
2.9377750158309937
2.9378260374069214
2.9378775358200073
3.0631264448165894
3.063220977783203
3.063275456428528
3.063324451446533
2.9926480054855347
2.992706537246704
2.9928184747695923
2.992958903312683
2.9798099994659424
2.9799474477767944
2.9800015687942505
2.980051636695862
2.9627805948257446
2.962839126586914
2.9628936052322388
2.9629430770874023
2.916748046875
2.91680908203125
2.916861057281494
2.916911005973816
3.35992693901062
3.3599839210510254
3.3600354194641113
3.3600839376449585
3.3503990173339844
3.3504669666290283
3.3505765199661255
3.3506669998168945
3.3578124046325684
3.357906460762024
3.3579739332199097
3.358024477958679
3.3036999702453613
3.303805947303772
3.303861975669861
3.303912043571472
3.9228999614715576
3.922959089279175
3.9230990409851074
3.9231905937194824
3.6367539167404175
3.6368114948272705
3.6368629932403564
3.6369125843048096
3.639570951461792
3.639627456665039
3.6397238969802856
3.6397894620895386
4.072139382362366
4.072198033332825
4.072250008583069
4.072298884391785
4.140611886978149
4.140669345855713
4.140720963478088
4.140769958496094
4.117551565170288
4.117608547210693
4.117659568786621
4.117709040641785
4.091906428337097
4.09196400642395
4.092020511627197
4.092069506645203
3.716884970664978
3.716978073120117
3.7170339822769165
3.7170848846435547
4.159712910652161
4.159770965576172
4.159822463989258
4.159871935844421
3.7247915267944336
3.724853515625
3.7249070405960083
3.724958062171936
4.1671799421310425
4.167279958724976
4.167341947555542
4.167394399642944
4.141194939613342
4.141253352165222
4.1413058042526245
4.141355872154236
4.133612513542175
4.133671998977661
4.133725047111511
4.133776068687439
4.11920952796936
4.119278430938721
4.119333505630493
4.11940598487854
4.1112459897994995
4.111304879188538
4.1113574504852295
4.111407995223999
4.138545036315918
4.13866400718689
4.138721585273743
4.1387985944747925
4.120496988296509
4.120557069778442
4.120610475540161
4.120661616325378
3.8364559412002563
3.836515426635742
3.8365689516067505
3.836640477180481
4.133918881416321
4.133991003036499
4.134045958518982
4.134117960929871
4.1241375207901
4.12420654296875
4.124259948730469
4.124309539794922
3.8580185174942017
3.858075976371765
3.858178496360779
3.8582369089126587
4.201084494590759
4.201144576072693
4.201198101043701
4.201248526573181
4.1874659061431885
4.18753445148468
4.187588930130005
4.187640905380249
3.8655905723571777
3.865651488304138
3.8657045364379883
3.8657559156417847
4.278648138046265
4.278716087341309
4.278770685195923
4.278822660446167
3.8973946571350098
3.897471070289612
3.8975250720977783
3.897575616836548
3.9367430210113525
3.936803460121155
3.936856508255005
3.936907410621643
3.995211958885193
3.9952805042266846
3.995334029197693
3.995384454727173
4.120438575744629
4.120507597923279
4.12056303024292
4.120614051818848
4.156344890594482
4.1564143896102905
4.156468510627747
4.156520485877991
4.192648410797119
4.192708492279053
4.192760944366455
4.192811489105225
4.731021046638489
4.731081485748291
4.7311354875564575
4.731186032295227
4.800869107246399
4.800931096076965
4.800985097885132
4.801035642623901
4.95416796207428
4.95423698425293
4.954291462898254
4.954342484474182
4.95050847530365
4.950569033622742
4.9506224393844604
4.95067298412323
5.076622486114502
5.076690912246704
5.076744914054871
5.076795935630798
5.143608570098877
5.14370596408844
5.143760085105896
5.143811106681824
5.171072959899902
5.171133995056152
5.171187400817871
5.171238422393799
5.253028035163879
5.253087043762207
5.253143548965454
5.253194093704224
5.317736029624939
5.317826509475708
5.317883014678955
5.317934989929199
5.482644557952881
5.48272705078125
5.482783555984497
5.482837080955505
5.47614848613739
5.476211428642273
5.476266503334045
5.476320028305054
5.500432968139648
5.500495910644531
5.500566005706787
5.500634431838989
5.883650064468384
5.883723020553589
5.883785009384155
5.883838415145874
5.9443570375442505
5.944419980049133
5.944475531578064
5.944528937339783
6.032641530036926
6.032722592353821
6.032779574394226
6.032833099365234
6.122722506523132
6.122793436050415
6.12285041809082
6.122902870178223
5.7072434425354
5.707319974899292
5.707378387451172
5.707432508468628
5.793511986732483
5.79359245300293
5.7936484813690186
5.793700575828552
5.853271961212158
5.8533360958099365
5.85339093208313
5.853443026542664
5.934089422225952
5.934176921844482
5.934233903884888
5.934288501739502
6.516361474990845
6.516429424285889
6.516515493392944
6.516569018363953
6.051907539367676
6.051971077919006
6.0520265102386475
6.052078485488892
6.086575508117676
6.086651086807251
6.0867074728012085
6.086760520935059
6.0900245904922485
6.0900890827178955
6.090144038200378
6.090196013450623
6.6624596118927
6.662529110908508
6.662586092948914
6.662639021873474
6.715020537376404
6.715122580528259
6.715181589126587
6.715235114097595
6.718479514122009
6.718538880348206
6.718593001365662
6.718644857406616
6.87905752658844
6.879117488861084
6.879171013832092
6.879224538803101
6.916531443595886
6.916593909263611
6.9166483879089355
6.916700482368469
7.284811973571777
7.2848734855651855
7.284928560256958
7.28498101234436
7.3856364488601685
7.385699510574341
7.385754466056824
7.385806918144226
7.388649940490723
7.388712525367737
7.38876736164093
7.388819932937622
6.828969478607178
6.829031944274902
6.829087972640991
6.829140901565552
6.958636045455933
6.958715558052063
6.9587719440460205
6.958824872970581
7.022316932678223
7.022377967834473
7.022433042526245
7.022484064102173
7.623741984367371
7.623811960220337
7.6238694190979
7.623923897743225
7.650120496749878
7.6501829624176025
7.650238394737244
7.6502909660339355
7.641687631607056
7.6417495012283325
7.641805052757263
7.641857028007507
7.1642584800720215
7.164319038391113
7.16437304019928
7.164424538612366
7.63604998588562
7.636112570762634
7.636167049407959
7.636219501495361
8.060575485229492
8.060646414756775
8.060703992843628
8.06075644493103
8.050578474998474
8.050637602806091
8.050691485404968
8.050742983818054
8.172130584716797
8.172191619873047
8.172245979309082
8.172298073768616
8.254390954971313
8.254452466964722
8.254508018493652
8.254560470581055
7.746548056602478
7.74660849571228
7.746662974357605
7.746715545654297
7.73565399646759
7.73571503162384
7.735768914222717
7.735821485519409
7.741458535194397
7.741526961326599
7.741581439971924
7.741637587547302
7.725322008132935
7.725386023521423
7.72545051574707
7.725525498390198
8.2473304271698
8.247390866279602
8.247445464134216
8.247496962547302
8.236433029174805
8.23651397228241
8.236582398414612
8.236638069152832
7.683862924575806
7.6839234828948975
7.683979511260986
7.684032440185547
7.672661542892456
7.6727235317230225
7.672779083251953
7.672831058502197
7.653793931007385
7.653854489326477
7.653907418251038
7.653959393501282
7.692757964134216
7.692820429801941
7.692905902862549
7.692963004112244
8.176788449287415
8.176849007606506
8.17690396308899
8.176955938339233
7.396229982376099
7.396290421485901
7.396367430686951
7.396428346633911
7.400550484657288
7.400611996650696
7.40066659450531
7.400717616081238
7.403939127922058
7.40399956703186
7.404059648513794
7.404111623764038
7.9332594871521
7.933321952819824
7.9333765506744385
7.933433413505554
8.544358611106873
8.544419050216675
8.544473528862
8.544525623321533
8.040321946144104
8.040382504463196
8.04043698310852
8.040488958358765
8.039072036743164
8.03913152217865
8.039185523986816
8.03923749923706
8.545762538909912
8.545822501182556
8.545876026153564
8.54592752456665
8.524277448654175
8.524338483810425
8.52439296245575
8.524445533752441
8.500412940979004
8.500475525856018
8.500530004501343
8.500583052635193
8.475321054458618
8.475382089614868
8.475436687469482
8.475488185882568
8.438671469688416
8.438733577728271
8.438788056373596
8.43884003162384
8.36122751235962
8.361290454864502
8.361345529556274
8.361397504806519
8.333068013191223
8.333129048347473
8.333184599876404
8.333237051963806
8.222916960716248
8.222978472709656
8.223033547401428
8.223090529441833
8.364267468452454
8.36432695388794
8.364382028579712
8.364434003829956
8.328487038612366
8.328548431396484
8.32860255241394
8.328654527664185
8.60574758052826
8.605808019638062
8.605862617492676
8.60598611831665
8.518165588378906
8.518226027488708
8.518280982971191
8.518332958221436
8.507142424583435
8.507202506065369
8.507256388664246
8.507308840751648
8.060567378997803
8.060626983642578
8.060680389404297
8.060732007026672
8.438876032829285
8.438936948776245
8.438992500305176
8.439048409461975
8.319936990737915
8.320030927658081
8.320090055465698
8.320143938064575
8.248695015907288
8.248786568641663
8.248844504356384
8.248898029327393
8.230208992958069
8.23026990890503
8.230324029922485
8.230376482009888
8.195707082748413
8.195770025253296
8.19582450389862
8.195877432823181
8.098384618759155
8.098446130752563
8.098500490188599
8.098552584648132
8.054661870002747
8.054723381996155
8.054778933525085
8.05483090877533
7.840327978134155
7.840387940406799
7.840441942214966
7.840494394302368
7.876944541931152
7.877004623413086
7.877060055732727
7.877112030982971
7.852432489395142
7.852494120597839
7.852548003196716
7.85260009765625
8.494242191314697
8.4943026304245
8.494356632232666
8.494412660598755
8.500869989395142
8.500932455062866
8.501019477844238
8.501080870628357
8.50023341178894
8.50029444694519
8.500349998474121
8.500403046607971
8.655086040496826
8.65514862537384
8.655202984809875
8.655256152153015
8.635621905326843
8.63568651676178
8.635820865631104
8.635889887809753
8.605749487876892
8.605808019638062
8.605862021446228
8.60591447353363
8.532882571220398
8.532942533493042
8.532996535301208
8.533048510551453
8.407251596450806
8.407312512397766
8.40736711025238
8.407419562339783
8.445166945457458
8.445247411727905
8.445306897163391
8.4453604221344
8.367371916770935
8.367431998252869
8.367486000061035
8.36753797531128
8.331498384475708
8.331560015678406
8.331614971160889
8.331672072410583
8.326267004013062
8.326327919960022
8.326382040977478
8.32643449306488
8.687420964241028
8.68748140335083
8.687536001205444
8.687587976455688
8.789113998413086
8.789182424545288
8.789239048957825
8.789291501045227
8.666900992393494
8.666960597038269
8.667015075683594
8.667067050933838
8.591130495071411
8.59119188785553
8.591246485710144
8.591298937797546
8.549200057983398
8.549264550209045
8.549318552017212
8.549371004104614
8.36031699180603
8.36037802696228
8.360432505607605
8.360484957695007
8.179595947265625
8.179655909538269
8.179709434509277
8.179762363433838
8.650457978248596
8.650517463684082
8.650571942329407
8.650624513626099
8.581499457359314
8.581561923027039
8.581616997718811
8.581669449806213
8.504410982131958
8.504472494125366
8.50452744960785
8.504618525505066
8.372269988059998
8.372331500053406
8.37238597869873
8.372437953948975
8.373987555503845
8.374050617218018
8.374165534973145
8.37422251701355
8.329686045646667
8.329747438430786
8.3298020362854
8.329854488372803
8.470255374908447
8.470317482948303
8.470372438430786
8.470425009727478
8.467885494232178
8.467947483062744
8.468002915382385
8.468059062957764
8.442054986953735
8.442114472389221
8.442169070243835
8.442221522331238
8.396265029907227
8.39632797241211
8.396382093429565
8.39643406867981
8.292231917381287
8.2922945022583
8.292348861694336
8.292402029037476
9.035200476646423
9.035259485244751
9.035312414169312
9.035363912582397
9.018272042274475
9.018385410308838
9.01847493648529
9.018532395362854
9.021348476409912
9.021409511566162
9.021466493606567
9.021519541740417
9.275259137153625
9.275320649147034
9.275375008583069
9.275432229042053
9.244200587272644
9.24426543712616
9.24432098865509
9.244374394416809
9.141791462898254
9.141852021217346
9.141906023025513
9.141958475112915
9.08885908126831
9.088919997215271
9.088975548744202
9.089028000831604
9.058672428131104
9.05876338481903
9.058820962905884
9.058874011039734
8.937022089958191
8.937083959579468
8.93713903427124
8.9371919631958
9.13351058959961
9.133584022521973
9.133642077445984
9.133718967437744
9.045724987983704
9.045787453651428
9.045864462852478
9.04592502117157
8.967121958732605
8.967182993888855
8.967236995697021
8.967289447784424
8.950058579444885
8.950119972229004
8.95017397403717
8.950225472450256
8.597036004066467
8.597097516059875
8.597150921821594
8.59720242023468
8.62746000289917
8.627522468566895
8.627576470375061
8.627629041671753
8.684906959533691
8.684967041015625
8.685021042823792
8.685073494911194
8.836959481239319
8.837022066116333
8.837076425552368
8.837128520011902
8.983868956565857
8.98393201828003
8.983986973762512
8.984040021896362
8.856899499893188
8.856960415840149
8.857015013694763
8.857067942619324
8.863145470619202
8.863206028938293
8.863259434700012
8.863311409950256
8.780856013298035
8.780976057052612
8.781039595603943
8.781126022338867
8.829595923423767
8.829786896705627
8.829843401908875
8.829918026924133
8.811669111251831
8.811729907989502
8.811787486076355
8.811838984489441
8.788849472999573
8.788910984992981
8.788966536521912
8.789019584655762
8.800896644592285
8.80095648765564
8.801010489463806
8.80106246471405
8.777397632598877
8.777459025382996
8.777513146400452
8.777565121650696
8.846959590911865
8.84701955318451
8.847074508666992
8.847126960754395
8.82280445098877
8.82286548614502
8.822920083999634
8.822972536087036
8.80500853061676
8.80509901046753
8.805155992507935
8.805209517478943
8.823505520820618
8.823566436767578
8.823619961738586
8.823671460151672
8.839524507522583
8.839586973190308
8.839642524719238
8.83969497680664
8.85673201084137
8.856791973114014
8.85684597492218
8.856897830963135
8.874139428138733
8.8742014169693
8.87425684928894
8.874310970306396
8.890334963798523
8.890398502349854
8.8904550075531
8.890508532524109
8.893579006195068
8.893640518188477
8.893696427345276
8.893748998641968
8.921520471572876
8.921583533287048
8.921637892723083
8.92168939113617
8.939197897911072
8.939260363578796
8.939314842224121
8.939367532730103
8.94262957572937
8.94271206855774
8.94277560710907
8.942829012870789
8.957869052886963
8.957949042320251
8.958011031150818
8.95806610584259
9.002593994140625
9.00265634059906
9.002711415290833
9.002767324447632
9.020650029182434
9.020710468292236
9.020765542984009
9.020817518234253
9.002449035644531
9.002506971359253
9.00256097316742
9.002622961997986
8.965578079223633
8.965639591217041
8.965693473815918
8.965755939483643
9.00449800491333
9.004562139511108
9.004617094993591
9.004669547080994
9.00299346446991
9.003055453300476
9.0031099319458
9.003161907196045
9.039491057395935
9.039554476737976
9.039664030075073
9.039730072021484
9.068071961402893
9.06813395023346
9.068189024925232
9.068270564079285
9.02184796333313
9.021918535232544
9.021975994110107
9.022029519081116
9.028178572654724
9.028240084648132
9.028294444084167
9.02834701538086
9.07705807685852
9.07713007926941
9.077193021774292
9.077246069908142
9.050321578979492
9.050384044647217
9.050439476966858
9.050492525100708
9.084011912345886
9.08407199382782
9.084126472473145
9.084179043769836
9.103843927383423
9.103905081748962
9.103958010673523
9.104009985923767
9.12363338470459
9.123692870140076
9.12374746799469
9.123798966407776
9.086243510246277
9.086301445960999
9.086355566978455
9.08640706539154
9.114549994468689
9.114609956741333
9.114664554595947
9.114716410636902
9.140679836273193
9.140741348266602
9.140795946121216
9.140848398208618
9.136266469955444
9.136326551437378
9.136379957199097
9.136436462402344
9.148051857948303
9.148133397102356
9.148203015327454
9.148258924484253
9.1644846200943
9.164545059204102
9.164599061012268
9.16465163230896
9.174718499183655
9.174780488014221
9.174836039543152
9.174888491630554
9.166110396385193
9.16616940498352
9.166222929954529
9.166274428367615
9.214343905448914
9.214434504508972
9.214492440223694
9.214545488357544
9.235572099685669
9.235636591911316
9.235692143440247
9.235746622085571
9.259415984153748
9.259475946426392
9.259530544281006
9.25958251953125
9.231773018836975
9.231835961341858
9.231889486312866
9.231942415237427
9.216299414634705
9.216359376907349
9.216413378715515
9.216464877128601
9.212024569511414
9.212085485458374
9.212140083312988
9.212195992469788
9.228840947151184
9.228902459144592
9.228957056999207
9.229009985923767
9.27552604675293
9.275604486465454
9.275671005249023
9.275725483894348
9.310413599014282
9.310477018356323
9.310532569885254
9.310585498809814
9.317206501960754
9.317270040512085
9.317324995994568
9.317377924919128
9.308221101760864
9.308284640312195
9.30833911895752
9.308391094207764
9.312130451202393
9.312192440032959
9.312247395515442
9.312298893928528
9.370883584022522
9.370943546295166
9.370996952056885
9.37104845046997
9.359848976135254
9.35991096496582
9.359966516494751
9.360018968582153
9.385336995124817
9.38539731502533
9.385454416275024
9.385506391525269
9.39924156665802
9.399303078651428
9.399357557296753
9.399410009384155
9.388206481933594
9.388271450996399
9.38832700252533
9.388380527496338
9.393068432807922
9.39315402507782
9.393213868141174
9.393267512321472
9.459587574005127
9.459650993347168
9.459705591201782
9.459758639335632
9.488958954811096
9.48902142047882
9.489075422286987
9.48912787437439
9.493308901786804
9.49337351322174
9.493429064750671
9.493482947349548
9.477316975593567
9.477379083633423
9.477433562278748
9.47748601436615
9.49543845653534
9.495497465133667
9.495550990104675
9.495602488517761
9.478170990943909
9.478240966796875
9.478296995162964
9.478350400924683
9.499014973640442
9.499078512191772
9.499134063720703
9.499186992645264
9.506067037582397
9.506129622459412
9.506184101104736
9.50623607635498
9.501397013664246
9.501504063606262
9.501588582992554
9.501666069030762
9.510658383369446
9.510729432106018
9.510831356048584
9.510921955108643
9.531206488609314
9.531288504600525
9.531347513198853
9.53144645690918
9.531299471855164
9.53136146068573
9.531415343284607
9.53146743774414
9.537891507148743
9.537954449653625
9.538009524345398
9.538081049919128
9.562554955482483
9.56263792514801
9.56271743774414
9.562771439552307
9.591784596443176
9.591845631599426
9.591901063919067
9.591954112052917
9.612993955612183
9.613118052482605
9.613176107406616
9.613270044326782
9.600729942321777
9.600791454315186
9.600876450538635
9.600940465927124
9.58236300945282
9.582424521446228
9.582478880882263
9.582532048225403
9.604941487312317
9.605002522468567
9.605057954788208
9.605110049247742
9.585048079490662
9.585109949111938
9.585165023803711
9.585216999053955
9.58351743221283
9.58357846736908
9.583633065223694
9.583685517311096
9.591407418251038
9.591468453407288
9.59152352809906
9.591581463813782
9.621524095535278
9.621585607528687
9.62164056301117
9.62169349193573
9.629896879196167
9.629957437515259
9.6300128698349
9.630064964294434
9.662221908569336
9.662283420562744
9.66233742237091
9.662389516830444
9.675082564353943
9.675143480300903
9.67519748210907
9.675249576568604
9.638266444206238
9.638328433036804
9.638383984565735
9.638436436653137
9.641196608543396
9.641257047653198
9.641311645507812
9.641363024711609
9.700414896011353
9.700477004051208
9.700531959533691
9.700583934783936
9.688464403152466
9.688527464866638
9.688583016395569
9.68863594532013
9.69383192062378
9.69389295578003
9.693947434425354
9.693999886512756
9.720216512680054
9.720278024673462
9.720333933830261
9.720386505126953
9.716758370399475
9.716816544532776
9.716869473457336
9.716920018196106
9.759976029396057
9.760034441947937
9.760089039802551
9.760140419006348
9.78175139427185
9.781813383102417
9.78186845779419
9.781920909881592
9.795459985733032
9.79552149772644
9.79557752609253
9.795630097389221
9.768684029579163
9.768746137619019
9.768799543380737
9.768851518630981
9.775869011878967
9.775929570198059
9.775983572006226
9.77603554725647
9.824249625205994
9.82430899143219
9.824362993240356
9.8244149684906
9.847161054611206
9.847221493721008
9.84727656841278
9.847370147705078
9.838773369789124
9.838835000991821
9.838889360427856
9.838941931724548
9.853738903999329
9.853801369667053
9.853855967521667
9.853913426399231
9.86483347415924
9.864895462989807
9.864951014518738
9.86500346660614
9.874288082122803
9.874349474906921
9.87440311908722
9.874455094337463
9.885888457298279
9.885949611663818
9.886003494262695
9.886055946350098
9.884960532188416
9.88502299785614
9.885080575942993
9.885133028030396
9.884724140167236
9.884784579277039
9.884839057922363
9.884891033172607
9.890588998794556
9.89065146446228
9.890705943107605
9.890758991241455
9.94054400920868
9.940607070922852
9.940662503242493
9.940715074539185
9.940621972084045
9.94068455696106
9.940738916397095
9.940792918205261
9.967555522918701
9.967616558074951
9.967705965042114
9.967766404151917
9.965617537498474
9.965678453445435
9.965733408927917
9.965786457061768
9.979380488395691
9.979442954063416
9.979498028755188
9.97955048084259
10.025030493736267
10.025092959403992
10.025149941444397
10.025201916694641
9.985996961593628
9.98605990409851
9.986113905906677
9.986165881156921
10.002522110939026
10.002585172653198
10.002641081809998
10.0026935338974
10.014876008033752
10.014936566352844
10.014989972114563
10.015042185783386
10.008269548416138
10.008332014083862
10.008386492729187
10.008439064025879
10.016398549079895
10.016459584236145
10.016514539718628
10.016566038131714
10.021302580833435
10.021365523338318
10.021421551704407
10.021474480628967
10.084080457687378
10.084142565727234
10.084198474884033
10.084251046180725
10.065651059150696
10.065712451934814
10.065767526626587
10.06581997871399
10.085429072380066
10.085491061210632
10.085545063018799
10.085597038269043
10.094419002532959
10.094480991363525
10.094567060470581
10.094642996788025
10.061252474784851
10.06131398677826
10.061368942260742
10.061420440673828
10.056654930114746
10.05674397945404
10.05682897567749
10.056888461112976
10.096585512161255
10.09666109085083
10.096717119216919
10.09677004814148
10.102125525474548
10.102188110351562
10.102242469787598
10.102294445037842
10.118476033210754
10.11853814125061
10.118593096733093
10.118645071983337
10.147716522216797
10.147778511047363
10.14783251285553
10.147884130477905
10.152526021003723
10.152588486671448
10.152642965316772
10.15269947052002
10.167640447616577
10.167701959609985
10.16775643825531
10.16780936717987
10.17806100845337
10.178119659423828
10.178173542022705
10.17822551727295
10.221153020858765
10.221224546432495
10.2213134765625
10.221373438835144
10.227828025817871
10.227930545806885
10.227992534637451
10.228084564208984
10.271553039550781
10.271625995635986
10.271736979484558
10.27183997631073
10.305651426315308
10.305740475654602
10.305800437927246
10.305855512619019
10.296516418457031
10.296581506729126
10.296638011932373
10.29669189453125
10.318955898284912
10.319021940231323
10.319078922271729
10.319133877754211
10.307997584342957
10.308058142662048
10.30811357498169
10.308223605155945
10.367063045501709
10.367454528808594
10.367528080940247
10.36758553981781
10.361061573028564
10.361130595207214
10.36118757724762
10.361242532730103
10.401830554008484
10.401894450187683
10.401950478553772
10.402004599571228
10.407275080680847
10.407348990440369
10.40740704536438
10.407460927963257
10.421367049217224
10.421430110931396
10.421486020088196
10.42154049873352
10.431009411811829
10.431074380874634
10.43113386631012
10.431188344955444
10.439785122871399
10.439847946166992
10.439904928207397
10.439959526062012
10.450055599212646
10.450120091438293
10.450176119804382
10.450230479240417
10.47645902633667
10.476523518562317
10.476580500602722
10.476639032363892
10.482349038124084
10.482412576675415
10.482469081878662
10.48252248764038
10.500492930412292
10.500556468963623
10.50061309337616
10.500666499137878
10.540497541427612
10.540562510490417
10.54062044620514
10.540675520896912
10.515389084815979
10.515450954437256
10.515506029129028
10.515560626983643
10.521782517433167
10.521846413612366
10.52190351486206
10.521957516670227
10.538808941841125
10.538875937461853
10.53893494606018
10.538990020751953
10.543227314949036
10.543290972709656
10.543347477912903
10.543401956558228
10.549357891082764
10.549421906471252
10.5494784116745
10.549532532691956
10.5678631067276
10.567926526069641
10.567986011505127
10.568045496940613
10.60008955001831
10.600151062011719
10.600205898284912
10.60025954246521
10.606465935707092
10.60653042793274
10.606586933135986
10.606640934944153
10.625820517539978
10.625885128974915
10.625941634178162
10.625996112823486
10.647455930709839
10.647542953491211
10.647606015205383
10.647661566734314
10.670919418334961
10.670982480049133
10.671038508415222
10.671092867851257
10.672696471214294
10.672760009765625
10.672816038131714
10.672871470451355
10.663097500801086
10.663161516189575
10.66321849822998
10.663294911384583
10.684659481048584
10.684722900390625
10.68478000164032
10.684834957122803
10.708949446678162
10.709012389183044
10.709068894386292
10.70912790298462
10.738050937652588
10.738114953041077
10.738171458244324
10.73822546005249
10.754058480262756
10.754133582115173
10.75419008731842
10.754243016242981
10.772365093231201
10.77245557308197
10.772516012191772
10.772621035575867
10.789533972740173
10.7896089553833
10.789707899093628
10.78977346420288
10.787719964981079
10.787816524505615
10.787875533103943
10.787930965423584
10.779699087142944
10.77976107597351
10.7798171043396
10.779870986938477
10.80488395690918
10.804945945739746
10.80505096912384
10.80510699748993
10.799923062324524
10.799986124038696
10.800042033195496
10.800096035003662
10.817195534706116
10.817260026931763
10.81731653213501
10.817374467849731
10.809981107711792
10.810045003890991
10.810101985931396
10.810156106948853
10.816122889518738
10.816184997558594
10.81624150276184
10.816295385360718
10.83751106262207
10.837645053863525
10.837707042694092
10.837762951850891
10.855939984321594
10.856002569198608
10.856058120727539
10.856111526489258
10.864463686943054
10.864525079727173
10.86458158493042
10.864635586738586
10.87779712677002
10.877861022949219
10.877917528152466
10.877971649169922
10.862849116325378
10.862913131713867
10.862969994544983
10.863024592399597
10.879681468009949
10.87974500656128
10.879801511764526
10.879855990409851
10.908667087554932
10.90873098373413
10.908787965774536
10.908875584602356
10.880514025688171
10.880577087402344
10.880634546279907
10.880688428878784
10.886310577392578
10.886374592781067
10.886431455612183
10.886485576629639
10.893934965133667
10.89399802684784
10.894055485725403
10.894109606742859
10.914234042167664
10.91429603099823
10.914352059364319
10.914405941963196
10.926836490631104
10.92690098285675
10.926957964897156
10.92701256275177
10.924517035484314
10.924590110778809
10.924647092819214
10.924702048301697
10.953842997550964
10.953906536102295
10.953963041305542
10.95401656627655
10.96673846244812
10.966802477836609
10.966858506202698
10.966912508010864
10.965954065322876
10.966018438339233
10.966076016426086
10.966131567955017
10.975998997688293
10.97606098651886
10.97611653804779
10.97616958618164
10.988202095031738
10.988265037536621
10.988438963890076
10.988496541976929
10.996241092681885
10.996304512023926
10.996360540390015
10.996414422988892
11.035508513450623
11.035600066184998
11.035679578781128
11.03573751449585
11.062785506248474
11.062848925590515
11.062904953956604
11.062959909439087
11.03845500946045
11.038516521453857
11.038572072982788
11.038625955581665
11.0130695104599
11.013132572174072
11.013189554214478
11.013243436813354
11.021355509757996
11.021419525146484
11.02147650718689
11.021531462669373
11.057147979736328
11.057211518287659
11.057268023490906
11.057321548461914
11.038208842277527
11.038275361061096
11.038331866264343
11.038386464118958
11.064403414726257
11.064464926719666
11.064520478248596
11.064575433731079
11.09450089931488
11.094561457633972
11.094617009162903
11.09467089176178
11.099540948867798
11.099603533744812
11.099658966064453
11.099712491035461
11.125528573989868
11.125591039657593
11.125648021697998
11.125702500343323
11.106902122497559
11.106967568397522
11.107024073600769
11.107079029083252
