6.920153697331746
6.920228322347005
7.007310310999553
7.007499655087789
7.111528515815735
7.019844094912211
7.114747603734334
7.1149881680806475
7.281363447507222
7.281438549359639
7.388912479082744
7.564946850140889
7.553923646608989
7.553991357485454
7.496545592943828
7.496605356534322
7.529578844706218
7.554363489151001
7.742298007011414
7.742499788602193
7.805964430173238
7.806058446566264
7.870083451271057
7.805994788805644
7.7720216910044355
7.772078990936279
7.811825672785441
7.811899423599243
7.844569802284241
7.830673297246297
7.952810287475586
7.952879587809245
7.846455375353496
7.846516489982605
7.965205868085225
7.9708811442057295
7.92056147257487
7.920875310897827
7.9214151700337725
7.921485463778178
7.8892643849054975
7.93809715906779
7.998777985572815
7.998834331830342
7.979934334754944
7.979999661445618
8.119580864906311
8.146736939748129
7.988890488942464
7.988946596781413
8.098415970802307
8.098474979400635
8.037940065066019
8.11090083916982
8.086333076159159
8.086386760075888
8.103338519732157
8.103401899337769
8.072581052780151
8.095166206359863
8.204658706982931
8.204712152481079
8.1319819688797
8.13204018274943
8.118132630983988
8.192281484603882
8.199235320091248
8.199292461077372
8.489241679509481
8.4893106619517
8.468553185462952
8.464512507120768
8.441699703534445
8.441757400830587
8.390400648117065
8.390552639961243
8.490472793579102
8.541197776794434
8.520655155181885
8.520715514818827
8.430929780006409
8.431003133455912
8.512520949045816
8.690654635429382
8.9244251648585
8.924484848976135
8.77032701174418
8.770384987195333
8.72940198580424
8.68067463239034
8.663429856300354
8.663486202557882
8.729080518086752
8.729147672653198
8.69891361395518
8.784265120824179
8.878244042396545
8.878297408421835
8.8481498559316
8.848206996917725
8.823660095532736
8.78800082206726
8.952590624491373
8.952643156051636
8.92659878730774
8.92665410041809
8.917038400967916
9.111442844072977
9.107359925905863
9.107413132985434
9.0551198720932
9.055187185605368
9.054988980293274
9.00802230834961
9.17173182964325
9.171786983807882
9.340275963147482
9.34033751487732
9.302021662394205
9.31295665105184
9.35515864690145
9.355223973592123
9.399396936098734
9.399457097053528
9.46214234828949
9.39284630616506
9.306786974271139
9.306841055552164
9.550785859425863
9.550841887791952
9.473077853520712
9.330082496007284
9.428257822990417
9.428319851557413
9.691349546114603
9.691417535146078
9.71375079949697
9.628497163454691
9.601327856381735
9.60138432184855
9.644446214040121
9.644504507382711
9.632850527763367
9.753760894139608
9.764609575271606
9.764677365620932
9.516350348790487
9.516405820846558
9.505441228548685
9.536383310953775
9.62277634938558
9.622829794883728
9.640970667203268
9.641041477521261
9.68585435549418
9.707657297452291
9.630369822184244
9.630438288052877
9.839518745740255
9.839587847391764
9.81449019908905
9.72946548461914
9.791051467259726
9.791105111440023
9.9517951409022
9.951854507128397
9.851118842760721
9.872278849283854
9.91769552230835
9.917754729588827
10.037392973899841
10.037453651428223
10.000449498494467
10.034471114476522
10.17089585463206
10.170957128206888
10.11189333597819
10.111972530682882
10.020694533983866
9.97045369942983
9.953231652577719
9.953285495440165
10.065134723981222
10.06519110997518
10.235241611798605
10.335647702217102
10.26782238483429
10.267874320348104
10.33340036869049
10.333460927009583
10.274502476056417
10.223917524019877
10.284250378608704
10.28432003657023
10.238799651463827
10.238857309023539
10.322892308235168
10.30905552705129
10.366352876027426
10.366407871246338
10.524327039718628
10.524391174316406
10.508660157521566
10.523061037063599
10.50631833076477
10.506378014882406
10.50330106417338
10.503358801205954
10.557289163271586
10.498437682787577
10.480335275332132
10.480395317077637
10.49728830655416
10.497346679369608
10.531309485435486
10.671274542808533
10.744721253712973
10.744774023691813
10.820661822954813
10.820720553398132
10.799513181050619
10.764286200205484
10.74974250793457
10.749806523323059
10.675454497337341
10.67551020781199
10.786273837089539
10.734832127888998
10.7125803232193
10.712634325027466
10.745529492696127
10.745592633883158
10.728159030278524
10.929576476414999
10.903372287750244
10.90342632929484
10.916833877563477
10.916890978813171
11.059428731600443
11.01212235291799
10.989728013674418
10.989783684412638
10.918505469957987
10.91856582959493
10.895286043485006
10.83341932296753
10.800214012463888
10.800265868504843
