3326.6666666666665
2062.6666666666665
2625.0
3372.6666666666665
2181.5
2654.3333333333335
3405.0
2232.1666666666665
2587.5
3371.8333333333335
2182.0
2543.5
3320.3333333333335
2144.3333333333335
2476.6666666666665
3287.1666666666665
2094.1666666666665
2426.8333333333335
3237.0
2061.0
2360.1666666666665
3203.6666666666665
2010.8333333333333
2327.0
3145.3333333333335
1969.1666666666667
2276.8333333333335
3095.5
1919.0
2243.6666666666665
3028.6666666666665
1885.8333333333333
2193.5
2978.8333333333335
1835.6666666666667
2160.3333333333335
2912.0
1802.5
2095.8333333333335
2865.1666666666665
1763.6666666666667
2060.3333333333335
2796.1666666666665
1735.0
2010.1666666666667
2746.3333333333335
1684.8333333333333
1976.5
2687.3333333333335
1644.3333333333333
1896.5
2654.1666666666665
1607.3333333333333
1830.0
2604.0
1590.8333333333333
1746.5
2570.8333333333335
1557.3333333333333
1680.0
2520.6666666666665
1540.8333333333333
1630.0
2489.0
1472.3333333333333
1608.5
2450.0
1399.6666666666667
1549.5
2420.0
1338.5
1498.0
2365.3333333333335
1311.5
1431.1666666666667
2330.0
1263.5
1381.3333333333333
2274.0
1236.1666666666667
1314.5
2224.1666666666665
1202.6666666666667
1265.0
2162.8333333333335
2216.1666666666665
1237.0
3120.8333333333335
1174.8333333333333
2178.6666666666665
2095.8333333333335
2083.1666666666665
1204.3333333333333
2966.5
1128.5
2041.6666666666667
2057.8333333333335
1924.8333333333333
1135.0
2849.5
1081.5
1843.3333333333333
2057.8333333333335
1789.8333333333333
1037.0
2748.6666666666665
1047.0
1663.1666666666667
2040.0
1654.5
976.3333333333334
2614.8333333333335
1008.1666666666666
1518.0
3027.1666666666665
1515.1666666666667
1932.8333333333333
2503.3333333333335
1953.1666666666667
1402.5
2921.8333333333335
1451.3333333333333
1832.5
2403.1666666666665
1870.3333333333333
1318.8333333333333
2833.5
1340.0
1747.6666666666667
2317.1666666666665
1757.8333333333333
1234.0
2746.6666666666665
1228.3333333333333
1656.6666666666667
2222.6666666666665
1635.6666666666667
1175.0
2582.3333333333335
1192.6666666666667
1550.6666666666667
2116.0
1550.1666666666667
1103.1666666666667
2450.5
1127.8333333333333
1421.8333333333333
2048.5
1413.1666666666667
1069.8333333333333
2289.8333333333335
1088.5
1290.8333333333333
1994.1666666666667
1267.5
1042.5
2134.1666666666665
1035.8333333333333
1174.5
1925.0
1122.1666666666667
998.0
1984.8333333333333
993.8333333333334
1009.6666666666666
1889.8333333333333
988.8333333333334
928.3333333333334
1845.3333333333333
969.6666666666666
857.6666666666666
1823.1666666666667
914.5
812.0
1752.1666666666667
905.5
721.0
1726.5
864.5
662.0
1668.8333333333333
855.5
574.0
1640.1666666666667
814.5
534.8333333333334
1574.3333333333333
793.8333333333334
482.6666666666667
1534.0
728.6666666666666
473.6666666666667
1473.5
672.5
432.6666666666667
1447.8333333333333
578.5
426.6666666666667
1380.6666666666667
532.0
375.8333333333333
1351.3333333333333
444.6666666666667
380.5
1252.1666666666667
427.1666666666667
331.6666666666667
1201.0
366.6666666666667
319.6666666666667
1113.0
333.0
286.6666666666667
1046.0
283.3333333333333
269.6666666666667
959.6666666666666
253.0
236.66666666666666
876.0
220.0
219.66666666666666
776.3333333333334
203.0
186.66666666666666
692.6666666666666
170.0
169.66666666666666
593.0
153.0
136.66666666666666
509.3333333333333
120.0
119.66666666666667
409.6666666666667
103.0
86.66666666666667
326.0
70.0
69.66666666666667
226.33333333333334
53.0
36.666666666666664
142.66666666666666
20.0
19.666666666666668
43.0
3.0
