5.679545005162557
5.680928667386373
5.7684361934661865
5.867920835812886
5.990560015042623
6.151432514190674
6.367025176684062
6.438595016797383
6.489013155301412
6.516346414883931
6.59924844900767
6.739460666974385
6.8343766530354815
6.8771980206171675
6.9095267454783125
6.951977968215942
7.123290538787842
7.127447525660197
7.122140010197957
7.111673196156819
7.0832518339157104
7.1701293389002485
7.292201201121013
7.314039866129558
7.315880338350932
7.290717244148254
7.411641359329224
7.374624570210774
7.359727342923482
7.363763848940532
7.362666010856628
7.334669391314189
7.352102796236674
7.358766516049703
7.360134998957316
7.408016800880432
7.434160470962524
7.4241020282109575
7.411224166552226
7.366330663363139
7.38487168153127
7.3806949853897095
7.5126638015111284
7.489447355270386
7.487781008084615
7.488197485605876
7.624322136243184
7.752411325772603
8.075795531272888
8.074986457824707
7.959160804748535
7.858861327171326
7.858231981595357
7.863872806231181
7.825220823287964
7.816717346509297
8.049170970916748
8.343379418055216
8.376953522364298
8.375972986221313
8.376662890116373
8.2613445520401
8.150068322817484
8.158123970031738
8.266879479090372
8.151861826578775
8.281773527463278
8.282066822052002
8.286926786104837
8.28703804810842
8.347994645436605
8.352878173192343
8.51548433303833
8.354842940966288
8.51379100481669
8.514637112617493
8.49768360455831
8.671302199363708
8.820823629697164
8.837910016377768
8.956931789716085
8.949922124544779
8.937119921048483
8.960041443506876
8.952064315478006
8.947644472122192
9.04999832312266
9.04501986503601
9.043129364649454
9.05482816696167
9.10145898660024
9.091639836629232
9.08899199962616
9.092164039611816
9.100469946861267
9.101202646891275
9.08722416559855
9.101718187332153
9.09930988152822
9.095064361890158
9.416801611582438
9.418416182200113
9.419390479723612
9.562161127726236
9.683617989222208
9.675814747810364
9.678462584813436
9.581463694572449
9.574492851893107
9.681221803029379
9.655814210573832
9.642486453056335
9.634399811426798
9.65091315905253
9.649601538976034
9.646188298861185
9.633607347806295
9.641280015309652
9.633448004722595
9.63098931312561
9.642843643824259
9.637337803840637
9.629287481307983
9.623554110527039
