6598.5
6620.5
8299.0
8670.333333333334
8498.333333333334
8520.333333333334
8762.0
8784.0
8612.0
8634.0
8462.0
8484.0
8312.0
8334.0
8162.0
8184.0
8012.0
8034.0
7862.0
7884.0
7712.0
7734.0
7562.0
7584.0
7412.0
7434.0
7262.0
7284.0
7112.0
7134.0
6962.0
6984.0
6812.0
6834.0
6662.0
6684.0
6512.0
6534.0
6362.0
6384.0
6212.0
6234.0
6062.0
6084.0
5912.0
5934.0
5762.0
5784.0
5612.0
5634.0
5462.0
5484.0
5312.0
5334.0
5162.0
5184.0
5012.0
5034.0
4862.0
4884.0
4712.0
4734.0
4562.0
4584.0
4412.0
4434.0
4262.0
4284.0
4112.0
4134.0
3962.0
3984.0
3812.0
3834.0
3662.0
3684.0
3512.0
3534.0
3364.8333333333335
3381.1666666666665
3220.5
3225.5
3070.5
3075.5
2920.5
2925.5
2770.5
2775.5
2620.5
2625.5
2470.5
2475.5
2320.5
2325.5
2170.5
2175.5
2020.5
2025.5
1870.5
1875.5
1720.5
1725.5
1570.5
1575.5
1420.5
1425.5
1270.5
1275.5
1120.5
1125.5
970.5
975.5
820.5
825.5
670.5
675.5
520.5
525.5
370.5
375.5
231.33333333333334
214.66666666666666
98.0
48.0
