6.845996379852295
6.846116860707601
6.834654013315837
6.834733883539836
6.896075487136841
6.8848516543706255
6.898375550905864
6.898441513379415
7.005991856257121
7.006064176559448
7.039647539456685
7.040267825126648
7.059823155403137
7.059892137845357
7.054906845092773
7.055069963137309
7.060353597005208
7.09625780582428
7.0994908809661865
7.099578817685445
7.126811822255452
7.12688151995341
7.140435655911763
7.123024821281433
7.229734539985657
7.229809840520223
7.155517180760701
7.155628482500712
7.2256351709365845
7.240107138951619
7.252206484476726
7.252282818158467
7.608422716458638
7.608484864234924
7.622246662775676
7.712425470352173
7.7870798508326216
7.7871681451797485
8.18122931321462
8.181313474973043
8.197091658910116
8.207076668739319
8.204768339792887
8.204827388127645
8.2268013159434
8.226877848307291
8.258672992388407
8.28745718797048
8.306455532709757
8.306519349416098
8.337432662645975
8.337634205818176
8.341611901919046
8.335346698760986
8.357832868893942
8.357890208562216
8.429520964622498
8.429581125577291
8.433960795402527
8.430194973945618
8.65034564336141
8.650733669598898
9.032400170962015
9.03246267636617
9.035638491312662
9.011511524518331
9.040448665618896
9.040508468945822
9.031440655390421
9.0315021276474
9.040114164352417
9.061264514923096
9.085994044939676
9.086060921351114
9.076174656550089
9.076236287752787
9.081640124320984
9.06105879942576
9.07095718383789
9.071015040079752
9.08532186349233
9.085384567578634
9.010326782862345
9.007213552792868
8.994452397028605
8.99450957775116
9.266541878382364
9.266599575678507
9.255534688631693
9.258624196052551
9.42933682600657
9.429406523704529
9.403162479400635
9.403226812680563
9.441752354303995
9.447983662287394
9.443019350369772
9.44308086236318
9.397727131843567
9.397789438565573
9.39415148893992
9.371583461761475
9.367314219474792
9.367380142211914
9.355470180511475
9.35557230313619
9.36599612236023
9.339253306388855
9.340643922487894
9.340700149536133
9.392808953921
9.392866690953573
9.37936266263326
9.345608631769815
9.336400866508484
9.336453239123026
9.310756405194601
9.31081505616506
9.317521373430887
9.318096399307251
9.312381625175476
9.312441150347391
9.43540902932485
9.435473998387655
9.83975382645925
9.82600998878479
9.823015809059143
9.82306949297587
9.774202664693197
9.774257977803549
9.820259014765421
9.819870074590048
9.810954650243124
9.811006347338358
9.817951560020447
9.818007946014404
9.796013514200846
9.780880610148111
9.805674036343893
9.805726766586304
9.757575035095215
9.757640520731607
9.768199761708578
9.753145893414816
9.754604816436768
9.754660646120707
9.713260650634766
9.713319897651672
9.73931054274241
9.767963329950968
9.758362452189127
9.758435289065043
9.73325264453888
9.733309149742126
9.733927130699158
9.715801119804382
9.714478174845377
9.714535514513651
9.694770336151123
9.694827675819397
9.682098825772604
9.889042854309082
9.872811317443848
9.872865358988443
9.863025069236755
9.8631010055542
9.915371616681417
10.029106458028158
10.017144521077475
10.017200628916422
10.130265673001608
10.130387544631958
10.126612703005472
10.094386537869772
10.086476564407349
10.086533904075623
10.055326620737711
10.055384318033854
10.040398120880127
10.006978789965311
10.0184535185496
10.018511652946472
9.987497528394064
9.987561504046122
9.983916521072388
9.964938084284464
10.007254163424173
10.007328192392984
9.990419467290243
9.990512172381083
9.98594319820404
9.96377714474996
9.954458991686503
9.954511324564615
9.913692355155945
9.913747191429138
10.040478507677713
10.016967614491781
10.091901024182638
10.091963211695353
10.139395356178284
10.139461835225424
10.140797217686972
10.109021584192911
10.107833743095398
10.107887705167135
10.241968830426535
10.242029150327047
10.205745538075766
10.173668026924133
10.159074068069458
10.159125010172525
10.128612240155539
10.128669023513794
10.124964078267416
10.093024015426636
10.08673361937205
10.086790084838867
10.157219966252645
10.157286485036215
10.30408799648285
10.375858306884766
10.364229122797648
10.364283839861551
10.425045331319174
10.425109306971232
10.545234123865763
10.519440491994223
10.512237866719564
10.512291193008423
10.493482311566671
10.493543783823648
10.491582791010538
10.469653169314066
10.460843841234842
10.460898160934448
10.423855821291605
10.42391280333201
10.412063757578531
10.385045647621155
10.37871261437734
10.378767450650534
10.348671396573385
10.34872833887736
10.33688751856486
10.306374152501425
10.307930787404379
10.30798359711965
