2226.3333333333335
1146.6666666666667
1315.8333333333333
2112.8333333333335
1160.1666666666667
1235.6666666666667
2076.3333333333335
1096.6666666666667
1232.5
2233.0
1333.3333333333333
1422.5
2149.5
1316.8333333333333
1372.3333333333333
2083.0
1283.3333333333333
1339.1666666666667
1999.5
1266.8333333333333
1289.0
1933.0
1233.3333333333333
1255.8333333333333
1849.5
1216.8333333333333
1205.6666666666667
1783.0
1183.3333333333333
1172.5
1699.5
1166.8333333333333
1136.1666666666667
2666.6666666666665
1133.3333333333333
1119.6666666666667
2566.5
1116.8333333333333
1086.1666666666667
2499.1666666666665
2103.3333333333335
1069.6666666666667
2415.6666666666665
2070.1666666666665
1036.1666666666667
2349.1666666666665
2020.0
1019.6666666666666
2265.6666666666665
1986.8333333333333
986.1666666666666
2199.1666666666665
1936.6666666666667
969.6666666666666
2115.6666666666665
1903.5
936.1666666666666
2049.1666666666665
1853.3333333333333
919.6666666666666
1965.6666666666667
1820.1666666666667
886.1666666666666
1904.8333333333333
2800.3333333333335
869.6666666666666
1838.0
2750.5
836.1666666666666
1788.1666666666667
2683.6666666666665
819.6666666666666
1721.3333333333333
2633.8333333333335
786.1666666666666
1671.5
2567.0
769.6666666666666
1604.6666666666667
2517.1666666666665
736.1666666666666
1554.8333333333333
2450.3333333333335
719.6666666666666
1488.0
2400.5
686.3333333333334
2473.8333333333335
2350.5
1688.6666666666667
1404.8333333333333
3286.1666666666665
686.3333333333334
2307.1666666666665
2283.8333333333335
1588.6666666666667
1338.1666666666667
3119.5
686.3333333333334
2140.5
2217.1666666666665
1488.6666666666667
1271.5
2952.8333333333335
686.3333333333334
1973.8333333333333
2150.5
1388.6666666666667
1204.8333333333333
2786.1666666666665
686.3333333333334
1807.1666666666667
2083.8333333333335
1288.6666666666667
1138.1666666666667
2619.5
686.3333333333334
1640.5
2017.1666666666667
1188.6666666666667
1071.5
2452.8333333333335
673.8333333333334
1486.3333333333333
2972.3333333333335
1073.6666666666667
2039.1666666666667
2317.0
1629.0
1400.5
2855.6666666666665
990.3333333333334
1955.8333333333333
2200.3333333333335
1545.6666666666667
1317.1666666666667
2739.0
907.0
1872.5
2083.6666666666665
1462.3333333333333
1233.8333333333333
2622.3333333333335
823.6666666666666
1789.1666666666667
1967.0
1379.0
1150.5
2505.6666666666665
740.3333333333334
1705.8333333333333
1850.3333333333333
1295.6666666666667
1067.1666666666667
2389.0
657.0
1622.5
1733.6666666666667
1212.3333333333333
983.8333333333334
2272.3333333333335
573.6666666666666
1539.1666666666667
1617.0
1129.0
900.5
2155.6666666666665
504.5
1441.6666666666667
1500.3333333333333
1076.5
786.3333333333334
2039.0
454.5
1325.0
1383.6666666666667
1026.5
669.6666666666666
1922.3333333333333
404.5
1208.3333333333333
1267.0
976.5
553.0
1805.6666666666667
354.5
1085.1666666666667
1156.8333333333333
903.3333333333334
459.5
1649.1666666666667
344.3333333333333
918.5
1090.1666666666667
803.3333333333334
392.8333333333333
1493.0
333.8333333333333
779.0
996.3333333333334
742.1666666666666
282.3333333333333
1381.3333333333333
262.1666666666667
662.3333333333334
901.3333333333334
658.8333333333334
180.33333333333334
1283.3333333333333
178.83333333333334
577.0
786.6666666666666
575.5
97.0
1166.6666666666667
95.5
493.6666666666667
670.0
492.1666666666667
15.833333333333334
1046.3333333333333
13.666666666666666
411.0
552.6666666666666
375.0
0.6666666666666666
845.3333333333334
-2.0
311.0
435.0
275.0
0.6666666666666666
612.0
-2.0
211.0
301.6666666666667
175.0
0.6666666666666666
378.6666666666667
-2.0
111.0
168.33333333333334
75.0
0.6666666666666666
145.33333333333334
-2.0
11.0
35.0
