-1.0
-1.0
2405.5
-1.0
-1.0
-1.0
-1.0
2190.5
-1.0
-1.0
2355.5
-1.0
-1.0
-1.0
-1.0
2140.5
-1.0
-1.0
2305.5
-1.0
-1.0
-1.0
-1.0
2090.5
-1.0
-1.0
2255.5
-1.0
-1.0
-1.0
-1.0
2040.5
-1.0
-1.0
2205.5
-1.0
-1.0
-1.0
-1.0
1990.5
-1.0
-1.0
2155.5
-1.0
-1.0
-1.0
-1.0
1940.5
-1.0
-1.0
2105.5
-1.0
-1.0
-1.0
-1.0
1890.5
-1.0
-1.0
2055.5
-1.0
-1.0
-1.0
-1.0
1840.5
-1.0
-1.0
2005.5
-1.0
-1.0
-1.0
-1.0
1790.5
-1.0
-1.0
1955.5
-1.0
-1.0
-1.0
-1.0
1740.5
-1.0
-1.0
1905.5
-1.0
-1.0
-1.0
-1.0
1690.5
-1.0
-1.0
1855.5
-1.0
-1.0
-1.0
-1.0
1640.5
-1.0
-1.0
1805.5
-1.0
-1.0
-1.0
-1.0
1590.5
-1.0
-1.0
1755.5
-1.0
-1.0
-1.0
-1.0
1540.5
-1.0
-1.0
1705.5
-1.0
-1.0
-1.0
-1.0
1490.5
-1.0
-1.0
1655.5
-1.0
-1.0
-1.0
-1.0
1440.5
-1.0
-1.0
1605.5
-1.0
-1.0
-1.0
-1.0
1390.5
-1.0
-1.0
1555.5
-1.0
-1.0
-1.0
-1.0
1340.5
-1.0
-1.0
1505.5
-1.0
-1.0
-1.0
-1.0
1290.5
-1.0
-1.0
1455.5
-1.0
-1.0
-1.0
-1.0
1240.5
-1.0
-1.0
1405.5
-1.0
-1.0
-1.0
-1.0
1190.5
-1.0
-1.0
1355.5
-1.0
-1.0
-1.0
-1.0
1140.5
-1.0
-1.0
1305.5
-1.0
-1.0
-1.0
-1.0
1090.5
-1.0
-1.0
1255.5
-1.0
-1.0
-1.0
-1.0
1040.5
-1.0
-1.0
1205.5
-1.0
-1.0
-1.0
-1.0
990.5
-1.0
-1.0
1155.5
-1.0
-1.0
-1.0
-1.0
940.5
-1.0
-1.0
1105.5
-1.0
-1.0
-1.0
-1.0
890.5
-1.0
-1.0
1055.5
-1.0
-1.0
-1.0
-1.0
840.5
-1.0
-1.0
1005.5
-1.0
-1.0
-1.0
-1.0
790.5
-1.0
-1.0
955.5
-1.0
-1.0
-1.0
-1.0
740.5
-1.0
-1.0
905.5
-1.0
-1.0
-1.0
-1.0
690.5
-1.0
-1.0
855.5
-1.0
-1.0
-1.0
-1.0
640.5
-1.0
-1.0
805.5
-1.0
-1.0
-1.0
-1.0
590.5
-1.0
-1.0
755.5
-1.0
-1.0
-1.0
-1.0
540.5
-1.0
-1.0
705.5
-1.0
-1.0
-1.0
-1.0
490.5
-1.0
-1.0
655.5
-1.0
-1.0
-1.0
-1.0
440.5
-1.0
-1.0
605.5
-1.0
-1.0
-1.0
-1.0
390.5
-1.0
-1.0
555.5
-1.0
-1.0
-1.0
-1.0
340.5
-1.0
-1.0
505.5
-1.0
-1.0
-1.0
-1.0
290.5
-1.0
-1.0
455.5
-1.0
-1.0
-1.0
-1.0
240.5
-1.0
-1.0
405.5
-1.0
-1.0
-1.0
-1.0
190.5
-1.0
-1.0
355.5
-1.0
-1.0
-1.0
-1.0
140.5
-1.0
-1.0
305.5
-1.0
-1.0
-1.0
-1.0
90.5
-1.0
-1.0
255.5
-1.0
-1.0
-1.0
-1.0
40.5
-1.0
3132.5
205.5
-1.0
-1.0
-1.0
-1.0
-1.5
-1.0
3082.5
155.5
-1.0
-1.0
-1.0
-1.0
-1.5
-1.0
3032.5
105.5
-1.0
-1.0
-1.0
-1.0
-1.5
-1.0
2982.5
55.5
-1.0
-1.0
-1.0
-1.0
-1.5
-1.0
2932.5
5.5
-1.0
-1.0
-1.0
-1.0
-1.5
-1.0
2882.5
-1.5
-1.0
-1.0
-1.0
-1.0
3062.5
-1.0
2832.5
-1.5
-1.0
-1.0
-1.0
-1.0
3012.5
-1.0
2782.5
-1.5
-1.0
-1.0
-1.0
-1.0
2962.5
-1.0
2732.5
-1.5
-1.0
-1.0
-1.0
-1.0
2912.5
-1.0
2682.5
-1.5
-1.0
-1.0
-1.0
-1.0
2862.5
-1.0
2632.5
-1.5
-1.0
-1.0
-1.0
-1.0
2812.5
-1.0
2582.5
-1.5
-1.0
-1.0
-1.0
-1.0
2762.5
-1.0
2532.5
-1.5
-1.0
-1.0
-1.0
-1.0
2712.5
-1.0
2482.5
-1.5
-1.0
-1.0
-1.0
-1.0
2662.5
-1.0
2432.5
-1.5
-1.0
-1.0
-1.0
-1.0
2612.5
-1.0
2382.5
-1.5
-1.0
-1.0
-1.0
-1.0
2562.5
-1.0
2332.5
-1.5
-1.0
-1.0
-1.0
-1.0
2512.5
-1.0
2282.5
-1.5
-1.0
-1.0
-1.0
-1.0
2462.5
-1.0
2232.5
-1.5
-1.0
-1.0
-1.0
-1.0
2412.5
-1.0
2182.5
-1.5
-1.0
-1.0
-1.0
-1.0
2362.5
-1.0
2132.5
-1.5
-1.0
-1.0
-1.0
-1.0
2312.5
-1.0
2082.5
-1.5
-1.0
-1.0
-1.0
-1.0
2262.5
-1.0
2032.5
-1.5
-1.0
-1.0
-1.0
-1.0
2212.5
-1.0
1982.5
-1.5
-1.0
-1.0
-1.0
-1.0
2162.5
-1.0
1932.5
-1.5
-1.0
-1.0
-1.0
-1.0
2112.5
-1.0
1882.5
-1.5
-1.0
-1.0
-1.0
-1.0
2062.5
-1.0
1832.5
-1.5
-1.0
-1.0
-1.0
-1.0
2012.5
-1.0
1782.5
-1.5
-1.0
-1.0
-1.0
-1.0
1962.5
-1.0
1732.5
-1.5
-1.0
-1.0
-1.0
-1.0
1912.5
-1.0
1682.5
-1.5
-1.0
-1.0
-1.0
-1.0
1862.5
-1.0
1632.5
-1.5
-1.0
-1.0
-1.0
-1.0
1812.5
-1.0
1582.5
-1.5
-1.0
-1.0
-1.0
-1.0
1762.5
-1.0
1532.5
-1.5
-1.0
-1.0
-1.0
-1.0
1712.5
-1.0
1482.5
-1.5
-1.0
-1.0
-1.0
-1.0
1662.5
-1.0
1432.5
-1.5
-1.0
-1.0
-1.0
-1.0
1612.5
-1.0
1382.5
-1.5
-1.0
-1.0
-1.0
-1.0
1562.5
-1.0
1332.5
-1.5
-1.0
-1.0
-1.0
-1.0
1512.5
-1.0
1282.5
-1.5
-1.0
-1.0
-1.0
-1.0
1462.5
-1.0
1232.5
-1.5
-1.0
-1.0
-1.0
-1.0
1412.5
-1.0
1182.5
-1.5
-1.0
-1.0
-1.0
-1.0
1362.5
-1.0
1132.5
-1.5
-1.0
-1.0
-1.0
-1.0
1312.5
-1.0
1082.5
-1.5
-1.0
-1.0
-1.0
-1.0
1262.5
-1.0
1032.5
-1.5
-1.0
-1.0
-1.0
-1.0
1212.5
-1.0
982.5
-1.5
-1.0
-1.0
-1.0
-1.0
1162.5
-1.0
932.5
-1.5
-1.0
-1.0
-1.0
-1.0
1112.5
-1.0
882.5
-1.5
-1.0
-1.0
-1.0
-1.0
1062.5
-1.0
832.5
-1.5
-1.0
-1.0
-1.0
-1.0
1012.5
-1.0
782.5
-1.5
-1.0
-1.0
-1.0
-1.0
962.5
-1.0
732.5
-1.5
-1.0
-1.0
-1.0
-1.0
912.5
-1.0
682.5
-1.5
-1.0
-1.0
-1.0
-1.0
862.5
-1.0
632.5
-1.5
-1.0
-1.0
-1.0
-1.0
812.5
-1.0
582.5
-1.5
-1.0
-1.0
-1.0
-1.0
762.5
-1.0
532.5
-1.5
-1.0
-1.0
-1.0
-1.0
712.5
-1.0
482.5
-1.5
-1.0
-1.0
-1.0
-1.0
662.5
-1.0
432.5
-1.5
-1.0
-1.0
-1.0
-1.0
612.5
-1.0
382.5
-1.5
-1.0
-1.0
-1.0
-1.0
562.5
-1.0
332.5
-1.5
-1.0
-1.0
-1.0
-1.0
512.5
-1.0
282.5
-1.5
-1.0
-1.0
-1.0
-1.0
462.5
-1.0
232.5
-1.5
-1.0
-1.0
-1.0
-1.0
412.5
-1.0
182.5
-1.5
-1.0
-1.0
-1.0
-1.0
362.5
-1.0
132.5
-1.5
-1.0
-1.0
-1.0
-1.0
312.5
-1.0
82.5
-1.5
-1.0
-1.0
-1.0
-1.0
262.5
-1.0
32.5
-1.5
-1.0
-1.0
-1.0
-1.0
212.5
-1.0
-1.5
-1.5
-1.0
3125.5
-1.0
-1.0
162.5
-1.0
-1.5
-1.5
-1.0
3075.5
-1.0
-1.0
112.5
-1.0
-1.5
-1.5
-1.0
3025.5
-1.0
-1.0
62.5
-1.0
-1.5
-1.5
-1.0
2975.5
-1.0
-1.0
12.5
-1.0
-1.5
-1.5
-1.0
2925.5
-1.0
3071.5
-2.0
-1.0
-1.5
-1.5
-1.0
2875.5
-1.0
3021.5
-2.0
-1.0
-1.5
-1.5
-1.0
2825.5
-1.0
2971.5
-2.0
-1.0
-1.5
-1.5
-1.0
2775.5
-1.0
2921.5
-2.0
-1.0
-1.5
-1.5
-1.0
2725.5
-1.0
2871.5
-2.0
-1.0
-1.5
-1.5
-1.0
2675.5
-1.0
2821.5
-2.0
-1.0
-1.5
-1.5
-1.0
2625.5
-1.0
2771.5
-2.0
-1.0
-1.5
-1.5
-1.0
2575.5
-1.0
2721.5
-2.0
-1.0
-1.5
-1.5
-1.0
2525.5
-1.0
2671.5
-2.0
-1.0
-1.5
-1.5
-1.0
2475.5
-1.0
2621.5
-2.0
-1.0
-1.5
-1.5
-1.0
2425.5
-1.0
2571.5
-2.0
-1.0
-1.5
-1.5
-1.0
2375.5
-1.0
2521.5
-2.0
-1.0
-1.5
-1.5
-1.0
2325.5
-1.0
2471.5
-2.0
-1.0
-1.5
-1.5
-1.0
2275.5
-1.0
2421.5
-2.0
-1.0
-1.5
-1.5
-1.0
2225.5
-1.0
2371.5
-2.0
-1.0
-1.5
-1.5
-1.0
2175.5
-1.0
2321.5
-2.0
-1.0
-1.5
-1.5
-1.0
2125.5
-1.0
2271.5
-2.0
-1.0
-1.5
-1.5
-1.0
2075.5
-1.0
2221.5
-2.0
-1.0
-1.5
-1.5
-1.0
2025.5
-1.0
2171.5
-2.0
-1.0
-1.5
-1.5
-1.0
1975.5
-1.0
2121.5
-2.0
-1.0
-1.5
-1.5
-1.0
1925.5
-1.0
2071.5
-2.0
-1.0
-1.5
-1.5
-1.0
1875.5
-1.0
2021.5
-2.0
-1.0
-1.5
-1.5
-1.0
1825.5
-1.0
1971.5
-2.0
-1.0
-1.5
-1.5
-1.0
1775.5
-1.0
1921.5
-2.0
-1.0
-1.5
-1.5
-1.0
1725.5
-1.0
1871.5
-2.0
-1.0
-1.5
-1.5
-1.0
1675.5
-1.0
1821.5
-2.0
-1.0
-1.5
-1.5
-1.0
1625.5
-1.0
1771.5
-2.0
-1.0
-1.5
-1.5
-1.0
1575.5
-1.0
1721.5
-2.0
-1.0
-1.5
-1.5
-1.0
1525.5
-1.0
1671.5
-2.0
-1.0
-1.5
-1.5
-1.0
1475.5
-1.0
1621.5
-2.0
-1.0
-1.5
-1.5
-1.0
1425.5
-1.0
1571.5
-2.0
-1.0
-1.5
-1.5
-1.0
1375.5
-1.0
1521.5
-2.0
-1.0
-1.5
-1.5
-1.0
1325.5
-1.0
1471.5
-2.0
-1.0
-1.5
-1.5
-1.0
1275.5
-1.0
1421.5
-2.0
-1.0
-1.5
-1.5
-1.0
1225.5
-1.0
1371.5
-2.0
-1.0
-1.5
-1.5
-1.0
1175.5
-1.0
1321.5
-2.0
-1.0
-1.5
-1.5
-1.0
1125.5
-1.0
1271.5
-2.0
-1.0
-1.5
-1.5
-1.0
1075.5
-1.0
1221.5
-2.0
-1.0
-1.5
-1.5
-1.0
1025.5
-1.0
1171.5
-2.0
-1.0
-1.5
-1.5
-1.0
975.5
-1.0
1121.5
-2.0
-1.0
-1.5
-1.5
-1.0
925.5
-1.0
1071.5
-2.0
-1.0
-1.5
-1.5
-1.0
875.5
-1.0
1021.5
-2.0
-1.0
-1.5
-1.5
-1.0
825.5
-1.0
971.5
-2.0
-1.0
-1.5
-1.5
-1.0
775.5
-1.0
921.5
-2.0
-1.0
-1.5
-1.5
-1.0
725.5
-1.0
871.5
-2.0
-1.0
-1.5
-1.5
-1.0
675.5
-1.0
821.5
-2.0
-1.0
-1.5
-1.5
-1.0
625.5
-1.0
771.5
-2.0
-1.0
-1.5
-1.5
-1.0
575.5
-1.0
721.5
-2.0
-1.0
-1.5
-1.5
-1.0
525.5
-1.0
671.5
-2.0
-1.0
-1.5
-1.5
-1.0
475.5
-1.0
621.5
-2.0
-1.0
-1.5
-1.5
-1.0
425.5
-1.0
571.5
-2.0
-1.0
-1.5
-1.5
-1.0
375.5
-1.0
521.5
-2.0
-1.0
-1.5
-1.5
-1.0
325.5
-1.0
471.5
-2.0
-1.0
-1.5
-1.5
-1.0
275.5
-1.0
421.5
-2.0
-1.0
-1.5
-1.5
-1.0
225.5
-1.0
371.5
-2.0
-1.0
-1.5
-1.5
-1.0
175.5
-1.0
321.5
-2.0
-1.0
-1.5
-1.5
-1.0
125.5
-1.0
271.5
-2.0
-1.0
-1.5
-1.5
-1.0
75.5
-1.0
221.5
-2.0
-1.0
-1.5
-1.5
-1.0
25.5
-1.0
171.5
-2.0
-1.0
-1.5
-1.5
-1.0
-1.5
3118.5
121.5
-2.0
-1.0
-1.5
-1.5
-1.0
-1.5
3068.5
71.5
-2.0
-1.0
-1.5
-1.5
-1.0
-1.5
3018.5
21.5
-2.0
-1.0
-1.5
-1.5
-1.0
3078.0
2968.5
-1.5
-2.0
-1.0
-1.5
-1.5
-1.0
3028.0
2918.5
-1.5
-2.0
-1.0
-1.5
-1.5
-1.0
2978.0
2868.5
-1.5
-2.0
-1.0
-1.5
-1.5
-1.0
2928.0
2818.5
-1.5
-2.0
-1.0
-1.5
-1.5
-1.0
2878.0
2768.5
-1.5
-2.0
-1.0
-1.5
-1.5
-1.0
2828.0
2718.5
-1.5
-2.0
-1.0
-1.5
-1.5
-1.0
2778.0
2668.5
-1.5
-2.0
-1.0
-1.5
-1.5
-1.0
2728.0
2618.5
-1.5
-2.0
-1.0
-1.5
-1.5
-1.0
2678.0
2568.5
-1.5
-2.0
-1.0
-1.5
-1.5
-1.0
2628.0
2518.5
-1.5
-2.0
-1.0
-1.5
-1.5
-1.0
2578.0
2468.5
-1.5
-2.0
-1.0
-1.5
-1.5
-1.0
2528.0
2418.5
-1.5
-2.0
-1.0
-1.5
-1.5
-1.0
2478.0
2368.5
-1.5
-2.0
-1.0
-1.5
-1.5
-1.0
2428.0
2318.5
-1.5
-2.0
-1.0
-1.5
-1.5
-1.0
2378.0
2268.5
-1.5
-2.0
-1.0
-1.5
-1.5
-1.0
2328.0
2218.5
-1.5
-2.0
-1.0
-1.5
-1.5
-1.0
2278.0
2168.5
-1.5
-2.0
-1.0
-1.5
-1.5
-1.0
2228.0
2118.5
-1.5
-2.0
-1.0
-1.5
-1.5
-1.0
2178.0
2068.5
-1.5
-2.0
-1.0
-1.5
-1.5
-1.0
2128.0
2018.5
-1.5
-2.0
-1.0
-1.5
-1.5
-1.0
2078.0
1968.5
-1.5
-2.0
-1.0
-1.5
-1.5
-1.0
2028.0
1918.5
-1.5
-2.0
-1.0
-1.5
-1.5
-1.0
1978.0
1868.5
-1.5
-2.0
-1.0
-1.5
-1.5
-1.0
1928.0
1818.5
-1.5
-2.0
-1.0
-1.5
-1.5
-1.0
1878.0
1768.5
-1.5
-2.0
-1.0
-1.5
-1.5
-1.0
1828.0
1718.5
-1.5
-2.0
-1.0
-1.5
-1.5
-1.0
1778.0
1668.5
-1.5
-2.0
-1.0
-1.5
-1.5
-1.0
1728.0
1618.5
-1.5
-2.0
-1.0
-1.5
-1.5
-1.0
1678.0
1568.5
-1.5
-2.0
-1.0
-1.5
-1.5
-1.0
1628.0
1518.5
-1.5
-2.0
-1.0
-1.5
-1.5
-1.0
1578.0
1468.5
-1.5
-2.0
-1.0
-1.5
-1.5
-1.0
1528.0
1418.5
-1.5
-2.0
-1.0
-1.5
-1.5
-1.0
1478.0
1368.5
-1.5
-2.0
-1.0
-1.5
-1.5
-1.0
1428.0
1318.5
-1.5
-2.0
-1.0
-1.5
-1.5
-1.0
1378.0
1268.5
-1.5
-2.0
-1.0
-1.5
-1.5
-1.0
1328.0
1218.5
-1.5
-2.0
-1.0
-1.5
-1.5
-1.0
1278.0
1168.5
-1.5
-2.0
-1.0
-1.5
-1.5
-1.0
1228.0
1118.5
-1.5
-2.0
-1.0
-1.5
-1.5
-1.0
1178.0
1068.5
-1.5
-2.0
-1.0
-1.5
-1.5
-1.0
1128.0
1018.5
-1.5
-2.0
-1.0
-1.5
-1.5
-1.0
1078.0
968.5
-1.5
-2.0
-1.0
-1.5
-1.5
-1.0
1028.0
918.5
-1.5
-2.0
-1.0
-1.5
-1.5
-1.0
978.0
868.5
-1.5
-2.0
-1.0
-1.5
-1.5
-1.0
928.0
818.5
-1.5
-2.0
-1.0
-1.5
-1.5
-1.0
878.0
768.5
-1.5
-2.0
-1.0
-1.5
-1.5
-1.0
828.0
718.5
-1.5
-2.0
-1.0
-1.5
-1.5
-1.0
778.0
668.5
-1.5
-2.0
-1.0
-1.5
-1.5
-1.0
728.0
618.5
-1.5
-2.0
-1.0
-1.5
-1.5
-1.0
678.0
568.5
-1.5
-2.0
-1.0
-1.5
-1.5
-1.0
628.0
518.5
-1.5
-2.0
-1.0
-1.5
-1.5
-1.0
578.0
468.5
-1.5
-2.0
-1.0
-1.5
-1.5
-1.0
528.0
418.5
-1.5
-2.0
-1.0
-1.5
-1.5
-1.0
478.0
368.5
-1.5
-2.0
-1.0
-1.5
-1.5
-1.0
428.0
318.5
-1.5
-2.0
-1.0
-1.5
-1.5
-1.0
378.0
268.5
-1.5
-2.0
-1.0
-1.5
-1.5
-1.0
328.0
218.5
-1.5
-2.0
-1.0
-1.5
-1.5
-1.0
278.0
168.5
-1.5
-2.0
-1.0
-1.5
-1.5
-1.0
228.0
118.5
-1.5
-2.0
-1.0
-1.5
-1.5
-1.0
178.0
68.5
-1.5
-2.0
-1.0
-1.5
-1.5
-1.0
128.0
18.5
-1.5
-2.0
-1.0
-1.5
3111.0
-1.0
78.0
-1.5
-1.5
-2.0
-1.0
-1.5
3061.0
-1.0
28.0
-1.5
-1.5
-2.0
-1.0
3085.5
3011.0
-1.0
-2.0
-1.5
-1.5
-2.0
-1.0
3035.5
2961.0
-1.0
-2.0
-1.5
-1.5
-2.0
-1.0
2985.5
2911.0
-1.0
-2.0
-1.5
-1.5
-2.0
-1.0
2935.5
2861.0
-1.0
-2.0
-1.5
-1.5
-2.0
-1.0
2885.5
2811.0
-1.0
-2.0
-1.5
-1.5
-2.0
-1.0
2835.5
2761.0
-1.0
-2.0
-1.5
-1.5
-2.0
-1.0
2785.5
2711.0
-1.0
-2.0
-1.5
-1.5
-2.0
-1.0
2735.5
2661.0
-1.0
-2.0
-1.5
-1.5
-2.0
-1.0
2685.5
2611.0
-1.0
-2.0
-1.5
-1.5
-2.0
-1.0
2635.5
2561.0
-1.0
-2.0
-1.5
-1.5
-2.0
-1.0
2585.5
2511.0
-1.0
-2.0
-1.5
-1.5
-2.0
-1.0
2535.5
2461.0
-1.0
-2.0
-1.5
-1.5
-2.0
-1.0
2485.5
2411.0
-1.0
-2.0
-1.5
-1.5
-2.0
-1.0
2435.5
2361.0
-1.0
-2.0
-1.5
-1.5
-2.0
-1.0
2385.5
2311.0
-1.0
-2.0
-1.5
-1.5
-2.0
-1.0
2335.5
2261.0
-1.0
-2.0
-1.5
-1.5
-2.0
-1.0
2285.5
2211.0
-1.0
-2.0
-1.5
-1.5
-2.0
-1.0
2235.5
2161.0
-1.0
-2.0
-1.5
-1.5
-2.0
-1.0
2185.5
2111.0
-1.0
-2.0
-1.5
-1.5
-2.0
-1.0
2135.5
2061.0
-1.0
-2.0
-1.5
-1.5
-2.0
-1.0
2085.5
2011.0
-1.0
-2.0
-1.5
-1.5
-2.0
-1.0
2035.5
1961.0
-1.0
-2.0
-1.5
-1.5
-2.0
-1.0
1985.5
1911.0
-1.0
-2.0
-1.5
-1.5
-2.0
-1.0
1935.5
1861.0
-1.0
-2.0
-1.5
-1.5
-2.0
-1.0
1885.5
1811.0
-1.0
-2.0
-1.5
-1.5
-2.0
-1.0
1835.5
1761.0
-1.0
-2.0
-1.5
-1.5
-2.0
-1.0
1785.5
1711.0
-1.0
-2.0
-1.5
-1.5
-2.0
-1.0
1735.5
1661.0
-1.0
-2.0
-1.5
-1.5
-2.0
-1.0
1685.5
1611.0
-1.0
-2.0
-1.5
-1.5
-2.0
-1.0
1635.5
1561.0
-1.0
-2.0
-1.5
-1.5
-2.0
-1.0
1585.5
1511.0
-1.0
-2.0
-1.5
-1.5
-2.0
-1.0
1535.5
1461.0
-1.0
-2.0
-1.5
-1.5
-2.0
-1.0
1485.5
1411.0
-1.0
-2.0
-1.5
-1.5
-2.0
-1.0
1435.5
1361.0
-1.0
-2.0
-1.5
-1.5
-2.0
-1.0
1385.5
1311.0
-1.0
-2.0
-1.5
-1.5
-2.0
-1.0
1335.5
1261.0
-1.0
-2.0
-1.5
-1.5
-2.0
-1.0
1285.5
1211.0
-1.0
-2.0
-1.5
-1.5
-2.0
-1.0
1235.5
1161.0
-1.0
-2.0
-1.5
-1.5
-2.0
-1.0
1185.5
1111.0
-1.0
-2.0
-1.5
-1.5
-2.0
-1.0
1135.5
1061.0
-1.0
-2.0
-1.5
-1.5
-2.0
-1.0
1085.5
1011.0
-1.0
-2.0
-1.5
-1.5
-2.0
-1.0
1035.5
961.0
-1.0
-2.0
-1.5
-1.5
-2.0
-1.0
985.5
911.0
-1.0
-2.0
-1.5
-1.5
-2.0
-1.0
935.5
861.0
-1.0
-2.0
-1.5
-1.5
-2.0
-1.0
885.5
811.0
-1.0
-2.0
-1.5
-1.5
-2.0
-1.0
835.5
761.0
-1.0
-2.0
-1.5
-1.5
-2.0
-1.0
785.5
711.0
-1.0
-2.0
-1.5
-1.5
-2.0
-1.0
735.5
661.0
-1.0
-2.0
-1.5
-1.5
-2.0
-1.0
685.5
611.0
-1.0
-2.0
-1.5
-1.5
-2.0
-1.0
635.5
561.0
-1.0
-2.0
-1.5
-1.5
-2.0
-1.0
585.5
511.0
-1.0
-2.0
-1.5
-1.5
-2.0
-1.0
535.5
461.0
-1.0
-2.0
-1.5
-1.5
-2.0
-1.0
485.5
411.0
-1.0
-2.0
-1.5
-1.5
-2.0
-1.0
435.5
361.0
-1.0
-2.0
-1.5
-1.5
-2.0
-1.0
385.5
311.0
-1.0
-2.0
-1.5
-1.5
-2.0
-1.0
335.5
261.0
-1.0
-2.0
-1.5
-1.5
-2.0
-1.0
285.5
211.0
-1.0
-2.0
-1.5
-1.5
-2.0
-1.0
235.5
161.0
-1.0
-2.0
-1.5
-1.5
-2.0
-1.0
185.5
111.0
-1.0
-2.0
-1.5
-1.5
-2.0
-1.0
135.5
61.0
-1.0
-2.0
-1.5
-1.5
-2.0
-1.0
85.5
11.0
-1.0
-2.0
-1.5
-1.5
-2.0
3102.5
35.5
-2.0
-1.0
-2.0
-1.5
-1.5
-2.0
6148.0
-2.0
-2.0
-1.0
-2.0
-1.5
-1.5
-2.0
6048.0
-2.0
-2.0
-1.0
-2.0
-1.5
-1.5
-2.0
5948.0
-2.0
-2.0
-1.0
-2.0
-1.5
-1.5
-2.0
5848.0
-2.0
-2.0
-1.0
-2.0
-1.5
-1.5
-2.0
5748.0
-2.0
-2.0
-1.0
-2.0
-1.5
-1.5
-2.0
5648.0
-2.0
-2.0
-1.0
-2.0
-1.5
-1.5
-2.0
5548.0
-2.0
-2.0
-1.0
-2.0
-1.5
-1.5
-2.0
5448.0
-2.0
-2.0
-1.0
-2.0
-1.5
-1.5
-2.0
5348.0
-2.0
-2.0
-1.0
-2.0
-1.5
-1.5
-2.0
5248.0
-2.0
-2.0
-1.0
-2.0
-1.5
-1.5
-2.0
5148.0
-2.0
-2.0
-1.0
-2.0
-1.5
-1.5
-2.0
5048.0
-2.0
-2.0
-1.0
-2.0
-1.5
-1.5
-2.0
4948.0
-2.0
-2.0
-1.0
-2.0
-1.5
-1.5
-2.0
4848.0
-2.0
-2.0
-1.0
-2.0
-1.5
-1.5
-2.0
4748.0
-2.0
-2.0
-1.0
-2.0
-1.5
-1.5
-2.0
4648.0
-2.0
-2.0
-1.0
-2.0
-1.5
-1.5
-2.0
4548.0
-2.0
-2.0
-1.0
-2.0
-1.5
-1.5
-2.0
4448.0
-2.0
-2.0
-1.0
-2.0
-1.5
-1.5
-2.0
4348.0
-2.0
-2.0
-1.0
-2.0
-1.5
-1.5
-2.0
4248.0
-2.0
-2.0
-1.0
-2.0
-1.5
-1.5
-2.0
4148.0
-2.0
-2.0
-1.0
-2.0
-1.5
-1.5
-2.0
4048.0
-2.0
-2.0
-1.0
-2.0
-1.5
-1.5
-2.0
3948.0
-2.0
-2.0
-1.0
-2.0
-1.5
-1.5
-2.0
3848.0
-2.0
-2.0
-1.0
-2.0
-1.5
-1.5
-2.0
3748.0
-2.0
-2.0
-1.0
-2.0
-1.5
-1.5
-2.0
3648.0
-2.0
-2.0
-1.0
-2.0
-1.5
-1.5
-2.0
3548.0
-2.0
-2.0
-1.0
-2.0
-1.5
-1.5
-2.0
3448.0
-2.0
-2.0
-1.0
-2.0
-1.5
-1.5
-2.0
3348.0
-2.0
-2.0
-1.0
-2.0
-1.5
-1.5
-2.0
3248.0
-2.0
-2.0
-1.0
-2.0
-1.5
-1.5
-2.0
3148.0
-2.0
-2.0
-1.0
-2.0
-1.5
-1.5
-2.0
3048.0
-2.0
-2.0
-1.0
-2.0
-1.5
-1.5
-2.0
2948.0
-2.0
-2.0
-1.0
-2.0
-1.5
-1.5
-2.0
2848.0
-2.0
-2.0
-1.0
-2.0
-1.5
-1.5
-2.0
2748.0
-2.0
-2.0
-1.0
-2.0
-1.5
-1.5
-2.0
2648.0
-2.0
-2.0
-1.0
-2.0
-1.5
-1.5
-2.0
2548.0
-2.0
-2.0
-1.0
-2.0
-1.5
-1.5
-2.0
2448.0
-2.0
-2.0
-1.0
-2.0
-1.5
-1.5
-2.0
2348.0
-2.0
-2.0
-1.0
-2.0
-1.5
-1.5
-2.0
2248.0
-2.0
-2.0
-1.0
-2.0
-1.5
-1.5
-2.0
2148.0
-2.0
-2.0
-1.0
-2.0
-1.5
-1.5
-2.0
2048.0
-2.0
-2.0
-1.0
-2.0
-1.5
-1.5
-2.0
1948.0
-2.0
-2.0
-1.0
-2.0
-1.5
-1.5
-2.0
1848.0
-2.0
-2.0
-1.0
-2.0
-1.5
-1.5
-2.0
1748.0
-2.0
-2.0
-1.0
-2.0
-1.5
-1.5
-2.0
1648.0
-2.0
-2.0
-1.0
-2.0
-1.5
-1.5
-2.0
1548.0
-2.0
-2.0
-1.0
-2.0
-1.5
-1.5
-2.0
1448.0
-2.0
-2.0
-1.0
-2.0
-1.5
-1.5
-2.0
1348.0
-2.0
-2.0
-1.0
-2.0
-1.5
-1.5
-2.0
1248.0
-2.0
-2.0
-1.0
-2.0
-1.5
-1.5
-2.0
1148.0
-2.0
-2.0
-1.0
-2.0
-1.5
-1.5
-2.0
1048.0
-2.0
-2.0
-1.0
-2.0
-1.5
-1.5
-2.0
948.0
-2.0
-2.0
-1.0
-2.0
-1.5
-1.5
-2.0
848.0
-2.0
-2.0
-1.0
-2.0
-1.5
-1.5
-2.0
748.0
-2.0
-2.0
-1.0
-2.0
-1.5
-1.5
-2.0
648.0
-2.0
-2.0
-1.0
-2.0
-1.5
-1.5
-2.0
548.0
-2.0
-2.0
-1.0
-2.0
-1.5
-1.5
-2.0
448.0
-2.0
-2.0
-1.0
-2.0
-1.5
-1.5
-2.0
348.0
-2.0
-2.0
-1.0
-2.0
-1.5
-1.5
-2.0
248.0
-2.0
-2.0
-1.0
-2.0
-1.5
-1.5
-2.0
148.0
-2.0
-2.0
-1.0
-2.0
-1.5
-1.5
-2.0
48.0
-2.0
-2.0
-1.0
-2.0
-1.5
-1.5
-2.0
-2.0
-2.0
-2.0
6199.0
-2.0
-1.5
-1.5
-2.0
-2.0
-2.0
-2.0
6099.0
-2.0
-1.5
-1.5
-2.0
-2.0
-2.0
-2.0
5999.0
-2.0
-1.5
-1.5
-2.0
-2.0
-2.0
-2.0
5899.0
-2.0
-1.5
-1.5
-2.0
-2.0
-2.0
-2.0
5799.0
-2.0
-1.5
-1.5
-2.0
-2.0
-2.0
-2.0
5699.0
-2.0
-1.5
-1.5
-2.0
-2.0
-2.0
-2.0
5599.0
-2.0
-1.5
-1.5
-2.0
-2.0
-2.0
-2.0
5499.0
-2.0
-1.5
-1.5
-2.0
-2.0
-2.0
-2.0
5399.0
-2.0
-1.5
-1.5
-2.0
-2.0
-2.0
-2.0
5299.0
-2.0
-1.5
-1.5
-2.0
-2.0
-2.0
-2.0
5199.0
-2.0
-1.5
-1.5
-2.0
-2.0
-2.0
-2.0
5099.0
-2.0
-1.5
-1.5
-2.0
-2.0
-2.0
-2.0
4999.0
-2.0
-1.5
-1.5
-2.0
-2.0
-2.0
-2.0
4899.0
-2.0
-1.5
-1.5
-2.0
-2.0
-2.0
-2.0
4799.0
-2.0
-1.5
-1.5
-2.0
-2.0
-2.0
-2.0
4699.0
-2.0
-1.5
-1.5
-2.0
-2.0
-2.0
-2.0
4599.0
-2.0
-1.5
-1.5
-2.0
-2.0
-2.0
-2.0
4499.0
-2.0
-1.5
-1.5
-2.0
-2.0
-2.0
-2.0
4399.0
-2.0
-1.5
-1.5
-2.0
-2.0
-2.0
-2.0
4299.0
-2.0
-1.5
-1.5
-2.0
-2.0
-2.0
-2.0
4199.0
-2.0
-1.5
-1.5
-2.0
-2.0
-2.0
-2.0
4099.0
-2.0
-1.5
-1.5
-2.0
-2.0
-2.0
-2.0
3999.0
-2.0
-1.5
-1.5
-2.0
-2.0
-2.0
-2.0
3899.0
-2.0
-1.5
-1.5
-2.0
-2.0
-2.0
-2.0
3799.0
-2.0
-1.5
-1.5
-2.0
-2.0
-2.0
-2.0
3699.0
-2.0
-1.5
-1.5
-2.0
-2.0
-2.0
-2.0
3599.0
-2.0
-1.5
-1.5
-2.0
-2.0
-2.0
-2.0
3499.0
-2.0
-1.5
-1.5
-2.0
-2.0
-2.0
-2.0
3399.0
-2.0
-1.5
-1.5
-2.0
-2.0
-2.0
-2.0
3299.0
-2.0
-1.5
-1.5
-2.0
-2.0
-2.0
-2.0
3199.0
-2.0
-1.5
-1.5
-2.0
-2.0
-2.0
-2.0
3099.0
-2.0
-1.5
-1.5
-2.0
-2.0
-2.0
-2.0
2999.0
-2.0
-1.5
-1.5
-2.0
-2.0
-2.0
-2.0
2899.0
-2.0
-1.5
-1.5
-2.0
-2.0
-2.0
-2.0
2799.0
-2.0
-1.5
-1.5
-2.0
-2.0
-2.0
-2.0
2699.0
-2.0
-1.5
-1.5
-2.0
-2.0
-2.0
-2.0
2599.0
-2.0
-1.5
-1.5
-2.0
-2.0
-2.0
-2.0
2499.0
-2.0
-1.5
-1.5
-2.0
-2.0
-2.0
-2.0
2399.0
-2.0
-1.5
-1.5
-2.0
-2.0
-2.0
-2.0
2299.0
-2.0
-1.5
-1.5
-2.0
-2.0
-2.0
-2.0
2199.0
-2.0
-1.5
-1.5
-2.0
-2.0
-2.0
-2.0
2099.0
-2.0
-1.5
-1.5
-2.0
-2.0
-2.0
-2.0
1999.0
-2.0
-1.5
-1.5
-2.0
-2.0
-2.0
-2.0
1899.0
-2.0
-1.5
-1.5
-2.0
-2.0
-2.0
-2.0
1799.0
-2.0
-1.5
-1.5
-2.0
-2.0
-2.0
-2.0
1699.0
-2.0
-1.5
-1.5
-2.0
-2.0
-2.0
-2.0
1599.0
-2.0
-1.5
-1.5
-2.0
-2.0
-2.0
-2.0
1499.0
-2.0
-1.5
-1.5
-2.0
-2.0
-2.0
-2.0
1399.0
-2.0
-1.5
-1.5
-2.0
-2.0
-2.0
-2.0
1299.0
-2.0
-1.5
-1.5
-2.0
-2.0
-2.0
-2.0
1199.0
-2.0
-1.5
-1.5
-2.0
-2.0
-2.0
-2.0
1099.0
-2.0
-1.5
-1.5
-2.0
-2.0
-2.0
-2.0
999.0
-2.0
-1.5
-1.5
-2.0
-2.0
-2.0
-2.0
899.0
-2.0
-1.5
-1.5
-2.0
-2.0
-2.0
-2.0
799.0
-2.0
-1.5
-1.5
-2.0
-2.0
-2.0
-2.0
699.0
-2.0
-1.5
-1.5
-2.0
-2.0
-2.0
-2.0
599.0
-2.0
-1.5
-1.5
-2.0
-2.0
-2.0
-2.0
499.0
-2.0
-1.5
-1.5
-2.0
-2.0
-2.0
-2.0
399.0
-2.0
-1.5
-1.5
-2.0
-2.0
-2.0
-2.0
299.0
-2.0
-1.5
-1.5
-2.0
-2.0
-2.0
-2.0
199.0
-2.0
-1.5
-1.5
-2.0
-2.0
-2.0
-2.0
99.0
-2.0
-1.5
-1.5
-2.0
-2.0
-2.0
-2.0
2.0
-2.0
-1.5
3136.0
-2.0
-2.0
-2.0
-2.0
-2.0
-2.0
3060.0
3086.0
-2.0
-2.0
-2.0
-2.0
-2.0
-2.0
3010.0
3036.0
-2.0
-2.0
-2.0
-2.0
-2.0
-2.0
2960.0
2986.0
-2.0
-2.0
-2.0
-2.0
-2.0
-2.0
2910.0
2936.0
-2.0
-2.0
-2.0
-2.0
-2.0
-2.0
2860.0
2886.0
-2.0
-2.0
-2.0
-2.0
-2.0
-2.0
2810.0
2836.0
-2.0
-2.0
-2.0
-2.0
-2.0
-2.0
2760.0
2786.0
-2.0
-2.0
-2.0
-2.0
-2.0
-2.0
2710.0
2736.0
-2.0
-2.0
-2.0
-2.0
-2.0
-2.0
2660.0
2686.0
-2.0
-2.0
-2.0
-2.0
-2.0
-2.0
2610.0
2636.0
-2.0
-2.0
-2.0
-2.0
-2.0
-2.0
2560.0
2586.0
-2.0
-2.0
-2.0
-2.0
-2.0
-2.0
2510.0
2536.0
-2.0
-2.0
-2.0
-2.0
-2.0
-2.0
2460.0
2486.0
-2.0
-2.0
-2.0
-2.0
-2.0
-2.0
2410.0
2436.0
-2.0
-2.0
-2.0
-2.0
-2.0
-2.0
2360.0
2386.0
-2.0
-2.0
-2.0
-2.0
-2.0
-2.0
2310.0
2336.0
-2.0
-2.0
-2.0
-2.0
-2.0
-2.0
2260.0
2286.0
-2.0
-2.0
-2.0
-2.0
-2.0
-2.0
2210.0
2236.0
-2.0
-2.0
-2.0
-2.0
-2.0
-2.0
2160.0
2186.0
-2.0
-2.0
-2.0
-2.0
-2.0
-2.0
2110.0
2136.0
-2.0
-2.0
-2.0
-2.0
-2.0
-2.0
2060.0
2086.0
-2.0
-2.0
-2.0
-2.0
-2.0
-2.0
2010.0
2036.0
-2.0
-2.0
-2.0
-2.0
-2.0
-2.0
1960.0
1986.0
-2.0
-2.0
-2.0
-2.0
-2.0
-2.0
1910.0
1936.0
-2.0
-2.0
-2.0
-2.0
-2.0
-2.0
1860.0
1886.0
-2.0
-2.0
-2.0
-2.0
-2.0
-2.0
1810.0
1836.0
-2.0
-2.0
-2.0
-2.0
-2.0
-2.0
1760.0
1786.0
-2.0
-2.0
-2.0
-2.0
-2.0
-2.0
1710.0
1736.0
-2.0
-2.0
-2.0
-2.0
-2.0
-2.0
1660.0
1686.0
-2.0
-2.0
-2.0
-2.0
-2.0
-2.0
1610.0
1636.0
-2.0
-2.0
-2.0
-2.0
-2.0
-2.0
1560.0
1586.0
-2.0
-2.0
-2.0
-2.0
-2.0
-2.0
1510.0
1536.0
-2.0
-2.0
-2.0
-2.0
-2.0
-2.0
1460.0
1486.0
-2.0
-2.0
-2.0
-2.0
-2.0
-2.0
1410.0
1436.0
-2.0
-2.0
-2.0
-2.0
-2.0
-2.0
1360.0
1386.0
-2.0
-2.0
-2.0
-2.0
-2.0
-2.0
1310.0
1336.0
-2.0
-2.0
-2.0
-2.0
-2.0
-2.0
1260.0
1286.0
-2.0
-2.0
-2.0
-2.0
-2.0
-2.0
1210.0
1236.0
-2.0
-2.0
-2.0
-2.0
-2.0
-2.0
1160.0
1186.0
-2.0
-2.0
-2.0
-2.0
-2.0
-2.0
1110.0
1136.0
-2.0
-2.0
-2.0
-2.0
-2.0
-2.0
1060.0
1086.0
-2.0
-2.0
-2.0
-2.0
-2.0
-2.0
1010.0
1036.0
-2.0
-2.0
-2.0
-2.0
-2.0
-2.0
960.0
986.0
-2.0
-2.0
-2.0
-2.0
-2.0
-2.0
910.0
936.0
-2.0
-2.0
-2.0
-2.0
-2.0
-2.0
860.0
886.0
-2.0
-2.0
-2.0
-2.0
-2.0
-2.0
810.0
836.0
-2.0
-2.0
-2.0
-2.0
-2.0
-2.0
760.0
786.0
-2.0
-2.0
-2.0
-2.0
-2.0
-2.0
710.0
736.0
-2.0
-2.0
-2.0
-2.0
-2.0
-2.0
660.0
686.0
-2.0
-2.0
-2.0
-2.0
-2.0
-2.0
610.0
636.0
-2.0
-2.0
-2.0
-2.0
-2.0
-2.0
560.0
586.0
-2.0
-2.0
-2.0
-2.0
-2.0
-2.0
510.0
536.0
-2.0
-2.0
-2.0
-2.0
-2.0
-2.0
460.0
486.0
-2.0
-2.0
-2.0
-2.0
-2.0
-2.0
410.0
436.0
-2.0
-2.0
-2.0
-2.0
-2.0
-2.0
360.0
386.0
-2.0
-2.0
-2.0
-2.0
-2.0
-2.0
310.0
336.0
-2.0
-2.0
-2.0
-2.0
-2.0
-2.0
260.0
286.0
-2.0
-2.0
-2.0
-2.0
-2.0
-2.0
210.0
236.0
-2.0
-2.0
-2.0
-2.0
-2.0
-2.0
160.0
186.0
-2.0
-2.0
-2.0
-2.0
-2.0
-2.0
110.0
136.0
-2.0
-2.0
-2.0
-2.0
-2.0
-2.0
60.0
86.0
-2.0
-2.0
-2.0
-2.0
-2.0
-2.0
10.0
36.0
-2.0
