4.524816513061523
4.524881958961487
4.524943470954895
4.525004029273987
4.525062561035156
4.525119423866272
4.52517557144165
4.525228977203369
4.493745923042297
4.493809461593628
4.4938695430755615
4.493926525115967
4.493981957435608
4.494036555290222
4.494089961051941
4.494143009185791
4.354737043380737
4.354801535606384
4.354856014251709
4.354910969734192
4.3549644947052
4.35501754283905
4.355069041252136
4.355120539665222
4.6639324426651
4.663992881774902
4.664047002792358
4.664099454879761
4.6641504764556885
4.66420841217041
4.6642584800720215
4.664307951927185
4.896884560585022
4.896939516067505
4.89698851108551
4.897038578987122
4.897088050842285
4.897135972976685
4.897187948226929
4.8972355127334595
4.773365020751953
4.773427486419678
4.77348256111145
4.773537516593933
4.773590087890625
4.7736430168151855
4.77369499206543
4.773746013641357
4.46605110168457
4.466112971305847
4.466168522834778
4.466223120689392
4.466275572776794
4.466326951980591
4.4663790464401245
4.466429591178894
4.50680148601532
4.506860017776489
4.506913065910339
4.506965517997742
4.507017016410828
4.507068514823914
4.507119059562683
4.5071680545806885
4.497991919517517
4.498055934906006
4.498111009597778
4.4981653690338135
4.498219013214111
4.498271346092224
4.498324036598206
4.498374342918396
4.709977507591248
4.710038065910339
4.710091471672058
4.710144996643066
4.7101980447769165
4.710250496864319
4.710303068161011
4.710353970527649
4.7075910568237305
4.707664966583252
4.707765579223633
4.707830429077148
4.707892537117004
4.707954049110413
4.708058476448059
4.708173513412476
4.44255793094635
4.44261908531189
4.442672967910767
4.442746043205261
4.442810535430908
4.4428640604019165
4.442915916442871
4.442966103553772
4.698856472969055
4.698914408683777
4.698964953422546
4.699014902114868
4.699080944061279
4.699131965637207
4.699181437492371
4.69922947883606
4.553131461143494
4.5531885623931885
4.553239583969116
4.553289532661438
4.553338050842285
4.553385972976685
4.553433537483215
4.55348002910614
4.506222486495972
4.506290912628174
4.506344437599182
4.506396412849426
4.506447911262512
4.506496906280518
4.506545901298523
4.50659441947937
4.68723464012146
4.687293529510498
4.6873509883880615
4.687404036521912
4.687455534934998
4.687506556510925
4.6875574588775635
4.687607049942017
4.369773507118225
4.369837999343872
4.369894504547119
4.36995255947113
4.370035529136658
4.370093584060669
4.37014901638031
4.37020206451416
4.476451992988586
4.4765119552612305
4.476567506790161
4.4766234159469604
4.476675987243652
4.476729035377502
4.476781010627747
4.476831436157227
4.477217078208923
4.477275490760803
4.477326989173889
4.477378964424133
4.477455019950867
4.477510094642639
4.4775614738464355
4.477614641189575
4.506479382514954
4.5065388679504395
4.506591439247131
4.506642937660217
4.506693482398987
4.506744027137756
4.50679349899292
4.506841421127319
4.409584403038025
4.409641981124878
4.409692406654358
4.409743428230286
4.409797430038452
4.409846901893616
4.409896492958069
4.409943461418152
4.887034058570862
4.887091040611267
4.887140989303589
4.887190580368042
4.887240052223206
4.887288451194763
4.8873370885849
4.887391090393066
4.4801084995269775
4.480167031288147
4.480220913887024
4.480273962020874
4.480326890945435
4.480378031730652
4.480431079864502
4.480480432510376
4.420017957687378
4.420083522796631
4.420136451721191
4.420191526412964
4.42024302482605
4.4202940464019775
4.420343399047852
4.4203925132751465
4.600467085838318
4.600540041923523
4.600612998008728
4.6006715297698975
4.600754499435425
4.60083544254303
4.600928544998169
4.601036429405212
4.662976503372192
4.663047552108765
4.663105010986328
4.663161993026733
4.663215517997742
4.663307547569275
4.6633830070495605
4.663438558578491
4.531514406204224
4.531576037406921
4.531635999679565
4.531690955162048
4.531744003295898
4.531796932220459
4.531849384307861
4.531900405883789
4.672104477882385
4.672165036201477
4.6722389459609985
4.672295928001404
4.672348499298096
4.672399878501892
4.672450542449951
4.672498464584351
4.5994120836257935
4.599480986595154
4.599557638168335
4.5996304750442505
4.599716067314148
4.599779486656189
4.599830508232117
4.599877953529358
4.676608443260193
4.67668342590332
4.676745414733887
4.676797389984131
4.676868438720703
4.676928877830505
4.6769939661026
4.677063941955566
4.653133511543274
4.653190970420837
4.653242468833923
4.653320550918579
4.6533849239349365
4.65344500541687
4.65349805355072
4.653546929359436
4.597053050994873
4.597106456756592
4.597155570983887
4.5972044467926025
4.597252607345581
4.5973005294799805
4.597347974777222
4.597393989562988
4.49422550201416
4.494284391403198
4.4943379163742065
4.494390487670898
4.494441986083984
4.4944939613342285
4.494544982910156
4.49459445476532
4.433750152587891
4.433811068534851
4.433865070343018
4.433918476104736
4.433970093727112
4.434021592140198
4.434072017669678
4.434121131896973
4.507080078125
4.507139086723328
4.507192015647888
4.507243990898132
4.507294535636902
4.50734555721283
4.50739598274231
4.5074450969696045
4.796612501144409
4.796669960021973
4.796720504760742
4.796771049499512
4.796820521354675
4.796872496604919
4.796921014785767
4.796969056129456
5.0141531229019165
5.014211535453796
5.0142704248428345
5.014323949813843
5.0143760442733765
5.014429092407227
5.014485120773315
5.014534592628479
4.405477046966553
4.405537962913513
4.405593395233154
4.405646920204163
4.405699014663696
4.405750036239624
4.405801892280579
4.405853033065796
4.8188159465789795
4.818876385688782
4.818928480148315
4.818979978561401
4.819030404090881
4.819079399108887
4.819129467010498
4.819176912307739
4.695950627326965
4.696006655693054
4.696057081222534
4.696107506752014
4.696168065071106
4.696241021156311
4.696294546127319
4.696344017982483
4.94300651550293
4.943065524101257
4.943118095397949
4.943170547485352
4.9432209730148315
4.943271517753601
4.943323969841003
4.9433735609054565
4.8196234703063965
4.819683074951172
4.819736003875732
4.819788455963135
4.819844961166382
4.819896578788757
4.819947600364685
4.819997072219849
4.916497588157654
4.9165555238723755
4.916605472564697
4.916654467582703
4.916705131530762
4.916756629943848
4.916805028915405
4.916853070259094
4.785071969032288
4.785131573677063
4.785183072090149
4.785294532775879
4.7853745222091675
4.785489559173584
4.785564064979553
4.785614967346191
5.567129969596863
5.567183017730713
5.5672324895858765
5.567281007766724
5.567329525947571
5.567376017570496
5.56749153137207
5.56754195690155
5.439835071563721
5.43989109992981
5.439941048622131
5.4399895668029785
5.440038084983826
5.440085530281067
5.440132975578308
5.4401785135269165
5.435486555099487
5.435539484024048
5.435588002204895
5.4356369972229
5.435763478279114
5.435813546180725
5.435864090919495
5.4359095096588135
5.342992544174194
5.343066930770874
5.343115568161011
5.343171954154968
5.343234539031982
5.343280553817749
5.343336462974548
5.343379974365234
5.290380001068115
5.290437459945679
5.290488958358765
5.29054594039917
5.2905964851379395
5.2906495332717896
5.290700078010559
5.2907480001449585
5.792665958404541
5.792723059654236
5.792774558067322
5.792826056480408
5.792875528335571
5.792925119400024
5.792974472045898
5.793021082878113
5.793903946876526
5.7939674854278564
5.794021487236023
5.794074535369873
5.794127583503723
5.794179439544678
5.79423201084137
5.794279932975769
5.916805982589722
5.9168665409088135
5.916922450065613
5.916978597640991
5.917031526565552
5.917084574699402
5.917170524597168
5.917225003242493
5.798888921737671
5.798945903778076
5.799001932144165
5.799054384231567
5.799106001853943
5.799163460731506
5.799219012260437
5.799299478530884
5.752997517585754
5.753053069114685
5.753104567527771
5.753155589103699
5.7532044649124146
5.753253102302551
5.753301024436951
5.753346562385559
5.911509037017822
5.911564469337463
5.911615490913391
5.911673545837402
5.91172194480896
5.911772608757019
5.911821007728577
5.911865592002869
5.865113019943237
5.865168452262878
5.86521852016449
5.865267992019653
5.8653165102005005
5.8653669357299805
5.865414381027222
5.865458965301514
5.8647624254226685
5.864821076393127
5.864896059036255
5.86495304107666
5.865004539489746
5.865081071853638
5.865139007568359
5.865188479423523
5.8721219301223755
5.872178912162781
5.872235536575317
5.87228798866272
5.8723384141922
5.872388482093811
5.872437953948975
5.872484564781189
5.708067536354065
5.708132028579712
5.70818555355072
5.708238124847412
5.708288073539734
5.708382964134216
5.708436131477356
5.708502531051636
5.650906085968018
5.6509610414505005
5.651010990142822
5.651060104370117
5.651108026504517
5.651158452033997
5.651205539703369
5.651249527931213
5.809139013290405
5.8092135190963745
5.809267997741699
5.809319019317627
5.809368968009949
5.809421539306641
5.809468507766724
5.809513449668884
5.714866518974304
5.714925408363342
5.7149800062179565
5.715033054351807
5.715083956718445
5.715134501457214
5.715185523033142
5.715273022651672
5.689066410064697
5.689135432243347
5.6891984939575195
5.689254999160767
5.689311981201172
5.689363956451416
5.689414381980896
5.689461946487427
5.658223986625671
5.658279061317444
5.65833055973053
5.658381938934326
5.658432483673096
5.658481478691101
5.658528923988342
5.6585739850997925
5.65376603603363
5.653851509094238
5.653929114341736
5.653992056846619
5.654047608375549
5.654098987579346
5.654148459434509
5.654196500778198
6.028522968292236
6.028584361076355
6.028636932373047
6.028687953948975
6.02873694896698
6.0287864208221436
6.028834939002991
6.028880476951599
6.15331757068634
6.153371572494507
6.153421521186829
6.15347146987915
6.153520107269287
6.153568506240845
6.153616547584534
6.153661012649536
5.851619482040405
5.851678013801575
5.851727485656738
5.851781487464905
5.851829648017883
5.8518770933151245
5.8519285917282104
5.851971983909607
5.686667561531067
5.68672502040863
5.686777591705322
5.686831593513489
5.686900615692139
5.686951160430908
5.687002658843994
5.687050104141235
5.764492392539978
5.764548420906067
5.764600396156311
5.764652371406555
5.764703869819641
5.764754414558411
5.764805912971497
5.764853358268738
5.895835041999817
5.895895004272461
5.895950555801392
5.896005034446716
5.896057963371277
5.896111011505127
5.896163105964661
5.8962119817733765
5.521788120269775
5.521847605705261
5.521901607513428
5.521954536437988
5.522005558013916
5.5220571756362915
5.522107124328613
5.5221545696258545
5.7286365032196045
5.728694558143616
5.728753089904785
5.7288066148757935
5.72885799407959
5.728909015655518
5.728992462158203
5.729046106338501
5.632441997528076
5.632496476173401
5.63254702091217
5.632598519325256
5.632655501365662
5.632704496383667
5.632752895355225
5.632797956466675
5.580422520637512
5.5804760456085205
5.580525994300842
5.580576062202454
5.580624938011169
5.58067262172699
5.580722093582153
5.580765962600708
5.580532550811768
5.580588102340698
5.580639123916626
5.580713987350464
5.580766558647156
5.580828547477722
5.580877065658569
5.580922484397888
5.511646032333374
5.511699080467224
5.511747598648071
5.511796593666077
5.511844158172607
5.5118900537490845
5.511935591697693
5.511978030204773
5.708110451698303
5.708163499832153
5.708211541175842
5.708259582519531
5.708307504653931
5.708354473114014
5.708399534225464
5.7084420919418335
5.70548951625824
5.70554256439209
5.705595016479492
5.705642580986023
5.705689549446106
5.705736041069031
5.705782532691956
5.705826044082642
5.647009015083313
5.647059440612793
5.647107005119324
5.647153973579407
5.647201061248779
5.647247076034546
5.647292494773865
5.647334575653076
5.897565484046936
5.89762008190155
5.897669553756714
5.897717595100403
5.897767066955566
5.897814035415649
5.897864580154419
5.897907495498657
5.759212613105774
5.759270071983337
5.759324073791504
5.7593770027160645
5.759428977966309
5.759479522705078
5.759528994560242
5.759575963020325
5.672987580299377
5.673048496246338
5.673104524612427
5.673161029815674
5.6732165813446045
5.673314094543457
5.673382520675659
5.673435568809509
5.537030458450317
5.537091016769409
5.537145972251892
5.537200450897217
5.537256956100464
5.53730845451355
5.5373594760894775
5.537407040596008
5.987236022949219
5.987295627593994
5.987351179122925
5.987404704093933
5.987457036972046
5.987509608268738
5.987561583518982
5.987609624862671
5.57966947555542
5.579726934432983
5.579779863357544
5.579845428466797
5.579898476600647
5.579950451850891
5.580000996589661
5.580047965049744
5.478825092315674
5.478881597518921
5.478934049606323
5.478984594345093
5.47903311252594
5.479081630706787
5.479130506515503
5.479175567626953
6.007715463638306
6.007771372795105
6.0078219175338745
6.007872462272644
6.007920980453491
6.007969975471497
6.008017420768738
6.00806200504303
5.9027339220047
5.902788996696472
5.902838945388794
5.9028884172439575
5.9029364585876465
5.902983903884888
5.903056979179382
5.90314245223999
6.176378488540649
6.1764525175094604
6.176504969596863
6.176554441452026
6.176627516746521
6.176677465438843
6.1767250299453735
6.176781415939331
6.117892026901245
6.117945909500122
6.117994904518127
6.118083953857422
6.118147373199463
6.11822247505188
6.118278980255127
6.118324398994446
6.022961616516113
6.0230220556259155
6.023071527481079
6.023120999336243
6.023167967796326
6.023214101791382
6.023272514343262
6.02332603931427
5.796838045120239
5.796890497207642
5.796939015388489
5.79698646068573
5.79705548286438
5.797109007835388
5.7971789836883545
5.7972259521484375
5.77861487865448
5.7786784172058105
5.778769373893738
5.778844475746155
5.778903007507324
5.7789589166641235
5.77901291847229
5.779065012931824
5.673520565032959
5.673613548278809
5.673673510551453
5.673728585243225
5.673781633377075
5.673834562301636
5.673884987831116
5.6739420890808105
5.7403669357299805
5.740448355674744
5.740516901016235
5.740575909614563
5.74063241481781
5.740687370300293
5.740741848945618
5.740792870521545
6.026766896247864
6.026824951171875
6.026879906654358
6.026932954788208
6.026984453201294
6.02704393863678
6.02709436416626
6.02714204788208
6.180455446243286
6.180520057678223
6.180570960044861
6.180622935295105
6.1806724071502686
6.1807215213775635
6.180804967880249
6.1808555126190186
6.0879493951797485
6.088003516197205
6.088053464889526
6.088102340698242
6.088151454925537
6.088200330734253
6.088248014450073
6.088293433189392
5.991796493530273
5.9918495416641235
5.991908550262451
5.991958498954773
5.992005944252014
5.992053031921387
5.9921005964279175
5.992144465446472
5.853410482406616
5.853469967842102
5.853518605232239
5.853566527366638
5.853635907173157
5.8536869287490845
5.853734016418457
5.853778958320618
6.047548532485962
6.047618508338928
6.047670006752014
6.047719478607178
6.0477670431137085
6.04781448841095
6.047861099243164
6.047905445098877
5.915399551391602
5.91545557975769
5.915509581565857
5.915561556816101
5.915611982345581
5.915663123130798
5.915714621543884
5.915762662887573
6.197842478752136
6.1978999376297
6.19795298576355
6.198004961013794
6.198058485984802
6.198109984397888
6.198159456253052
6.198206067085266
6.103090047836304
6.10314404964447
6.103195071220398
6.103244066238403
6.103302597999573
6.10335099697113
6.103399038314819
6.1034440994262695
5.990930438041687
5.990988492965698
5.991043448448181
5.991096019744873
5.991148471832275
5.991199493408203
5.991250038146973
5.991296887397766
6.1646424531936646
6.164703011512756
6.164761543273926
6.164815545082092
6.164878010749817
6.164944052696228
6.164999008178711
6.1650484800338745
6.681879878044128
6.68193793296814
6.681991338729858
6.682042956352234
6.682091951370239
6.682141423225403
6.682190418243408
6.682235479354858
6.628730893135071
6.628787994384766
6.628839492797852
6.6288920640945435
6.628942012786865
6.628991484642029
6.629040479660034
6.629085421562195
6.564512372016907
6.564565896987915
6.56461501121521
6.564692854881287
6.564770460128784
6.564824938774109
6.564873933792114
6.5649179220199585
6.467170476913452
6.467226028442383
6.467276096343994
6.467325448989868
6.467370986938477
6.4674190282821655
6.4674659967422485
6.467509508132935
7.038638472557068
7.038695335388184
7.038743853569031
7.038793921470642
7.0388394594192505
7.038885951042175
7.038929462432861
7.038971424102783
7.111558556556702
7.111610531806946
7.111658573150635
7.111709475517273
7.111755609512329
7.111802101135254
7.111847162246704
7.111893534660339
7.048092007637024
7.048148989677429
7.04820191860199
7.048254489898682
7.04830539226532
7.048355937004089
7.0484044551849365
7.048450946807861
7.069658517837524
7.069722533226013
7.06977903842926
7.069835424423218
7.069888949394226
7.069942951202393
7.0699944496154785
7.070043921470642
7.056573987007141
7.056651949882507
7.056748986244202
7.056841015815735
7.056956887245178
7.057015538215637
7.0570690631866455
7.057118535041809
7.0863789319992065
7.086438417434692
7.086493015289307
7.086547017097473
7.086597919464111
7.086650013923645
7.086699485778809
7.086747050285339
7.035642027854919
7.035697937011719
7.035749554634094
7.035800576210022
7.03584897518158
7.035898566246033
7.035947561264038
7.035992503166199
6.9959704875946045
6.996026515960693
6.996076941490173
6.996127009391785
6.996175408363342
6.996224045753479
6.996270537376404
6.996315002441406
6.835342049598694
6.835398077964783
6.835451602935791
6.8355019092559814
6.8356239795684814
6.835685968399048
6.835736036300659
6.835802912712097
6.837749361991882
6.837801933288574
6.837858438491821
6.837906360626221
6.837951421737671
6.83801543712616
6.838073968887329
6.838119387626648
6.7571340799331665
6.757187008857727
6.757257580757141
6.75731098651886
6.757359027862549
6.75740647315979
6.75745153427124
6.75749397277832
6.993921995162964
6.9939799308776855
6.994033932685852
6.994088530540466
6.99413800239563
6.994189977645874
6.994239449501038
6.994285464286804
6.881070494651794
6.8811280727386475
6.881180047988892
6.881231427192688
6.881279945373535
6.88135552406311
6.8814074993133545
6.881454944610596
6.78506600856781
6.785122036933899
6.785171985626221
6.785223007202148
6.785271048545837
6.785320043563843
6.785366535186768
6.78541100025177
7.149536490440369
7.1495959758758545
7.149704933166504
7.149769902229309
7.14982545375824
7.149881958961487
7.149958491325378
7.150028467178345
7.049983501434326
7.050040006637573
7.050097942352295
7.050150036811829
7.050199389457703
7.0502495765686035
7.050320982933044
7.050374507904053
6.826013922691345
6.8260719776153564
6.8261250257492065
6.826178431510925
6.826229453086853
6.826280474662781
6.826329946517944
6.8263760805130005
6.951238989830017
6.9512939453125
6.951343536376953
6.951393485069275
6.951441526412964
6.951489448547363
6.951536417007446
6.951581001281738
6.989030480384827
6.989086031913757
6.989136457443237
6.989185452461243
6.989232540130615
6.9892799854278564
6.989326477050781
6.989370107650757
6.785374045372009
6.785428524017334
6.785480499267578
6.785532593727112
6.785579085350037
6.78562605381012
6.78567099571228
6.785715103149414
6.779491424560547
6.77954638004303
6.7795950174331665
6.779643535614014
6.779689431190491
6.779742956161499
6.779788494110107
6.779831409454346
6.905175566673279
6.905228018760681
6.905276536941528
6.905324935913086
6.905369997024536
6.905416488647461
6.905461549758911
6.905504107475281
6.730159521102905
6.730212569236755
6.7302610874176025
6.730311155319214
6.730357527732849
6.7304041385650635
6.730448484420776
6.730491042137146
7.1677573919296265
7.167810916900635
7.167859435081482
7.167912006378174
7.167957901954651
7.1680039167404175
7.168049454689026
7.168092370033264
7.485413551330566
7.485473036766052
7.485526919364929
7.485579967498779
7.485638976097107
7.485708951950073
7.485762000083923
7.485810995101929
6.958216071128845
6.958306074142456
6.9583680629730225
6.958425164222717
6.958477139472961
6.95853066444397
6.958583116531372
6.958633065223694
6.961167573928833
6.961230039596558
6.961284637451172
6.961338639259338
6.961390137672424
6.96148157119751
6.9615360498428345
6.961584568023682
6.738204836845398
6.738261938095093
6.738315463066101
6.738370418548584
6.7384209632873535
6.738471984863281
6.738520979881287
6.738566994667053
6.889940977096558
6.89002001285553
6.890076041221619
6.890128016471863
6.89017653465271
6.890225529670715
6.89027202129364
6.890316486358643
6.8921414613723755
6.892217516899109
6.892270922660828
6.8923234939575195
6.8923715353012085
6.892456412315369
6.892508029937744
6.892555594444275
7.221389532089233
7.2214435338974
7.221492528915405
7.2215505838394165
7.221598029136658
7.221645951271057
7.22171950340271
7.221766471862793
6.932603478431702
6.9326560497283936
6.932704567909241
6.93275249004364
6.93279755115509
6.932847023010254
6.932891011238098
6.932932615280151
6.888297438621521
6.888350009918213
6.888399004936218
6.888449430465698
6.888495445251465
6.888542413711548
6.8885873556137085
6.888630986213684
6.887773156166077
6.887827157974243
6.8878761529922485
6.887924551963806
6.887970566749573
6.888017654418945
6.888062596321106
6.888105630874634
6.80164098739624
6.801697015762329
6.80174994468689
6.801800966262817
6.801850438117981
6.801900506019592
6.8019479513168335
6.801994442939758
6.731841564178467
6.731895923614502
6.7319464683532715
6.7319968938827515
6.732045412063599
6.732093930244446
6.73214054107666
6.732185006141663
6.8680723905563354
6.868141412734985
6.868200421333313
6.868256449699402
6.868309497833252
6.868363857269287
6.868414998054504
6.86846387386322
6.986329913139343
6.986387372016907
6.986442923545837
6.9864959716796875
6.986546039581299
6.986598014831543
6.9866474866867065
6.9866943359375
6.912949442863464
6.9130144119262695
6.913067936897278
6.913121461868286
6.9131715297698975
6.913222432136536
6.913272380828857
6.913323402404785
6.7546199560165405
6.754675984382629
6.754728436470032
6.7547794580459595
6.754828095436096
6.754876971244812
6.754923939704895
6.754968523979187
6.889406442642212
6.889459013938904
6.889508962631226
6.889561414718628
6.8896085023880005
6.889658451080322
6.889706492424011
6.889751434326172
7.19610059261322
7.196153163909912
7.1962045431137085
7.196254014968872
7.1962995529174805
7.196346998214722
7.1964040994644165
7.196462035179138
7.3584805727005005
7.358533024787903
7.358581066131592
7.358629465103149
7.3586745262146
7.358721494674683
7.358767032623291
7.358809471130371
7.095149397850037
7.095206022262573
7.095258474349976
7.095310568809509
7.095359444618225
7.095409512519836
7.095459461212158
7.095505475997925
6.897328972816467
6.897387981414795
6.897441983222961
6.897494435310364
6.897544980049133
6.897596478462219
6.897645950317383
6.897691488265991
7.001757025718689
7.001817584037781
7.001873016357422
7.001927495002747
7.001979112625122
7.002030968666077
7.002081990242004
7.002130031585693
6.933024525642395
6.933081030845642
6.933138966560364
6.933193922042847
6.93324339389801
6.933295011520386
6.933344006538391
6.933390498161316
6.834878087043762
6.834934115409851
6.834987044334412
6.835038542747498
6.835087537765503
6.8351380825042725
6.83518660068512
6.835232973098755
6.9565669298172
6.9566203355789185
6.956671476364136
6.956721901893616
6.956768870353699
6.956818461418152
6.956864953041077
6.956909418106079
7.449785947799683
7.449867486953735
7.449925422668457
7.449979543685913
7.450027942657471
7.450078010559082
7.450126051902771
7.450170993804932
7.385639429092407
7.385695934295654
7.385748982429504
7.385802984237671
7.38585090637207
7.385900855064392
7.385949015617371
7.385993003845215
7.239053010940552
7.239107966423035
7.239157438278198
7.239207983016968
7.239254474639893
7.239304900169373
7.23935341835022
7.239396929740906
7.130216956138611
7.130271077156067
7.130321502685547
7.1303794384002686
7.130427956581116
7.130477428436279
7.13052499294281
7.130569100379944
7.241678476333618
7.241752862930298
7.241805911064148
7.241858005523682
7.2419044971466064
7.241953372955322
7.241999387741089
7.242045998573303
7.0721435546875
7.07220196723938
7.072256565093994
7.072310090065002
7.0723594427108765
7.07241153717041
7.07246208190918
7.072508096694946
7.345083475112915
7.34513795375824
7.345188498497009
7.345238924026489
7.345286011695862
7.345334053039551
7.345379948616028
7.345423936843872
7.265995502471924
7.2660534381866455
7.266107439994812
7.266179919242859
7.266242861747742
7.266297459602356
7.266350507736206
7.266399502754211
7.1233789920806885
7.12343955039978
7.1234941482543945
7.123547554016113
7.123598575592041
7.123649954795837
7.12371301651001
7.1237605810165405
7.286992073059082
7.287050485610962
7.287104487419128
7.2871575355529785
7.2872074842453
7.287259459495544
7.287338495254517
7.2873899936676025
7.787608981132507
7.787665963172913
7.787718415260315
7.78777003288269
7.787818431854248
7.787865877151489
7.787912964820862
7.7879579067230225
7.734164476394653
7.734218001365662
7.734285950660706
7.734349489212036
7.7343995571136475
7.734447002410889
7.7344934940338135
7.734538435935974
7.636761426925659
7.636816501617432
7.6368653774261475
7.636914849281311
7.6369839906692505
7.637032389640808
7.637079358100891
7.637126326560974
8.200884938240051
8.200935959815979
8.200992107391357
8.201040029525757
8.201084017753601
8.201128005981445
8.201173067092896
8.201215505599976
8.16874086856842
8.168790936470032
8.168837904930115
8.168885946273804
8.168928980827332
8.168973922729492
8.169017910957336
8.169059872627258
8.161726117134094
8.161778092384338
8.161826491355896
8.161875009536743
8.161920070648193
8.161964535713196
8.16200852394104
8.16205096244812
8.28224790096283
8.282299995422363
8.282348036766052
8.28239643573761
8.282439470291138
8.282483458518982
8.282526969909668
8.282568454742432
8.278167605400085
8.27821946144104
8.278267979621887
8.27831506729126
8.278357982635498
8.278401494026184
8.278445601463318
8.278487086296082
8.265462517738342
8.265517115592957
8.26556658744812
8.265615105628967
8.265660524368286
8.265706062316895
8.265751004219055
8.265794515609741
8.313151359558105
8.313211917877197
8.313268423080444
8.313324928283691
8.313376426696777
8.313428401947021
8.313480019569397
8.313529014587402
8.182029485702515
8.182089924812317
8.182146906852722
8.182201504707336
8.182252049446106
8.182307481765747
8.182359457015991
8.182407975196838
8.160418391227722
8.160498976707458
8.160561919212341
8.160616993904114
8.160666465759277
8.160716891288757
8.160766005516052
8.1608145236969
8.08781909942627
8.087875485420227
8.087928414344788
8.087980508804321
8.088027000427246
8.088075399398804
8.088143944740295
8.088201999664307
7.98701548576355
7.9870699644088745
7.987119436264038
7.987178444862366
7.987224459648132
7.9872695207595825
7.987314939498901
7.987358450889587
8.124567985534668
8.124619483947754
8.124667525291443
8.12471604347229
8.12479293346405
8.124844074249268
8.12489402294159
8.12493896484375
7.964597582817078
7.96465802192688
7.96471095085144
7.96476149559021
7.964805960655212
7.964850544929504
7.964895486831665
7.964937925338745
8.278677463531494
8.278730034828186
8.278778433799744
8.27882695198059
8.278870940208435
8.278915882110596
8.278960943222046
8.279003381729126
8.168040990829468
8.16809344291687
8.16814112663269
8.168190598487854
8.16823399066925
8.168277978897095
8.168331503868103
8.168372511863708
8.203613042831421
8.203673124313354
8.203730583190918
8.203843593597412
8.203900575637817
8.203954577445984
8.20404314994812
8.204101085662842
8.167908072471619
8.167985439300537
8.168042540550232
8.168099045753479
8.168149471282959
8.168202519416809
8.168254017829895
8.1683030128479
8.101800084114075
8.101855635643005
8.101908564567566
8.101962566375732
8.102012038230896
8.10206151008606
8.102111101150513
8.102158546447754
7.970450520515442
7.970504999160767
7.9705570936203
7.970608592033386
7.970655083656311
7.970704078674316
7.970752000808716
7.970797061920166
8.404480457305908
8.404535412788391
8.404586434364319
8.404662489891052
8.404713869094849
8.404762983322144
8.404811382293701
8.404859900474548
8.202324032783508
8.202377438545227
8.202428460121155
8.20247995853424
8.202525973320007
8.202571988105774
8.202618956565857
8.202662944793701
8.068775534629822
8.06883156299591
8.068882465362549
8.068933963775635
8.068979024887085
8.069023966789246
8.06906807422638
8.069110989570618
7.935993432998657
7.936047554016113
7.936097979545593
7.936185956001282
7.936236023902893
7.93628454208374
7.936331033706665
7.936372995376587
8.065449476242065
8.06550407409668
8.065552949905396
8.065602540969849
8.065646529197693
8.06569254398346
8.065737009048462
8.065778970718384
8.028880000114441
8.02894151210785
8.029003977775574
8.029062509536743
8.029114007949829
8.029167890548706
8.029220938682556
8.029269576072693
7.884810566902161
7.8848665952682495
7.884921073913574
7.884975433349609
7.885024547576904
7.885072946548462
7.885123014450073
7.8851704597473145
7.995948433876038
7.996006488800049
7.9960609674453735
7.996114492416382
7.996163487434387
7.996213436126709
7.996262907981873
7.996309995651245
7.8608715534210205
7.860930919647217
7.860984563827515
7.861037492752075
7.861084938049316
7.861133933067322
7.861183404922485
7.861229419708252
8.346174597740173
8.346232533454895
8.346286416053772
8.34634244441986
8.346391081809998
8.346439480781555
8.346487522125244
8.346533417701721
7.729478597640991
7.729534029960632
7.72958517074585
7.729643106460571
7.729689121246338
7.729736089706421
7.729781985282898
7.7298256158828735
7.873686075210571
7.873740553855896
7.8737934827804565
7.87384307384491
7.87388813495636
7.873935103416443
7.873981475830078
7.8740246295928955
7.9383156299591064
7.938383102416992
7.938443064689636
7.938495993614197
7.938541531562805
7.938586592674255
7.938632130622864
7.938676118850708
7.79992401599884
7.7999749183654785
7.800023436546326
7.8000710010528564
7.800114393234253
7.800158858299255
7.800203442573547
7.800245523452759
8.590579986572266
8.590633034706116
8.590681552886963
8.590732455253601
8.590776085853577
8.590821027755737
8.590865015983582
8.590907096862793
7.968313455581665
7.968389987945557
7.968444108963013
7.968493580818176
7.968538999557495
7.968585014343262
7.968631982803345
7.968674540519714
8.252963542938232
8.253015041351318
8.25306260585785
8.25311005115509
8.25315260887146
8.253197073936462
8.253241062164307
8.253284573554993
8.037724494934082
8.037775039672852
8.037822127342224
8.037869572639465
8.037912607192993
8.037957549095154
8.03800106048584
8.038042068481445
8.400148034095764
8.400203585624695
8.400256037712097
8.40030813217163
8.400355100631714
8.400403022766113
8.400451064109802
8.400496482849121
8.32878851890564
8.328850507736206
8.328907012939453
8.328961968421936
8.329012989997864
8.329082489013672
8.329147934913635
8.329200983047485
8.196112990379333
8.196173429489136
8.196229934692383
8.196295022964478
8.1963449716568
8.196395874023438
8.196446895599365
8.196494936943054
8.396427512168884
8.396485924720764
8.396539449691772
8.39659297466278
8.396641969680786
8.39669144153595
8.396740913391113
8.396803498268127
8.309812426567078
8.309869050979614
8.309921383857727
8.309974551200867
8.310021996498108
8.31006944179535
8.310152530670166
8.310205459594727
8.367372035980225
8.36742651462555
8.367476463317871
8.367526531219482
8.367572546005249
8.367637395858765
8.36768889427185
8.367734909057617
8.378915429115295
8.378968477249146
8.379017949104309
8.379066824913025
8.379110932350159
8.379157423973083
8.379202365875244
8.379245400428772
8.266610980033875
8.2666654586792
8.266714930534363
8.266762971878052
8.266807079315186
8.266852021217346
8.266896963119507
8.266938924789429
8.196223497390747
8.19629442691803
8.19634747505188
8.196397423744202
8.196441531181335
8.196485996246338
8.196532011032104
8.196574926376343
8.03938353061676
8.039435029029846
8.039483070373535
8.03952956199646
8.039573073387146
8.039617538452148
8.03966200351715
8.039703488349915
8.441012978553772
8.441068053245544
8.441120505332947
8.441172003746033
8.441218495368958
8.441266059875488
8.441313982009888
8.441359043121338
8.331850528717041
8.33191192150116
8.332000017166138
8.33206307888031
8.33211600780487
8.33216905593872
8.332221984863281
8.332271575927734
8.5329749584198
8.533036351203918
8.533092975616455
8.5331529378891
8.533202409744263
8.533254504203796
8.533304929733276
8.533353447914124
8.355345010757446
8.355401396751404
8.35559093952179
8.355663418769836
8.355715990066528
8.35576581954956
8.355815887451172
8.355862379074097
8.436574578285217
8.436644554138184
8.436697959899902
8.436836004257202
8.43695855140686
8.437013030052185
8.437062501907349
8.437107920646667
8.309216499328613
8.30927038192749
8.309320449829102
8.309369921684265
8.309414863586426
8.30946147441864
8.309507966041565
8.30955195426941
8.513023495674133
8.51308798789978
8.513170599937439
8.513227581977844
8.513274550437927
8.513320565223694
8.51336658000946
8.513409495353699
8.372102856636047
8.372156977653503
8.372207403182983
8.372257471084595
8.372303009033203
8.372348427772522
8.372394442558289
8.372438907623291
8.233937978744507
8.233990907669067
8.23404347896576
8.234092473983765
8.234137535095215
8.234183430671692
8.2342289686203
8.234272003173828
8.195579051971436
8.195636868476868
8.19568943977356
8.195741534233093
8.195788979530334
8.195837497711182
8.195885419845581
8.195932507514954
8.331909537315369
8.331966996192932
8.332021594047546
8.332074046134949
8.332123041152954
8.33217704296112
8.332226634025574
8.332274079322815
8.589755058288574
8.589815497398376
8.58987295627594
8.589927554130554
8.589977622032166
8.590028047561646
8.59008002281189
8.590128540992737
8.465678453445435
8.465736508369446
8.465792059898376
8.465845465660095
8.465894937515259
8.46594500541687
8.465994477272034
8.46604299545288
9.011064529418945
9.011142134666443
9.011194944381714
9.011250138282776
9.011299014091492
9.011348605155945
9.011397004127502
9.011444568634033
8.871437072753906
8.871493458747864
8.871541976928711
8.871593475341797
8.871639013290405
8.871685028076172
8.87173306941986
8.871778011322021
9.408419966697693
9.408472418785095
9.408520460128784
9.408569931983948
9.408615469932556
9.408661484718323
9.408707976341248
9.408751845359802
9.304255604743958
9.304307103157043
9.30435311794281
9.30440366268158
9.304449081420898
9.304494500160217
9.304540038108826
9.304583549499512
9.443341970443726
9.443400382995605
9.44344687461853
9.443496346473694
9.443540453910828
9.44358491897583
9.443630456924438
9.44367241859436
9.419799327850342
9.41985034942627
9.419894933700562
9.419943809509277
9.419986963272095
9.420030951499939
9.420075416564941
9.420116424560547
9.382336020469666
9.382386565208435
9.382431507110596
9.382478952407837
9.382521390914917
9.382564902305603
9.382608532905579
9.382655024528503
9.484159350395203
9.484217882156372
9.484267830848694
9.484321475028992
9.484369397163391
9.484417915344238
9.484521389007568
9.48457396030426
9.420378923416138
9.420434951782227
9.420483946800232
9.420535922050476
9.420599937438965
9.420669913291931
9.420745372772217
9.420814871788025
9.366348624229431
9.36640202999115
9.366461992263794
9.366528034210205
9.366576552391052
9.366623520851135
9.36667001247406
9.366714000701904
9.299362421035767
9.299430966377258
9.299482941627502
9.299538969993591
9.299608945846558
9.299662351608276
9.299715518951416
9.299762487411499
9.217133641242981
9.217187643051147
9.217235565185547
9.217287063598633
9.217333555221558
9.217381119728088
9.21742856502533
9.21747350692749
9.169960021972656
9.170013546943665
9.170061469078064
9.17011308670044
9.170158982276917
9.170207500457764
9.170255541801453
9.170300483703613
9.072645545005798
9.072697520256042
9.072744965553284
9.072795987129211
9.072842001914978
9.072888493537903
9.072935104370117
9.072979092597961
9.170557498931885
9.170610189437866
9.170656561851501
9.170707106590271
9.170752048492432
9.17079758644104
9.170843482017517
9.170886635780334
9.094289422035217
9.094347476959229
9.094398975372314
9.09445345401764
9.094501972198486
9.094550490379333
9.094600915908813
9.094651460647583
9.098804950714111
9.0988609790802
9.098910927772522
9.098964929580688
9.09901237487793
9.099061012268066
9.099109411239624
9.09915840625763
9.614903569221497
9.614957571029663
9.61500608921051
9.615058541297913
9.615105509757996
9.615153551101685
9.615201115608215
9.615247011184692
9.395707488059998
9.395760536193848
9.395807027816772
9.395856976509094
9.395901560783386
9.395946979522705
9.395992994308472
9.396036028862
9.539031863212585
9.539083480834961
9.53913140296936
9.53918182849884
9.539227366447449
9.539273381233215
9.53931987285614
9.539362907409668
9.282920598983765
9.28297758102417
9.28302800655365
9.2830810546875
9.283128499984741
9.283177971839905
9.283226490020752
9.283273100852966
9.31898057460785
9.319035053253174
9.319083452224731
9.319135546684265
9.319182991981506
9.319231033325195
9.3192800283432
9.319326043128967
9.055026531219482
9.055082082748413
9.055130004882812
9.055181503295898
9.055227994918823
9.055274963378906
9.055323958396912
9.05536937713623
9.104421496391296
9.104477047920227
9.104525446891785
9.104577541351318
9.10462510585785
9.10467255115509
9.104720950126648
9.104766607284546
9.610891938209534
9.610951542854309
9.611002445220947
9.611060500144958
9.611109495162964
9.611160516738892
9.61121141910553
9.61125898361206
9.378856539726257
9.378913044929504
9.378962993621826
9.37918508052826
9.379239559173584
9.37929105758667
9.379342079162598
9.37938904762268
9.199633479118347
9.199689030647278
9.199738502502441
9.199792504310608
9.199841618537903
9.19989001750946
9.19994056224823
9.199987053871155
9.100868463516235
9.100932002067566
9.100979447364807
9.101029515266418
9.101076006889343
9.10112202167511
9.101167917251587
9.10121202468872
9.009008526802063
9.009062051773071
9.009109020233154
9.00916051864624
9.009206056594849
9.009252071380615
9.009299993515015
9.009344577789307
9.30852460861206
9.308576583862305
9.308622598648071
9.308672070503235
9.308716535568237
9.308762073516846
9.308807134628296
9.308849096298218
9.177658557891846
9.177716493606567
9.177768111228943
9.177823066711426
9.177871584892273
9.177921056747437
9.177970170974731
9.178017497062683
9.073186993598938
9.07324206829071
9.073291063308716
9.07334303855896
9.07339060306549
9.073439478874207
9.073490500450134
9.0735365152359
9.071386694908142
9.071439623832703
9.071486115455627
9.07153606414795
9.07158100605011
9.071627616882324
9.071674108505249
9.071717143058777
9.26991355419159
9.269971132278442
9.270025610923767
9.27008056640625
9.270130038261414
9.27017855644226
9.270236134529114
9.270284056663513
9.36498248577118
9.36503803730011
9.36508846282959
9.365141868591309
9.365189909934998
9.36523950099945
9.365288972854614
9.365335464477539
9.196451544761658
9.196523547172546
9.196576595306396
9.196632981300354
9.196680545806885
9.196728587150574
9.196778059005737
9.196823477745056
9.338011026382446
9.338064074516296
9.338110446929932
9.338162422180176
9.338208079338074
9.338253498077393
9.338300108909607
9.338343501091003
9.32072389125824
9.32077693939209
9.320823431015015
9.320874452590942
9.320919513702393
9.320964455604553
9.321010828018188
9.321053981781006
9.21678900718689
9.216848015785217
9.216893553733826
9.21694302558899
9.216987609863281
9.217031598091125
9.217076063156128
9.217118620872498
9.075257539749146
9.075330376625061
9.075406432151794
9.075529932975769
9.07575249671936
9.075861930847168
9.075989961624146
9.076045513153076
9.4827219247818
9.482804536819458
9.482898950576782
9.482991456985474
9.483080506324768
9.48314344882965
9.483237028121948
9.483332514762878
9.44576609134674
9.44583809375763
9.445899605751038
9.445957064628601
9.446006059646606
9.44605553150177
9.446104526519775
9.446152567863464
9.787663459777832
9.787717938423157
9.787770509719849
9.787822961807251
9.78786849975586
9.787915468215942
9.787963032722473
9.788007497787476
9.715595960617065
9.715649366378784
9.715696454048157
9.715746402740479
9.715791463851929
9.715837478637695
9.71588397026062
9.715951442718506
9.552332878112793
9.552385449409485
9.5524320602417
9.552483439445496
9.552528023719788
9.552573442459106
9.552619934082031
9.552663445472717
9.447270512580872
9.447320938110352
9.447366952896118
9.447415947914124
9.447459936141968
9.447503924369812
9.447548985481262
9.447590947151184
9.311545491218567
9.311597466468811
9.311642527580261
9.31169056892395
9.311734080314636
9.311778545379639
9.3118234872818
9.311866044998169
9.188660144805908
9.188716053962708
9.188764572143555
9.188816547393799
9.188863158226013
9.188910603523254
9.188958644866943
9.189004063606262
9.657889485359192
9.657949447631836
9.657999038696289
9.658052921295166
9.658099889755249
9.658149003982544
9.658197522163391
9.658243417739868
9.502315521240234
9.502371907234192
9.502421975135803
9.502475500106812
9.502523422241211
9.502571940422058
9.502621531486511
9.502667903900146
9.798666954040527
9.798721551895142
9.798769116401672
9.798818588256836
9.798864006996155
9.798911452293396
9.798957467079163
9.799001097679138
9.657328963279724
9.657386541366577
9.657435536384583
9.657489538192749
9.65753698348999
9.657583475112915
9.657630443572998
9.65767502784729
9.575095534324646
9.575151920318604
9.575201511383057
9.57525646686554
9.575304985046387
9.575353503227234
9.575404047966003
9.575450897216797
9.444766521453857
9.444820880889893
9.444869995117188
9.444921970367432
9.444969058036804
9.445017457008362
9.445067524909973
9.44511353969574
9.585284948348999
9.58534049987793
9.585388541221619
9.585439562797546
9.585484981536865
9.58553159236908
9.58557903766632
9.585623502731323
9.803487539291382
9.803540587425232
9.803588032722473
9.803637504577637
9.803683042526245
9.803728580474854
9.80377447605133
9.803818583488464
9.709904074668884
9.709962010383606
9.71001148223877
9.710063934326172
9.710111021995544
9.710160493850708
9.710209965705872
9.710257053375244
9.572700142860413
9.57275664806366
9.572805047035217
9.57286012172699
9.572907090187073
9.572956562042236
9.573006510734558
9.573052644729614
9.723820447921753
9.723876953125
9.723925948143005
9.72397792339325
9.724024891853333
9.724074006080627
9.724122524261475
9.724167943000793
9.600367546081543
9.600419998168945
9.600467443466187
9.60051953792572
9.600565433502197
9.60061240196228
9.60066044330597
9.600735902786255
9.842451453208923
9.842506527900696
9.842553973197937
9.842605590820312
9.842652440071106
9.842700481414795
9.842748403549194
9.842796444892883
9.705001950263977
9.705056071281433
9.705103635787964
9.705153942108154
9.705199003219604
9.705245971679688
9.705292105674744
9.705335974693298
9.578411936759949
9.57846486568451
9.578510880470276
9.578560948371887
9.57860541343689
9.578652381896973
9.57869803905487
9.578741908073425
10.122460007667542
10.122556924819946
10.122609496116638
10.122689008712769
10.122740983963013
10.12282407283783
10.122909426689148
10.122965455055237
10.640822529792786
10.640912532806396
10.641018986701965
10.641081094741821
10.64114797115326
10.641196489334106
10.641246557235718
10.641311526298523
10.615623474121094
10.615687489509583
10.615772485733032
10.615844011306763
10.61593246459961
10.616025447845459
10.616121530532837
10.616312503814697
10.709448456764221
10.709555983543396
10.709656000137329
10.709717512130737
10.709805011749268
10.709890007972717
10.709989070892334
10.710041522979736
10.696264028549194
10.696322441101074
10.696373581886292
10.696429014205933
10.696478486061096
10.696529030799866
10.696580529212952
10.696627974510193
10.746404528617859
10.746459007263184
10.746507406234741
10.746560454368591
10.746607422828674
10.746655464172363
10.746703505516052
10.746748924255371
10.711379528045654
10.711430430412292
10.7114759683609
10.711527466773987
10.711572527885437
10.711617946624756
10.71166443824768
10.711712002754211
10.577662587165833
10.577714562416077
10.577760100364685
10.577813506126404
10.577859044075012
10.57790458202362
10.577951550483704
10.578005194664001
10.553659915924072
10.553712368011475
10.553758382797241
10.553809881210327
10.553855419158936
10.553901433944702
10.553947925567627
10.553991913795471
10.499932527542114
10.499984502792358
10.500030517578125
10.500081539154053
10.50012755393982
10.500173926353455
10.50022006034851
10.50026249885559
10.512710332870483
10.512762904167175
10.5128093957901
10.512859463691711
10.512904405593872
10.51294994354248
10.512995958328247
10.513038992881775
10.381417036056519
10.381473422050476
10.38152301311493
10.38157606124878
10.381626009941101
10.381675004959106
10.381723999977112
10.381770014762878
10.365540623664856
10.36562705039978
10.365679621696472
10.365737557411194
10.365815997123718
10.36587107181549
10.36592149734497
10.365969061851501
10.702376961708069
10.702435970306396
10.702519536018372
10.7025785446167
10.702627062797546
10.702703595161438
10.702758073806763
10.702805519104004
10.676416039466858
10.676468968391418
10.67651653289795
10.676567912101746
10.676617980003357
10.67666506767273
10.676712989807129
10.676757454872131
10.581721425056458
10.581779956817627
10.581830501556396
10.581884980201721
10.581933498382568
10.581992983818054
10.582048416137695
10.582095503807068
10.480393886566162
10.480449438095093
10.480498909950256
10.480553984642029
10.480601906776428
10.480651497840881
10.48070204257965
10.480748414993286
10.803811430931091
10.803865432739258
10.803913950920105
10.80396556854248
10.804011940956116
10.804060101509094
10.804107546806335
10.804152488708496
10.773394584655762
10.773445963859558
10.773491978645325
10.77357292175293
10.773622512817383
10.773669600486755
10.773717522621155
10.773764967918396
10.552796006202698
10.552846550941467
10.552892446517944
10.552942514419556
10.552986979484558
10.553032517433167
10.553078055381775
10.553121089935303
10.666520118713379
10.666572093963623
10.66661810874939
10.66666865348816
10.666714191436768
10.666761040687561
10.666808128356934
10.666866064071655
10.492133021354675
10.49218463897705
10.492231130599976
10.492284059524536
10.492330074310303
10.49237596988678
10.492421984672546
10.492466568946838
10.273007035255432
10.273061990737915
10.27310848236084
10.273159623146057
10.273205041885376
10.273253083229065
10.27329957485199
10.273344039916992
10.554381489753723
10.554433465003967
10.554479479789734
10.554530501365662
10.554575443267822
10.554621934890747
10.554668426513672
10.554712414741516
10.31466805934906
10.314730048179626
10.314781069755554
10.314841032028198
10.31489098072052
10.314939498901367
10.314988613128662
10.31503450870514
10.338325500488281
10.33838152885437
10.338438034057617
10.338514924049377
10.338564991950989
10.33861494064331
10.33868944644928
10.350748062133789
10.261775374412537
10.261835932731628
10.26188838481903
10.261946439743042
10.26199746131897
10.262049436569214
10.262101411819458
10.262150883674622
10.75568151473999
10.755735993385315
10.755810976028442
10.755872011184692
10.755921959877014
10.75597357749939
10.756024479866028
10.756072044372559
10.67866039276123
10.678712964057922
10.678760409355164
10.678812503814697
10.678858399391174
10.678905010223389
10.67895245552063
10.67899751663208
10.357223629951477
10.357276558876038
10.35732352733612
10.35737407207489
10.35741901397705
10.357466101646423
10.3575119972229
10.357556104660034
10.180885076522827
10.18093752861023
10.180983066558838
10.181033492088318
10.181078553199768
10.181124567985535
10.181171417236328
10.181215047836304
10.405116558074951
10.405167579650879
10.405213475227356
10.405263543128967
10.405308961868286
10.405355095863342
10.4054034948349
10.405447006225586
10.329835653305054
10.329887628555298
10.329934000968933
10.32998502254486
10.330030083656311
10.330076098442078
10.330122113227844
10.33016562461853
10.583955526351929
10.584007024765015
10.58405351638794
10.584104061126709
10.584149479866028
10.584200024604797
10.58424699306488
10.584291458129883
10.702856540679932
10.702911019325256
10.702958464622498
10.703009963035583
10.70305597782135
10.703104019165039
10.70315146446228
10.703196406364441
10.570371866226196
10.570429563522339
10.570480465888977
10.570536017417908
10.570585012435913
10.570634007453918
10.570683002471924
10.570729970932007
10.478350043296814
10.478405594825745
10.478454947471619
10.478508472442627
10.478556513786316
10.478604912757874
10.478654026985168
10.478700518608093
10.543603420257568
10.54366147518158
10.543710947036743
10.543765544891357
10.543827056884766
10.543878436088562
10.543946504592896
10.544028520584106
10.3854660987854
10.385519027709961
10.385566592216492
10.385618567466736
10.385734558105469
10.385789036750793
10.385838508605957
10.385885000228882
10.239597082138062
10.239653944969177
10.239703059196472
10.239757061004639
10.239832997322083
10.239890575408936
10.239941477775574
10.239989042282104
11.11191439628601
11.11197805404663
11.112028956413269
11.112083554267883
11.11213207244873
11.112180471420288
11.112228870391846
11.112275004386902
10.645671963691711
10.645726561546326
10.645774602890015
10.645828008651733
10.645874977111816
10.645947575569153
10.646000027656555
10.64604902267456
10.6517995595932
10.651853442192078
10.651901006698608
10.65195345878601
10.652000546455383
10.652047514915466
10.652095556259155
10.652143955230713
10.614440083503723
10.614493489265442
10.614540934562683
10.614594459533691
10.614642024040222
10.614722490310669
10.614776015281677
10.614823460578918
10.472915053367615
10.472970008850098
10.473019480705261
10.473074078559875
10.473122000694275
10.47317111492157
10.473222136497498
10.473284602165222
10.489051938056946
10.489195466041565
10.48942744731903
10.489490032196045
10.489541053771973
10.489590525627136
10.489640951156616
10.489688515663147
10.658167481422424
10.658226370811462
10.658275485038757
10.658356070518494
10.658406496047974
10.658456921577454
10.658506512641907
10.658551931381226
10.505278944969177
10.505347967147827
10.505401492118835
10.505457520484924
10.505504488945007
10.505578517913818
10.505630493164062
10.505677938461304
10.757126092910767
10.757205963134766
10.757256984710693
10.75731098651886
10.757633447647095
10.757902026176453
10.75802195072174
10.758102536201477
10.575146198272705
10.575198531150818
10.575246095657349
10.575298190116882
10.57534408569336
10.575391173362732
10.575453639030457
10.575505137443542
10.912571549415588
10.912623524665833
10.912670016288757
10.912721991539001
10.912768483161926
10.912814617156982
10.912860989570618
10.912904977798462
10.83292043209076
10.83297348022461
10.833021402359009
10.833075046539307
10.833120584487915
10.833166480064392
10.833213090896606
10.833260893821716
10.728386044502258
10.728453993797302
10.728507995605469
10.728566527366638
10.728618502616882
10.728670120239258
10.72872245311737
10.728771567344666
10.949709057807922
10.949774503707886
10.949824571609497
10.94987952709198
10.949927568435669
10.949977040290833
10.950026035308838
10.950072526931763
10.852414846420288
10.852524876594543
10.852574944496155
10.85266888141632
10.852762818336487
10.852816343307495
10.852884411811829
10.852949976921082
10.724400401115417
10.724459528923035
10.724509954452515
10.724564552307129
10.724613547325134
10.724661469459534
10.724711418151855
10.724757552146912
10.861754536628723
10.861807942390442
10.861856460571289
10.861908555030823
10.861956000328064
10.862003564834595
10.862051486968994
10.862096428871155
10.724296569824219
10.724351644515991
10.724425554275513
10.72448456287384
10.724532127380371
10.724580645561218
10.724644541740417
10.724700450897217
10.885462045669556
10.885526061058044
10.885575532913208
10.885631084442139
10.88567852973938
10.885725140571594
10.885773062705994
10.885818004608154
11.074400544166565
11.07446300983429
11.074534058570862
11.074604511260986
11.074653506278992
11.074702620506287
11.074751019477844
11.074797987937927
10.965936541557312
10.96599006652832
10.96603798866272
10.966091990470886
10.966160535812378
10.966215014457703
10.966267466545105
10.966317534446716
10.831135511398315
10.831189513206482
10.831236004829407
10.831291556358337
10.83133852481842
10.831386089324951
10.831433534622192
10.831478118896484
10.698404431343079
10.698461890220642
10.698520541191101
10.698574900627136
10.698670506477356
10.698729038238525
10.698804020881653
10.698854923248291
11.8646240234375
11.864683032035828
11.864735960960388
11.864786028862
11.864835977554321
11.864890575408936
11.864943623542786
11.864992499351501
11.834241509437561
11.83430004119873
11.834350943565369
11.83440101146698
11.834449529647827
11.834502458572388
11.834554433822632
11.83461046218872
11.785681366920471
11.785735845565796
11.785784840583801
11.785832405090332
11.785878896713257
11.785929441452026
11.785979986190796
11.786026954650879
11.822160482406616
11.822213888168335
11.822261452674866
11.822307467460632
11.82235300540924
11.82240092754364
11.822450876235962
11.822497487068176
11.808834433555603
11.808888912200928
11.808936953544617
11.808982968330383
11.809028506278992
11.809078931808472
11.809127449989319
11.809171915054321
11.84036648273468
11.840421557426453
11.840469479560852
11.840515494346619
11.840560555458069
11.840608954429626
11.840657949447632
11.84070348739624
11.785073518753052
11.785125613212585
11.785173058509827
11.785218000411987
11.78531002998352
11.78536343574524
11.78542709350586
11.785473585128784
11.665193438529968
11.665249347686768
11.665297865867615
11.665343880653381
11.665390968322754
11.66544234752655
11.665491819381714
11.66553795337677
11.727896451950073
11.727952480316162
11.72800350189209
11.728052973747253
11.728100419044495
11.728151559829712
11.72820258140564
11.728250980377197
11.697932958602905
11.697992444038391
11.6980459690094
11.698095917701721
11.698145508766174
11.698198437690735
11.698252439498901
11.698302507400513
11.612322449684143
11.612495422363281
11.612550497055054
11.612599968910217
11.612647891044617
11.612700939178467
11.612752437591553
11.612800478935242
11.615766048431396
11.615820050239563
11.61586844921112
11.615915417671204
11.615960478782654
11.61600947380066
11.616058468818665
11.616104483604431
11.82817006111145
11.82822561264038
11.828275084495544
11.82832157611847
11.828367590904236
11.828417181968689
11.828467607498169
11.828514099121094
11.963258385658264
11.963313460350037
11.963361859321594
11.963410377502441
11.963455438613892
11.963505387306213
11.963555335998535
11.96360194683075
11.839596509933472
11.839648008346558
11.839695930480957
11.839741945266724
11.839787006378174
11.83983600139618
11.839886546134949
11.839932084083557
12.041841506958008
12.04189658164978
12.041946053504944
12.041993021965027
12.042038083076477
12.042086124420166
12.042134642601013
12.042183637619019
11.831826567649841
11.831881403923035
11.831930041313171
11.83197796344757
11.83202350139618
11.832073092460632
11.832121968269348
11.832167983055115
11.545976996421814
11.546037077903748
11.54608952999115
11.54614007472992
11.546193480491638
11.546247124671936
11.546301007270813
11.546350955963135
11.614699006080627
11.614758491516113
11.614810943603516
11.61486554145813
11.61491596698761
11.614971399307251
11.615025877952576
11.615075945854187
11.459357023239136
11.45943558216095
11.459501028060913
11.459571123123169
11.45963454246521
11.459691643714905
11.45974612236023
11.459796071052551
11.877691984176636
11.877745509147644
11.877794027328491
11.877864480018616
11.877923488616943
11.877975463867188
11.87802791595459
11.878075003623962
11.681031584739685
11.681087970733643
11.681137084960938
11.681184530258179
11.681229948997498
11.681291460990906
11.681353449821472
11.681402444839478
11.995210528373718
11.995267510414124
11.995316982269287
11.995364546775818
11.995409965515137
11.9954594373703
11.99551010131836
11.995556473731995
11.85924744606018
11.859300971031189
11.859349012374878
11.859395027160645
11.859440565109253
11.859488487243652
11.859537959098816
11.859583497047424
11.704927444458008
11.70498239994049
11.705031037330627
11.705077052116394
11.705121994018555
11.705169916152954
11.705218434333801
11.705263495445251
11.612239599227905
11.612311482429504
11.612361550331116
11.612460613250732
11.612509965896606
11.612560987472534
11.612610936164856
11.612656950950623
11.979900479316711
11.979961395263672
11.98001503944397
11.98006546497345
11.980114936828613
11.980167388916016
11.980220913887024
11.980270028114319
11.895689487457275
11.895745515823364
11.895795941352844
11.895844578742981
11.895891547203064
11.895943522453308
11.895994424819946
11.896041989326477
11.578459978103638
11.57854151725769
11.578594446182251
11.578678488731384
11.578729510307312
11.57882046699524
11.578877568244934
11.578926920890808
11.690480470657349
11.690534472465515
11.690587520599365
11.690634965896606
11.690680980682373
11.690729975700378
11.69078242778778
11.690829515457153
11.69335949420929
11.69341242313385
11.69345998764038
11.693506956100464
11.693552494049072
11.693601489067078
11.693653464317322
11.693699955940247
12.252289891242981
12.25234591960907
12.252395510673523
12.252442002296448
12.252487540245056
12.252536535263062
12.252586007118225
12.25263249874115
11.630728960037231
11.630786538124084
11.630836009979248
11.630882978439331
11.630928993225098
11.630977988243103
11.63104510307312
11.631091475486755
11.5684095621109
11.568465948104858
11.568515539169312
11.568562030792236
11.568608522415161
11.568657040596008
11.568706512451172
11.568753600120544
11.443225026130676
11.443278551101685
11.443326950073242
11.443373441696167
11.443418979644775
11.44346797466278
11.443516969680786
11.443562984466553
11.643347978591919
11.64340353012085
11.643453001976013
11.643499493598938
11.643545985221863
11.64359450340271
11.643643498420715
11.643690466880798
11.927855491638184
11.927917957305908
11.927971005439758
11.928020000457764
11.92806851863861
11.928119421005249
11.928171515464783
11.92822003364563
11.443771481513977
11.443830370903015
11.443882465362549
11.443931460380554
11.443979382514954
11.444031476974487
11.44408392906189
11.444131970405579
11.880053043365479
11.88010847568512
11.880160570144653
11.880208492279053
11.880276560783386
11.880343556404114
11.880398631095886
11.88044798374176
12.122658967971802
12.122715473175049
12.122764468193054
12.122812032699585
12.122860431671143
12.122908473014832
12.122958898544312
12.123005032539368
12.08253300189972
12.082590937614441
12.082642078399658
12.082693934440613
12.082741498947144
12.082791447639465
12.082844018936157
12.082921504974365
11.999050974845886
11.999106049537659
11.99915599822998
11.999204516410828
11.999252080917358
11.999302983283997
11.999354004859924
11.999401569366455
12.177094459533691
12.177150964736938
12.17720103263855
12.177248477935791
12.177295088768005
12.177343964576721
12.177396416664124
12.177444458007812
11.785537958145142
11.785593509674072
11.785642862319946
11.785690069198608
11.785735487937927
11.785783886909485
11.78583288192749
11.785878419876099
12.031062364578247
12.031118392944336
12.031167984008789
12.031215906143188
12.031261444091797
12.031310439109802
12.03136146068573
12.031407475471497
12.079554557800293
12.07961356639862
12.07966411113739
12.079713582992554
12.079761028289795
12.079812049865723
12.079864025115967
12.079912066459656
11.87251102924347
11.87256944179535
11.872621536254883
11.872671484947205
11.872719526290894
11.872770547866821
11.872823476791382
11.872871994972229
11.719112038612366
11.719166994094849
11.719216465950012
11.719272017478943
11.719318985939026
11.71936810016632
11.719418048858643
11.719464540481567
11.953022480010986
11.953076958656311
11.953125
11.953171014785767
11.953215956687927
11.953266024589539
11.953315496444702
11.953360915184021
11.785922050476074
11.785979986190796
11.786029577255249
11.786077499389648
11.786123991012573
11.78617250919342
11.786223530769348
11.786273956298828
12.119073033332825
12.11913001537323
12.11918044090271
12.11922800540924
12.119284987449646
12.119356989860535
12.11941397190094
12.119462966918945
12.017749547958374
12.017804503440857
12.017853498458862
12.017909526824951
12.017972588539124
12.018027067184448
12.018080472946167
12.018166065216064
11.87137258052826
11.871446132659912
11.871498584747314
11.871548056602478
11.871595621109009
11.871644973754883
11.871697068214417
11.87177062034607
12.147249460220337
12.14730441570282
12.147354006767273
12.147401452064514
12.147482991218567
12.147540092468262
12.147594571113586
12.14764404296875
12.037773966789246
12.037842512130737
12.037896037101746
12.037945985794067
12.037999987602234
12.038080930709839
12.038151979446411
12.03820550441742
12.225480079650879
12.225539565086365
12.225592494010925
12.225661993026733
12.225723505020142
12.225777506828308
12.225834608078003
12.225885033607483
12.132987380027771
12.13304603099823
12.133106470108032
12.13315498828888
12.133201956748962
12.133252024650574
12.133306503295898
12.133354425430298
11.999586939811707
11.999643445014954
11.999692916870117
11.99979293346405
11.999847412109375
11.999898910522461
11.999955415725708
12.000003457069397
12.16309142112732
12.163148403167725
12.163198471069336
12.163288950920105
12.163424491882324
12.163480997085571
12.163537979125977
12.163609862327576
12.012414574623108
12.012475609779358
12.012531638145447
12.012580513954163
12.012627482414246
12.012678503990173
12.012730598449707
12.012778043746948
12.191151976585388
12.191207885742188
12.191306471824646
12.191369414329529
12.191420435905457
12.191470384597778
12.191524386405945
12.191572427749634
12.054087519645691
12.054141402244568
12.054190039634705
12.05423653125763
12.054282903671265
12.05433189868927
12.054383039474487
12.05443000793457
12.52523946762085
12.525296092033386
12.525346040725708
12.525394558906555
12.52544105052948
12.525490522384644
12.525537967681885
12.525583982467651
13.034155011177063
13.034212589263916
13.034263610839844
13.034314036369324
13.034362077713013
13.03441059589386
13.03445816040039
13.03450608253479
13.094542503356934
13.094604969024658
13.094658017158508
13.094708442687988
13.094757437705994
13.094807386398315
13.094857454299927
13.094905972480774
13.015888452529907
13.015944957733154
13.01599645614624
13.016046404838562
13.01609492301941
13.016142964363098
13.016191959381104
13.016239523887634
13.080677032470703
13.080735087394714
13.080785989761353
13.0808345079422
13.0808824300766
13.08092999458313
13.080977439880371
13.081024408340454
13.089437484741211
13.089495062828064
13.08954644203186
13.08959698677063
13.08964490890503
13.08969247341156
13.089740872383118
13.089788436889648
13.108450531959534
13.108509540557861
13.108561038970947
13.108610987663269
13.108660578727722
13.108708500862122
13.108756065368652
13.108807921409607
12.94745409488678
12.947524547576904
12.94757854938507
12.947627663612366
12.947675585746765
12.947722673416138
12.947770118713379
12.947817087173462
13.021139025688171
13.02119505405426
13.021245121955872
13.021293044090271
13.021340489387512
13.021387100219727
13.021433591842651
13.021480560302734
12.963595986366272
12.96365201473236
12.96370244026184
12.96375048160553
12.963796973228455
12.963844418525696
12.963890433311462
12.963937044143677
12.842923998832703
12.842980027198792
12.843030452728271
12.843079090118408
12.84312653541565
12.84317398071289
12.843227982521057
12.84327507019043
12.816760897636414
12.816817879676819
12.816868901252747
12.816916942596436
12.81696343421936
12.817010402679443
12.817056894302368
12.817102909088135
12.817534446716309
12.817590475082397
12.817640542984009
12.817689538002014
12.817736506462097
12.81778347492218
12.817829966545105
12.817876935005188
13.036767601966858
13.036824584007263
13.036875128746033
13.03692364692688
13.036970615386963
13.037017107009888
13.037063598632812
13.037110090255737
12.987094044685364
12.987151503562927
12.987202525138855
12.987251043319702
12.987300038337708
12.98734700679779
12.987393498420715
12.98743999004364
13.146677613258362
13.146737098693848
13.14678966999054
13.146839141845703
13.1468905210495
13.146939516067505
13.146988153457642
13.147037148475647
12.93016791343689
12.930227994918823
12.930279970169067
12.930329442024231
12.930377960205078
12.930426001548767
12.930474400520325
12.930522441864014
12.811150074005127
12.811210036277771
12.811262488365173
12.811313033103943
12.811363101005554
12.811413049697876
12.811461567878723
12.811509609222412
12.864180564880371
12.864238500595093
12.86428952217102
12.864338040351868
12.864385962486267
12.864433526992798
12.864481449127197
12.864529490470886
12.728572487831116
12.728633522987366
12.728684544563293
12.728732466697693
12.72878098487854
12.728828430175781
12.728874444961548
12.72892153263092
13.121606469154358
13.121679067611694
13.12174654006958
13.121798038482666
13.121847033500671
13.121894001960754
13.121940970420837
13.121987581253052
13.498264074325562
13.498322010040283
13.498372554779053
13.498420119285583
13.498466610908508
13.498513102531433
13.498559594154358
13.498629093170166
13.137343406677246
13.137400507926941
13.137450337409973
13.13749897480011
13.137545943260193
13.137592434883118
13.137638926506042
13.137684941291809
12.757905960083008
12.757970929145813
12.758022427558899
12.758097529411316
12.758148908615112
12.758196949958801
12.758244395256042
12.758291482925415
12.91330099105835
12.913356065750122
12.913405537605286
12.913453459739685
12.913500547409058
12.91354751586914
12.913613080978394
12.913680076599121
12.971410512924194
12.971465468406677
12.971515536308289
12.971563458442688
12.971610426902771
12.971656918525696
12.97170341014862
12.971749544143677
13.190471410751343
13.19053030014038
13.190581917762756
13.190631866455078
13.190679430961609
13.19072687625885
13.190773844718933
13.190820455551147
12.812682390213013
12.812737941741943
12.812787890434265
12.812835454940796
12.812883019447327
12.812929511070251
12.812976360321045
12.81302285194397
12.9842129945755
12.984271049499512
12.984321594238281
12.98436951637268
12.984440565109253
12.984490990638733
12.984554052352905
12.984621047973633
12.727644562721252
12.727697968482971
12.727760076522827
12.727808475494385
12.7278550863266
12.727901577949524
12.72794759273529
12.727994084358215
12.702552556991577
12.702611565589905
12.702675461769104
12.702733993530273
12.702784538269043
12.702880501747131
12.702933549880981
12.702985882759094
13.275604486465454
13.275664567947388
13.275717496871948
13.275767087936401
13.275815963745117
13.275864005088806
13.275912523269653
13.275959968566895
13.038050055503845
13.038110136985779
13.038161039352417
13.038210034370422
13.038258075714111
13.038305044174194
13.038357019424438
13.038406014442444
12.835700035095215
12.835754990577698
12.83580994606018
12.83585798740387
12.835904955863953
12.835951447486877
12.835997939109802
12.836043953895569
12.77480435371399
12.774860382080078
12.774909496307373
12.774957418441772
12.775003910064697
12.775051474571228
12.775097489356995
12.775143384933472
12.952880024909973
12.952937364578247
12.952987909317017
12.953036546707153
12.953083992004395
12.95313048362732
12.953179478645325
12.95322597026825
12.829452157020569
12.829510569572449
12.829561471939087
12.829609513282776
12.829661130905151
12.829708099365234
12.829755544662476
12.82980215549469
12.71449589729309
12.714556455612183
12.714607954025269
12.714656949043274
12.714704990386963
12.714752435684204
12.714799404144287
12.714846968650818
12.785295963287354
12.785351991653442
12.785402417182922
12.785451412200928
12.785498976707458
12.785546898841858
12.785593867301941
12.785640358924866
13.154363989830017
13.154420495033264
13.154471516609192
13.154537558555603
13.154597043991089
13.1546471118927
13.1546950340271
13.154743552207947
13.13888955116272
13.138945460319519
13.13899552822113
13.139063596725464
13.139148473739624
13.139199495315552
13.139248609542847
13.139295935630798
13.196859002113342
13.196925044059753
13.196977972984314
13.197028517723083
13.19707703590393
13.197124481201172
13.197171449661255
13.197219014167786
13.291865944862366
13.291922926902771
13.291974067687988
13.292023539543152
13.29207193851471
13.292120456695557
13.29216742515564
13.292216539382935
13.130352973937988
13.130411028862
13.130463480949402
13.130512952804565
13.13056206703186
13.130613446235657
13.130661487579346
13.130709409713745
13.0631844997406
13.063243508338928
13.063294887542725
13.06334400177002
13.063391923904419
13.06343948841095
13.063486933708191
13.063535451889038
12.945611476898193
12.945666551589966
12.945716500282288
12.945765137672424
12.945812582969666
12.945860028266907
12.945907592773438
12.94595456123352
12.916017532348633
12.916073560714722
12.916123509407043
12.916171908378601
12.916218996047974
12.916266083717346
12.91631305217743
12.916359066963196
12.842487931251526
12.842543840408325
12.842593908309937
12.842643022537231
12.842690467834473
12.842742443084717
12.8427894115448
12.842836380004883
13.252042412757874
13.25212299823761
13.252179980278015
13.252231001853943
13.252279996871948
13.252331972122192
13.252380013465881
13.252427577972412
13.14952802658081
13.149584174156189
13.14963412284851
13.149682521820068
13.149730682373047
13.149778127670288
13.149825096130371
13.149871587753296
13.013989925384521
13.014048457145691
13.01410186290741
13.014151453971863
13.014200448989868
13.014248490333557
13.014295935630798
13.01434338092804
12.865155458450317
12.86522901058197
12.865297436714172
12.865350365638733
12.865400910377502
12.865492939949036
12.865545392036438
12.865594983100891
12.908036470413208
12.908095479011536
12.908147931098938
12.908197522163391
12.908246517181396
12.90844202041626
12.908493995666504
12.908543467521667
13.244683384895325
13.244743466377258
13.24479591846466
13.244845509529114
13.244893550872803
13.24494194984436
13.244990468025208
13.245038032531738
13.49268913269043
13.492751121520996
13.49282956123352
13.492883086204529
13.49293315410614
13.492985010147095
13.493033528327942
13.493084073066711
13.38395869731903
13.384017586708069
13.384084105491638
13.384147644042969
13.384200096130371
13.384249687194824
13.384298086166382
13.38434612751007
13.28585398197174
13.285910964012146
13.285961985588074
13.286011934280396
13.286060452461243
13.2861088514328
13.286157369613647
13.286205887794495
13.151233911514282
13.1513090133667
13.151364922523499
13.151415467262268
13.151464462280273
13.151512861251831
13.151560425758362
13.151631951332092
12.997317433357239
12.997374057769775
12.99742603302002
12.997474431991577
12.997521996498108
12.997569918632507
12.997617483139038
12.99771249294281
13.50428593158722
13.504344940185547
13.504396319389343
13.504470467567444
13.504522442817688
13.504589915275574
13.504645466804504
13.504694938659668
13.395993947982788
13.396097898483276
13.396154403686523
13.396233439445496
13.396285891532898
13.396334409713745
13.396382451057434
13.396451354026794
13.287663459777832
13.287719488143921
13.28777003288269
13.287818551063538
13.287866950035095
13.28794801235199
13.28800344467163
13.288053035736084
13.153308987617493
13.153393983840942
13.15344750881195
13.153496980667114
13.153545022010803
13.153594017028809
13.15364146232605
13.153688430786133
