3.0089339911937714
3.0090824961662292
3.135721892118454
3.135818123817444
3.363291382789612
3.3633575439453125
3.524168014526367
3.5245246589183807
3.767039656639099
3.7672142684459686
3.974433869123459
3.9745899438858032
4.196541994810104
4.196681380271912
4.278072357177734
4.278159081935883
4.357030868530273
4.357623487710953
4.714487165212631
4.714592903852463
4.691170901060104
4.691269636154175
4.984743416309357
4.984876811504364
5.198807120323181
5.198900938034058
5.13118639588356
5.131272792816162
5.326381206512451
5.326504945755005
5.4318539798259735
5.432112902402878
5.684902250766754
5.6849789917469025
5.833447992801666
5.833551466464996
5.92282646894455
5.922915011644363
5.848750025033951
5.849565505981445
5.73646867275238
5.736553579568863
5.83425959944725
5.834334641695023
5.800010323524475
5.800087541341782
6.054925501346588
6.05500453710556
5.784602403640747
5.784715503454208
5.784298807382584
5.784398227930069
5.987117141485214
5.98725488781929
6.233059674501419
6.233175545930862
6.102607727050781
6.102729022502899
6.102949738502502
6.10312482714653
6.228294789791107
6.228369981050491
6.1914108991622925
6.191486269235611
6.083670347929001
6.08381575345993
6.403773695230484
6.403877913951874
6.2911907732486725
6.291273385286331
6.443726181983948
6.443800926208496
6.583562731742859
6.5836456418037415
6.512385249137878
6.512447416782379
6.51739826798439
6.517461985349655
6.645916014909744
6.645980477333069
6.670852392911911
6.670984119176865
6.68266636133194
6.682740241289139
6.780295252799988
6.78038027882576
6.888580858707428
6.8886392414569855
6.806716471910477
6.806788116693497
6.796363353729248
6.796438485383987
6.775607705116272
6.775767683982849
7.169458776712418
7.171353906393051
7.5857585072517395
7.58582991361618
7.573175400495529
7.573269367218018
7.55425962805748
7.554359793663025
7.5223818719387054
7.522475510835648
7.479488402605057
7.4795777797698975
7.50593376159668
7.506055772304535
7.914653092622757
7.914716929197311
8.19092383980751
8.190990298986435
8.389659434556961
8.389744758605957
8.374966323375702
8.375118255615234
8.413933336734772
8.41400796175003
8.420176804065704
8.420251190662384
8.51587799191475
8.516029477119446
8.722684264183044
8.722746849060059
8.766358524560928
8.766420632600784
8.813532561063766
8.81359288096428
8.73417666554451
8.734232366085052
8.754075348377228
8.75413829088211
8.822181761264801
8.822254747152328
8.880783051252365
8.880840301513672
8.852960169315338
8.85302945971489
8.8684603869915
8.86854150891304
8.939715713262558
8.939792394638062
9.101937621831894
9.102006167173386
9.017014473676682
9.017071634531021
9.227702736854553
9.227768540382385
9.2581347823143
9.25819805264473
9.280392467975616
9.280465126037598
9.129909247159958
9.129993975162506
9.299453765153885
9.299522250890732
9.32932361960411
9.32940223813057
9.350630342960358
9.350691825151443
9.448105961084366
9.448184609413147
9.701639384031296
9.701724886894226
9.522071480751038
9.522143095731735
9.516604632139206
9.516663193702698
9.57237720489502
9.57243937253952
9.840791374444962
9.84085476398468
9.736466854810715
9.736537516117096
9.742312133312225
9.742389023303986
9.749101370573044
9.749174147844315
9.859904885292053
9.8599833548069
9.85825502872467
9.858325719833374
9.971094131469727
9.971164017915726
10.140150099992752
10.140231609344482
10.020786613225937
10.020849704742432
10.14970514178276
10.149773567914963
10.293393701314926
10.293464720249176
10.180177837610245
10.18024817109108
10.242404013872147
10.242462128400803
10.28346312046051
10.283527255058289
10.393179446458817
10.393243700265884
10.54464527964592
10.544710725545883
10.461087673902512
10.461165755987167
10.396148562431335
10.39620915055275
10.527307033538818
10.527373373508453
10.61271333694458
10.612775474786758
10.810242593288422
10.810310065746307
10.824252724647522
10.824316203594208
10.803734809160233
10.803801238536835
10.74567061662674
10.745733559131622
10.80664786696434
10.806716650724411
10.853041499853134
10.853114753961563
11.248440325260162
11.248510748147964
11.229198634624481
11.229259014129639
11.261426627635956
11.261490881443024
11.188322007656097
11.188381850719452
11.130298763513565
11.130379766225815
11.168921381235123
11.1689812541008
11.386756509542465
11.386818617582321
11.65270209312439
11.6527701318264
11.611960023641586
11.612024664878845
11.548904567956924
11.548993945121765
11.487909495830536
11.48796597123146
11.448851019144058
11.448913156986237
11.379413902759552
11.379475861787796
