2709.875
2273.5
2747.75
2501.625
2776.5
2706.125
2894.0
2902.5
2844.0
2852.5
2794.0
2802.5
2744.0
2752.5
2694.0
2702.5
2644.0
2652.5
2594.0
2602.5
2544.0
2552.5
2494.0
2502.5
2444.0
2452.5
2394.0
2402.5
2344.0
2352.5
2294.0
2302.5
2244.0
2252.5
2194.0
2202.5
2144.0
2152.5
2094.0
2102.5
2044.0
2052.5
1994.0
2002.5
1944.0
1952.5
1894.0
1902.5
1844.0
1852.5
1794.0
1802.5
1744.0
1752.5
1694.0
1702.5
1644.0
1652.5
1594.0
1602.5
1544.0
1552.5
1494.0
1502.5
1444.0
1452.5
1394.0
1402.5
1344.0
1352.5
1294.0
1302.5
1244.0
1252.5
1194.0
1202.5
1144.0
1152.5
1094.0
1102.5
1044.0
1052.5
994.0
1002.5
944.0
952.5
894.0
902.5
844.0
852.5
794.0
802.5
744.0
752.5
694.0
702.5
1429.75
1437.75
1379.75
1387.75
1329.75
1337.75
1279.75
1287.75
1229.75
1237.75
1179.75
1187.75
2684.5
1922.375
3389.5
1894.0
3326.0
2634.375
3263.5
2596.875
3201.0
2559.375
3138.5
2521.875
3076.0
2484.375
3015.25
3230.75
2965.25
3180.75
2915.25
3130.75
2865.25
3080.75
2815.25
3030.75
2765.25
2980.75
2715.25
2930.75
2665.25
2880.75
2615.25
2830.75
2565.25
2780.75
2515.25
2730.75
2465.25
2680.75
2415.25
2630.75
2365.25
2580.75
2315.25
2530.75
2265.25
2480.75
2215.25
2430.75
2165.25
2380.75
2115.25
2330.75
2065.25
2280.75
2015.25
2230.75
1965.25
2180.75
1915.25
2130.75
1865.25
2080.75
1815.25
2030.75
1765.25
1980.75
1715.25
1930.75
1665.25
1880.75
1615.25
1830.75
1565.25
1780.75
1515.25
1730.75
1465.25
1680.75
1415.25
1630.75
1365.25
1580.75
1315.25
1530.75
1265.25
1480.75
1215.25
1430.75
1174.375
1371.625
1136.875
1309.125
1099.375
1246.625
1061.875
1184.125
1024.375
1121.625
992.625
1053.375
961.875
984.125
918.0
928.0
868.0
878.0
818.0
828.0
768.0
778.0
718.0
728.0
668.0
678.0
613.5
632.5
551.0
595.0
488.5
557.5
426.0
520.0
363.5
482.5
292.875
453.125
229.5
416.5
177.625
368.375
140.125
305.875
102.625
243.375
65.125
180.875
35.0
111.0
10.0
36.0
