14.5
-1.0
-1.0
51.0
-1.0
248.5
-1.0
-1.0
14.5
-1.0
-1.0
13.5
-1.0
198.5
264.5
-1.0
14.5
-1.0
-1.0
13.5
-1.0
148.5
214.5
-1.0
14.5
-1.0
-1.0
13.5
-1.0
116.5
164.5
-1.0
14.5
-1.0
-1.0
13.5
-1.0
92.0
114.5
-1.0
14.5
-1.0
-1.0
13.5
-1.0
42.0
64.5
-1.0
14.5
-1.0
305.5
13.5
-1.0
24.0
14.5
-1.0
-1.5
433.0
255.5
-1.5
-1.0
24.0
-1.5
-1.0
-1.5
391.5
205.5
-1.5
-1.0
24.0
-1.5
-1.0
-1.5
350.0
155.5
-1.5
-1.0
24.0
-1.5
-1.0
-1.5
300.0
105.5
-1.5
-1.0
24.0
-1.5
-1.0
104.5
263.5
55.5
104.5
-1.0
24.0
107.5
-1.0
104.5
228.0
5.5
104.5
-1.0
24.0
107.5
-1.0
454.0
189.5
-1.5
121.0
-1.0
-1.5
123.0
-1.0
410.5
151.0
-1.5
129.5
-1.0
-1.5
132.0
-1.0
360.5
101.0
-1.5
129.5
-1.0
-1.5
132.0
-1.0
343.5
99.5
-1.5
129.5
460.5
-1.5
132.0
-1.0
360.5
122.5
97.5
143.5
429.5
95.5
147.5
-1.0
310.5
122.5
97.5
143.5
379.5
95.5
147.5
-1.0
269.0
122.5
97.5
148.0
329.5
95.5
156.0
-1.0
239.5
146.5
122.5
160.0
300.0
117.5
164.0
-1.0
235.0
146.5
122.5
584.5
250.0
117.5
164.0
-1.0
260.5
157.5
146.5
554.0
214.5
143.5
175.5
-1.0
287.0
170.5
159.0
531.5
181.5
158.0
185.5
-1.0
287.0
170.5
159.0
481.5
171.0
158.0
185.5
532.5
287.0
170.5
159.0
431.5
171.0
158.0
185.5
482.5
331.5
198.0
177.5
423.0
201.0
179.0
205.0
463.5
340.0
198.0
177.5
381.5
201.0
179.0
215.5
413.5
340.0
210.0
189.5
336.5
212.5
188.0
718.5
375.0
374.5
224.0
201.5
374.0
224.5
197.0
703.5
337.5
400.0
224.0
212.0
398.5
224.5
213.5
679.5
287.5
400.0
224.0
212.0
398.5
224.5
213.5
629.5
237.5
425.5
253.0
232.0
428.0
223.0
228.0
606.5
246.5
425.5
242.0
232.0
428.0
232.0
228.0
556.5
234.5
451.0
232.5
245.5
451.5
232.0
861.0
530.0
234.5
475.5
254.0
263.0
477.0
251.5
856.0
509.5
258.0
503.0
254.0
263.0
501.5
718.5
806.0
505.5
258.0
516.0
264.0
274.5
517.5
696.0
776.5
517.0
266.5
526.0
264.0
274.5
529.5
646.0
726.5
528.5
266.5
526.0
274.5
288.5
529.5
604.5
699.0
528.5
275.0
561.5
274.5
304.0
566.5
576.0
662.0
563.0
275.0
561.5
274.5
313.0
566.5
526.0
624.5
563.0
275.0
599.5
284.5
313.0
606.0
497.0
622.0
603.5
284.5
625.0
276.0
336.0
598.5
481.0
644.5
606.5
274.0
631.0
279.0
336.0
597.5
497.5
649.0
524.0
278.5
579.0
285.0
345.0
611.0
502.0
654.5
513.5
283.0
541.0
285.0
354.0
619.0
511.0
613.0
526.0
283.0
535.5
285.0
343.0
597.5
524.5
574.0
534.5
283.0
543.5
293.0
301.5
557.0
533.0
593.5
545.5
289.0
542.5
281.5
263.5
542.5
521.0
593.5
534.5
277.0
532.5
279.5
251.5
545.0
535.5
570.5
538.0
277.0
559.0
293.5
984.5
561.0
569.5
575.5
559.0
293.5
568.5
301.5
937.5
571.5
563.0
582.5
568.0
910.0
574.5
301.5
887.5
575.5
563.0
582.5
575.0
860.0
600.5
326.0
864.0
602.5
607.0
616.0
601.0
854.0
600.5
336.5
827.0
602.5
607.0
620.5
601.0
804.0
609.5
336.5
777.0
612.0
621.5
620.5
610.0
767.5
615.5
342.0
734.5
617.0
626.5
626.5
615.5
723.0
622.0
342.0
699.0
622.5
634.0
641.5
621.0
680.5
633.5
1018.0
662.5
638.0
661.0
655.5
643.5
661.5
641.5
953.5
660.0
638.0
652.0
662.5
643.5
647.0
638.5
912.0
650.5
634.5
656.0
673.5
640.5
656.5
642.5
878.5
642.5
639.5
677.0
648.0
646.0
674.5
670.0
829.5
666.0
667.5
673.5
669.0
668.5
674.0
665.5
792.5
663.0
664.5
680.0
666.0
670.5
684.0
659.0
731.0
663.0
656.0
673.0
666.0
665.0
673.0
670.5
684.5
664.5
660.5
685.0
672.5
669.5
676.0
646.0
681.5
661.5
638.5
684.0
667.5
639.0
680.5
653.0
668.5
646.0
645.0
672.5
647.0
647.5
652.5
649.0
644.0
646.0
646.5
637.5
647.0
644.0
636.5
654.5
652.5
649.5
642.5
658.5
648.5
656.5
649.5
647.0
652.5
668.0
650.5
661.0
668.5
664.0
653.5
645.0
656.0
653.5
650.5
661.5
653.5
648.0
657.5
650.5
644.5
654.5
653.0
658.5
653.0
650.0
656.5
645.5
647.5
658.0
643.5
660.0
656.5
646.5
651.5
637.5
640.5
659.5
646.5
648.5
640.5
640.5
646.0
645.0
646.0
654.0
641.0
651.0
637.5
649.0
647.5
652.0
641.5
641.0
641.0
653.5
650.5
650.5
640.5
653.0
660.5
652.0
645.0
651.5
650.0
651.0
645.5
640.5
638.5
635.0
635.5
644.5
627.0
642.0
645.5
638.5
627.0
624.5
637.0
620.5
623.0
640.0
622.0
636.0
627.0
624.5
636.0
626.0
637.5
639.0
628.5
630.5
634.5
624.0
627.5
633.0
625.5
633.0
643.5
622.0
627.5
627.0
620.0
624.0
619.0
626.5
627.5
618.0
621.0
600.0
618.0
612.0
605.5
620.5
628.5
622.5
617.5
604.0
617.0
620.0
618.0
617.5
617.0
624.5
627.0
612.5
624.5
615.0
614.5
629.0
623.0
619.5
620.5
604.0
616.0
605.0
602.0
618.5
611.5
608.5
605.0
594.0
611.0
601.0
601.5
611.0
592.5
605.5
598.0
590.0
614.5
597.5
595.0
601.0
598.0
610.5
590.5
596.5
601.5
583.5
590.0
609.0
589.0
592.5
595.0
593.0
588.5
588.5
588.0
602.5
595.5
606.0
578.5
580.0
606.5
577.5
588.0
600.5
584.5
591.5
587.0
577.0
587.5
584.5
589.0
585.5
584.5
590.0
583.0
565.5
592.5
579.0
570.0
592.0
583.0
581.0
572.5
568.0
574.5
573.0
569.5
576.5
583.0
572.5
582.0
566.0
565.5
583.0
565.5
569.5
584.0
574.5
575.5
556.0
620.0
576.5
548.0
621.0
568.0
565.5
579.5
564.5
620.0
578.0
562.5
612.5
574.0
625.5
568.0
555.5
619.0
571.5
555.5
626.0
580.0
644.5
577.0
554.5
637.5
567.5
561.5
656.5
576.0
652.0
562.5
558.0
642.0
563.0
563.5
655.0
565.0
634.0
576.5
570.5
632.0
576.0
568.5
634.0
575.0
638.5
559.5
564.0
642.5
558.0
562.5
634.0
561.0
631.0
555.0
560.5
626.5
558.0
558.0
634.0
577.5
624.5
551.0
560.5
624.0
542.0
555.5
627.5
557.0
616.0
537.5
546.5
609.0
531.5
542.5
617.0
542.0
600.0
602.0
533.5
603.5
595.5
532.5
599.5
588.0
587.0
587.5
538.0
591.5
583.5
537.5
595.0
587.5
603.0
615.0
541.0
597.5
615.5
541.5
603.0
615.0
589.5
596.5
539.5
585.0
606.0
541.0
590.5
601.5
608.0
589.0
551.5
605.0
598.0
553.0
609.0
596.0
603.5
602.0
546.0
598.5
610.0
546.5
603.0
611.0
601.5
594.0
538.0
593.0
588.5
536.5
602.0
591.0
594.0
585.0
533.0
594.0
593.0
535.5
589.5
592.0
576.0
577.5
532.0
585.5
577.0
532.5
580.0
577.5
583.5
559.0
510.5
587.0
559.0
514.5
582.5
566.5
575.5
563.5
511.5
575.5
555.5
512.0
574.5
559.5
590.0
565.0
513.5
580.0
572.5
514.5
583.5
565.0
580.5
562.5
502.5
580.5
564.0
503.0
577.5
568.0
570.5
561.0
497.5
567.0
560.0
497.0
564.0
564.0
573.5
567.0
500.0
572.5
562.5
501.5
576.5
567.5
570.5
557.5
496.5
577.5
553.5
492.0
574.0
559.5
560.0
552.5
490.0
564.0
546.0
489.0
559.0
560.5
554.5
558.0
487.5
551.0
554.5
485.5
551.0
557.0
557.0
545.0
480.0
553.5
536.0
481.0
546.5
544.0
533.0
549.5
472.0
539.5
541.0
471.0
532.0
535.5
540.0
530.5
467.0
543.5
532.5
464.0
540.5
540.5
563.5
576.0
505.0
573.0
561.0
507.0
565.0
575.5
560.0
562.5
480.5
573.0
555.0
479.5
555.0
560.5
540.0
544.5
479.0
556.0
557.5
484.5
545.5
550.0
548.5
554.0
480.5
560.5
555.0
483.5
556.5
560.0
567.5
573.5
482.5
570.0
562.5
486.0
562.5
564.5
576.0
567.0
508.0
589.5
571.5
505.0
566.5
566.5
587.0
565.5
511.5
590.0
565.0
500.0
582.5
569.5
568.5
556.5
492.5
569.0
557.0
509.5
568.0
566.5
559.0
571.5
500.5
564.0
567.0
496.0
560.0
569.5
554.5
555.5
482.5
561.5
561.0
488.5
557.0
554.0
563.0
556.0
496.5
573.5
568.0
494.5
574.0
561.5
565.0
575.5
494.5
558.5
571.0
497.0
563.5
568.0
572.0
565.5
486.5
573.0
568.5
497.0
572.0
564.0
557.5
557.5
492.0
562.0
558.0
490.0
565.5
558.5
585.5
548.0
486.5
583.0
546.5
491.5
593.0
546.5
608.5
563.0
507.0
562.5
564.5
501.5
603.0
564.0
607.5
556.5
496.0
540.0
559.0
501.5
579.5
557.0
600.5
559.5
500.0
549.5
560.0
499.5
550.0
565.5
598.5
555.0
501.0
552.5
556.0
500.0
548.0
555.0
575.5
563.0
494.0
560.0
567.5
495.5
521.0
562.5
530.5
561.5
503.5
550.5
566.5
500.5
529.5
553.0
526.5
576.5
496.5
549.0
573.5
493.0
533.5
566.0
544.5
559.5
519.0
551.0
621.5
520.5
565.5
611.5
558.5
540.5
526.5
604.0
600.5
520.5
600.0
615.5
541.5
549.0
529.5
584.5
563.5
526.0
589.5
620.5
551.5
549.5
532.5
593.5
561.5
535.5
593.5
570.5
788.0
563.5
528.0
727.5
576.0
531.0
744.0
579.5
795.0
560.5
531.0
726.5
560.0
532.5
750.0
565.0
779.0
563.5
532.0
712.5
559.5
527.5
734.0
561.0
882.0
564.0
534.0
874.0
574.5
531.0
882.5
552.5
874.0
613.5
530.0
869.0
554.0
529.0
890.0
556.0
920.5
597.5
524.0
881.0
550.5
524.0
902.5
551.5
904.5
590.0
512.5
871.0
596.0
520.0
889.5
783.5
899.5
796.0
521.0
865.5
597.0
520.5
885.0
789.5
1055.0
786.5
511.0
1090.5
586.0
518.0
973.5
785.5
1052.0
800.5
521.5
1086.5
575.5
522.0
971.5
778.0
1034.0
783.0
505.5
1082.5
573.0
506.0
953.0
770.5
1389.0
803.5
513.5
1431.0
573.5
514.0
1210.0
773.0
1379.0
802.0
513.5
1420.0
575.0
499.0
1198.5
768.5
1366.5
788.0
494.5
1401.5
561.0
499.0
1187.5
757.5
1365.0
780.5
490.5
1403.0
550.0
488.5
1187.5
747.5
1355.5
818.5
484.5
1393.0
949.0
488.5
1176.0
865.5
1551.5
804.0
488.5
1425.5
939.5
495.5
1621.5
857.5
1541.5
800.5
475.5
1425.5
924.0
473.0
1606.5
843.5
1544.5
788.5
475.5
1420.0
924.0
477.0
1614.0
828.0
1523.5
1404.0
472.0
1404.5
1409.5
476.5
1596.0
1134.0
1753.0
1405.5
477.0
1657.0
1413.5
477.0
1624.5
1133.5
1744.5
1398.0
471.0
1660.5
1397.5
474.5
1616.5
1123.0
2042.5
1383.5
460.5
1947.5
1389.5
460.0
1628.5
1112.0
2042.0
1383.0
478.0
1949.0
1397.0
483.0
2057.5
1126.0
2088.0
1394.0
468.5
2072.5
1398.5
474.5
2082.5
1123.0
2084.0
1382.5
461.0
2077.0
1379.5
460.5
2082.0
1108.0
2074.5
1834.0
462.0
2072.0
1748.0
470.0
2076.0
1442.0
2078.0
1998.0
481.0
2077.0
1931.0
484.5
2080.0
2020.5
2074.5
1990.5
468.5
2062.0
1914.5
470.0
2064.0
2006.0
2076.5
2031.0
463.0
2080.0
2030.5
462.5
2064.5
2031.0
2074.5
2073.0
484.0
2080.0
2078.0
482.5
2073.0
2067.0
2074.5
2082.5
490.5
2090.0
2092.5
492.5
2092.0
2089.5
2064.5
2079.5
490.5
2070.0
2085.5
490.0
2060.5
2081.0
2071.5
2076.5
504.0
2063.5
2082.0
500.5
2057.0
2075.5
2052.0
2085.0
513.5
2056.0
2076.5
511.5
2054.5
2079.0
2044.0
2070.5
496.5
2047.0
2076.5
495.5
2048.0
2074.5
2035.0
2076.0
500.0
2049.0
2078.5
503.0
2048.0
2075.0
2039.5
2071.5
500.0
2042.5
2072.0
499.0
2036.5
2068.0
2052.0
2077.0
535.5
2057.5
2085.0
531.0
2051.0
2080.5
2079.5
2064.5
536.0
2084.0
2087.5
537.5
2086.5
2056.5
2070.0
2054.0
518.0
2076.0
2060.5
519.0
2079.5
2055.0
2062.5
2061.0
526.0
2057.0
2063.5
525.0
2063.5
2059.5
2081.5
2059.0
685.0
2079.5
2060.0
633.5
2066.0
2053.0
2072.5
2051.5
676.5
2027.5
2060.0
618.0
2066.0
2045.5
2077.5
2110.5
688.5
2023.5
2104.0
627.0
2028.5
2140.0
2072.0
2094.0
687.5
2031.5
2092.5
627.5
2019.5
2127.5
2073.0
2246.5
994.0
2034.5
2319.5
959.0
2021.5
2183.0
2085.5
2241.5
996.5
2084.5
2293.0
960.0
2063.5
2162.5
2079.0
2228.5
995.0
2077.0
2298.0
953.0
2006.0
2167.0
2086.5
2197.5
997.5
2086.0
2305.0
963.5
1960.0
2162.5
2071.0
2177.5
996.0
2082.5
2297.5
963.5
1922.0
2162.5
2021.0
2177.0
1002.5
2082.5
2275.0
967.5
1922.0
2168.5
1976.5
2177.0
1002.5
2088.0
2248.0
967.5
1927.5
2145.5
2166.0
2193.0
1180.0
2416.5
2262.5
1103.0
2082.5
2110.0
2116.0
2193.0
1180.0
2416.5
2262.5
1103.0
2082.5
2060.0
2092.0
2193.0
1180.0
2427.0
2262.5
1103.0
2101.0
2010.0
2092.0
2193.0
1180.0
2377.0
2262.5
1103.0
2101.0
1960.0
2092.0
2207.5
1180.0
2323.0
2276.0
1103.0
2099.5
1945.0
2088.5
2178.0
1173.5
2286.5
2267.5
1095.0
2099.5
1937.5
2081.0
2128.0
1164.5
2293.0
2260.5
1086.5
2104.5
1927.0
2035.5
2078.0
1164.5
2295.5
2260.5
1086.5
2110.5
1927.0
1998.0
2043.0
1164.5
2283.0
2275.0
1086.5
2110.5
1943.0
2002.0
2011.5
1164.5
2238.5
2286.5
1086.5
2109.0
1954.0
1996.5
2006.5
1157.0
2184.5
2286.5
1077.0
2109.5
1949.0
1994.5
1991.0
1157.0
2141.0
2289.5
1077.0
2100.0
1953.0
1994.5
1982.0
1150.0
2132.0
2281.0
1072.5
2045.5
1945.5
1983.0
1987.0
1140.5
2133.5
2287.5
1061.5
1990.0
2323.5
1997.0
2560.0
1846.0
2140.5
2900.0
1854.5
1962.5
2329.5
1997.0
2560.0
2336.5
2119.0
2844.5
2633.5
1948.5
2324.5
1960.0
2561.5
2336.5
2119.0
2798.5
2633.5
1939.5
2329.0
1969.0
2558.0
2322.0
2129.5
2743.5
2625.0
1949.0
2325.0
2737.0
2563.0
2317.5
2556.5
2698.5
2616.5
2504.0
2331.0
2737.0
2563.0
2317.5
2556.5
2648.5
2616.5
2454.0
2331.0
2703.5
2574.5
2317.5
2563.0
2609.5
2616.5
2448.5
2342.0
2653.5
2579.0
2317.5
2563.0
2565.5
2616.5
2448.5
2346.0
2613.0
2579.0
2317.5
2571.5
2565.5
2616.5
2456.5
2296.0
2592.0
2584.0
2317.5
2556.0
2570.0
2616.5
2462.0
2249.5
2602.0
2553.0
2317.5
2513.0
2576.5
2616.5
2473.0
2241.5
2598.0
2551.0
2307.0
2461.5
2576.5
2608.5
2469.0
2241.5
2590.0
2551.0
2297.0
2404.0
2576.5
2592.0
2461.0
2241.5
2588.0
2555.0
2286.5
2354.5
2582.5
2584.0
2459.0
2240.0
2593.5
2558.0
3028.0
2356.5
2583.0
3279.0
2464.5
2193.5
2593.5
2556.5
3017.5
2356.5
2585.0
3268.0
2464.5
2133.0
2557.5
2555.5
4170.5
2356.5
2583.0
3657.5
2464.5
2089.5
2523.0
3474.0
4307.5
2368.5
3460.0
3793.0
2478.5
3066.5
2473.0
3474.0
4321.5
2368.5
3460.0
3806.5
2478.5
3016.5
2427.5
3473.0
4321.5
2372.0
3464.0
3806.5
2484.5
2979.5
2382.0
3428.0
4332.5
2378.0
3470.0
3816.5
2488.5
2984.5
2332.0
3378.0
4332.5
2378.0
3470.0
3816.5
2488.5
2984.5
2282.0
3335.5
4341.0
2378.0
3474.5
3826.0
2488.5
2991.5
3180.5
3772.0
4583.0
3234.0
3853.0
4577.5
3297.0
3634.0
3188.5
3722.0
4583.0
3189.5
3853.0
4577.5
3303.0
3634.0
3188.5
3677.0
4583.0
3139.5
3884.5
4577.5
3303.0
3663.5
3199.5
3660.5
4672.5
3102.5
3892.0
4670.0
3315.0
3672.5
3199.5
3617.0
4682.5
3052.5
3898.0
4677.0
3315.0
3676.5
3212.5
3593.5
4696.0
3014.5
3920.5
4691.0
3326.5
3703.5
3378.5
3549.0
4704.0
3375.0
3927.5
4700.0
3813.5
3708.0
3411.5
3499.0
4710.5
3372.5
3927.5
4708.5
3825.0
3708.0
3411.5
3464.5
4718.5
3372.5
3942.0
4717.5
3775.0
3723.5
3418.5
3457.0
4718.5
3379.5
3899.5
4717.5
3731.0
3723.5
3444.5
3485.0
4749.0
3409.0
3879.5
4746.5
3710.5
3753.5
3444.5
3493.0
4756.5
3409.0
3837.5
4752.5
3660.5
3760.5
3467.5
3508.0
4768.0
3429.0
3801.5
4760.0
3648.0
3775.0
3473.5
3505.5
4762.5
3434.5
3746.0
4760.5
3654.5
3774.5
3485.0
3506.5
4769.0
3426.5
3700.0
4768.0
3665.5
3776.5
3485.0
3506.5
4777.5
3407.0
3650.0
4775.5
3635.0
3776.5
3503.5
3526.5
4800.5
3425.0
3622.5
4801.0
3602.5
3797.5
3508.5
3544.5
4810.0
3431.0
3590.5
4812.0
3557.5
3812.5
3521.5
3544.5
4819.5
3440.5
3540.5
4820.0
3517.0
3812.5
3531.0
3568.0
4834.0
3449.5
3556.0
4835.0
3482.0
3834.5
3527.5
3571.5
4832.5
3448.5
3562.0
4830.0
3425.5
3840.0
3521.5
3581.0
4826.0
3439.0
3578.5
4828.0
3369.5
3856.0
3535.0
3531.0
4826.0
3448.5
3578.5
4828.0
3331.5
3856.0
3543.0
3487.5
4844.5
3458.0
3583.5
4848.5
3288.5
3864.0
3507.0
3453.0
4855.5
3458.0
3598.5
4857.5
3274.5
3877.5
3474.5
3411.5
4864.0
3475.5
3606.5
4865.0
3294.0
3886.5
3438.5
3379.0
4882.5
3492.0
3627.0
4887.5
3307.0
3904.0
3397.5
3334.5
4891.5
3500.0
3631.5
4894.5
3316.0
3909.5
3399.0
3278.0
4880.5
3507.0
3623.5
4886.5
3324.5
3899.5
3416.0
3239.5
4907.5
3525.0
3642.0
4905.5
3323.0
3913.0
3386.5
3198.0
4913.0
3535.0
3650.5
4911.0
3320.5
3923.0
3340.5
3192.5
4921.5
3540.5
3625.0
4918.5
3326.5
3934.5
3308.0
3203.5
4929.5
3558.0
3584.0
4928.0
3344.5
3945.5
3258.0
3203.5
4929.5
3558.0
3534.0
4928.0
3344.5
3945.5
3227.0
3219.5
4936.5
3559.0
3501.0
4937.0
3353.5
3959.5
3234.5
3229.0
4954.5
3517.5
3460.0
4952.5
3363.5
3966.5
3248.5
3236.0
4963.5
3480.0
3416.5
4963.0
3374.5
3974.0
3248.5
3236.0
4963.5
3430.0
3366.5
4963.0
3374.5
3974.0
3264.0
3258.0
4987.5
3396.5
3344.0
4985.5
3388.5
3993.5
3270.5
3258.0
4987.5
3353.0
3344.0
4985.5
3395.0
3943.5
3286.5
3265.0
4998.0
3362.0
3347.5
5001.0
3413.5
3895.5
3286.5
3262.0
4989.5
3362.0
3347.5
4990.0
3413.5
3845.0
3256.0
3275.5
5009.0
3378.5
3358.5
5009.5
3427.5
3810.5
3213.5
3284.0
5016.5
3386.5
3367.5
5020.0
3437.5
3770.0
3177.5
3284.0
5022.5
3401.5
3372.5
5024.5
3449.0
3723.0
3128.5
3302.0
5035.5
3411.5
3387.5
5039.5
3460.5
3698.5
3089.0
3311.0
5034.5
3409.0
3392.5
5029.0
3463.0
3706.5
3050.0
3324.5
5048.5
3422.0
3378.5
5047.0
3472.0
3718.5
3045.5
3331.0
5056.0
3396.5
3334.5
5053.5
3481.5
3732.5
3045.5
3337.5
5056.0
3346.5
3292.5
5053.5
3481.5
3732.5
3064.5
3347.0
5070.5
3313.0
3252.0
5067.0
3501.5
3741.5
3082.5
3353.0
5086.0
3282.5
3257.5
5085.0
3520.5
3699.5
3090.0
3380.5
5092.0
3241.0
3287.5
5090.0
3529.0
3676.0
3096.0
3380.5
5100.5
3195.5
3287.5
5097.0
3534.5
3626.0
3103.5
3400.0
5110.0
3189.5
3309.5
5097.5
3513.5
3593.5
3115.5
3399.0
5116.5
3193.0
3308.0
5113.0
3524.0
3539.5
3123.5
3422.0
5123.0
3200.0
3332.0
5122.5
3482.0
3515.5
3140.5
3422.0
5140.5
3221.0
3332.0
5137.5
3449.5
3465.5
3140.5
3436.0
5140.5
3221.0
3347.5
5137.5
3399.5
3429.5
3156.0
3441.0
5155.0
3236.5
3352.5
5155.0
3365.0
3384.5
3190.0
3495.5
5199.0
3272.5
3403.0
5198.5
3350.0
3389.5
3220.0
3524.0
5229.5
3302.5
3432.0
5227.5
3331.0
3370.0
3261.5
3542.0
5273.5
3342.0
3475.5
5269.5
3321.0
3386.5
3291.5
3524.0
5290.5
3370.5
3506.5
5291.0
3302.5
3418.0
3319.5
3505.0
5322.5
3405.0
3538.0
5329.0
3302.5
3449.0
3355.5
3492.0
5365.0
3445.5
3562.5
5371.0
3321.5
3477.5
3372.5
3555.0
5434.0
3496.0
3629.0
5433.5
3363.0
3530.5
3485.0
3575.5
5476.0
3551.5
3667.5
5476.5
3475.0
3540.5
3792.0
3609.0
5544.0
3811.5
3716.0
5542.0
3620.0
3606.0
3824.5
3652.5
5576.5
3815.5
3711.5
5576.5
3813.5
3650.0
3865.0
3717.5
5641.5
3866.5
3732.0
5640.0
3866.5
3723.0
3901.0
3771.5
5691.0
3897.0
3773.0
5679.5
3896.5
3769.0
3972.5
3799.0
5734.0
4095.0
3776.0
5733.5
4120.0
3801.0
4360.0
3936.5
5785.5
4241.0
3911.5
5783.0
4272.5
3934.0
4480.0
4074.5
5824.5
4469.5
4173.5
5819.5
4479.5
4007.5
4502.5
4206.0
5883.5
4508.5
4209.0
5874.5
4498.0
4205.0
4514.5
4236.0
5932.0
4516.0
4236.5
5928.5
4513.0
4236.5
4537.0
4297.5
5983.0
4537.5
4303.5
5981.5
4535.0
4295.5
4556.5
4588.0
6028.5
4555.5
4583.5
5996.5
4554.0
4587.0
4570.0
4753.0
6057.0
4584.0
4825.5
6061.5
4572.5
4828.5
4575.5
4840.0
6079.0
4585.5
4844.5
6083.5
4580.0
4838.5
4594.0
4838.5
6094.0
4591.0
4838.5
6089.5
4594.5
4836.0
4622.5
4830.5
6130.0
4595.5
4844.0
6134.5
4623.0
4830.5
4652.0
4839.0
6201.0
4616.5
4846.5
6210.0
4615.5
4845.0
4641.5
4833.0
6237.5
4641.5
4829.0
6233.5
4637.5
4834.0
4654.5
4816.0
6287.0
4661.5
4812.5
6278.0
4658.0
4815.0
4661.5
4802.0
6289.0
4672.0
4799.5
6305.5
4668.5
4800.5
4665.5
4794.0
6247.5
4665.0
4793.0
6306.5
4663.5
4794.0
4717.0
4794.0
6207.0
4714.5
4793.0
6314.0
4718.0
4792.5
4721.5
4783.0
6157.0
4728.0
4784.0
6314.0
4725.0
4783.5
4726.5
4780.0
6140.5
4726.0
4778.0
6268.5
4736.5
4776.0
4760.5
4780.0
6140.5
4717.5
4778.0
6218.5
4749.0
4776.0
4754.5
4762.0
6140.5
4719.0
4778.0
6198.0
4706.0
4776.0
4754.5
4723.0
6120.5
4719.0
4755.0
6184.5
4706.0
4771.5
4754.5
4718.5
6107.5
4719.0
4716.0
6167.5
4706.0
4745.0
4754.5
4713.0
6107.5
4683.0
4709.5
6167.5
4706.0
4693.0
4744.5
4713.0
6107.5
4620.0
4709.5
6167.5
4696.5
4675.5
4739.0
4713.0
6107.5
4564.0
4679.0
6167.5
4688.5
4675.5
4739.0
4713.0
6107.5
4514.0
4629.0
6167.5
4688.5
4675.5
4739.0
4713.0
6107.5
4464.0
4579.0
6167.5
4688.5
4675.5
4739.0
4713.0
6107.5
4414.0
4529.0
6167.5
4688.5
4675.5
4739.0
4713.0
6107.5
4376.0
4479.0
6167.5
4676.5
4675.5
4739.0
4713.0
6107.5
4376.0
4474.5
6167.5
4626.5
4630.0
4739.0
4683.5
6107.5
4376.0
4474.5
6167.5
4576.5
4609.5
4725.5
4633.5
6107.5
4376.0
4474.5
6167.5
4540.0
4609.5
4675.5
4583.5
6107.5
4376.0
4474.5
6167.5
4540.0
4609.5
4625.5
4543.5
6107.5
4376.0
4474.5
6157.5
4540.0
4609.5
4575.5
4543.5
6107.5
4376.0
4474.5
6107.5
4540.0
4609.5
4525.5
4543.5
6107.5
4376.0
4474.5
6057.5
4540.0
4609.5
4506.0
4535.0
6099.0
4376.0
4469.0
6007.5
4540.0
4601.5
4506.0
4535.0
6049.0
4376.0
4469.0
5957.5
4540.0
4601.5
4506.0
4535.0
5999.0
4376.0
4469.0
5907.5
4540.0
4601.5
4506.0
4535.0
5949.0
4376.0
4469.0
5857.5
4540.0
4601.5
4506.0
4535.0
5917.5
4376.0
4469.0
5789.0
4540.0
4601.5
4506.0
4535.0
5867.5
4376.0
4469.0
5739.0
4540.0
4601.5
4506.0
4535.0
5817.5
4376.0
4469.0
5689.0
4540.0
4601.5
4506.0
4520.5
5767.5
4376.0
4460.0
5684.5
4540.0
4579.5
4506.0
4498.0
5717.5
4376.0
4432.5
5684.5
4540.0
4579.5
4506.0
4486.0
5667.5
4376.0
4421.5
5684.5
4540.0
4552.5
4506.0
4470.0
5617.5
4376.0
4404.5
5684.5
4540.0
4535.5
4492.5
4470.0
5605.0
4361.0
4401.0
5638.0
4531.0
4535.5
4475.0
4470.0
5605.0
4348.5
4401.0
5588.0
4511.0
4535.5
4457.0
4470.0
5605.0
4330.5
4401.0
5538.0
4497.0
4535.5
4440.5
4470.0
5605.0
4315.5
4401.0
5488.0
4478.5
4535.5
4425.5
4470.0
5605.0
4298.0
4401.0
5438.0
4461.0
4535.5
4421.5
4470.0
5605.0
4294.0
4401.0
5388.0
4455.5
4499.0
4421.5
4470.0
5605.0
4294.0
4401.0
5338.0
4455.5
4449.0
4421.5
4470.0
5605.0
4294.0
4401.0
5288.0
4455.5
4399.0
4421.5
4470.0
5605.0
4294.0
4401.0
5238.0
4455.5
4349.0
4421.5
4470.0
5605.0
4294.0
4401.0
5188.0
4455.5
4299.0
4421.5
4470.0
5605.0
4294.0
4401.0
5138.0
4455.5
4249.0
4421.5
4470.0
5605.0
4294.0
4401.0
5088.0
4455.5
4199.0
4421.5
4454.5
5605.0
4294.0
4401.0
5038.0
4455.5
4164.5
4421.5
4404.5
5605.0
4294.0
4401.0
4988.0
4455.5
4164.5
4421.5
4354.5
5605.0
4294.0
4401.0
4938.0
4455.5
4164.5
4421.5
4304.5
5591.5
4294.0
4401.0
4901.5
4455.5
4164.5
4421.5
4254.5
5541.5
4294.0
4401.0
4901.5
4455.5
4164.5
4421.5
4204.5
5491.5
4294.0
4401.0
4901.5
4455.5
4164.5
4421.5
4154.5
5441.5
4294.0
4401.0
4901.5
4455.5
4164.5
4421.5
4104.5
5391.5
4294.0
4401.0
4901.5
4455.5
4164.5
4421.5
4054.5
5341.5
4294.0
4401.0
4901.5
4455.5
4164.5
4421.5
4004.5
5291.5
4294.0
4401.0
4901.5
4455.5
4164.5
4421.5
3954.5
5241.5
4294.0
4401.0
4901.5
4455.5
4164.5
4421.5
3904.5
5191.5
4294.0
4401.0
4901.5
4455.5
4164.5
4421.5
3902.0
5141.5
4294.0
4353.5
4901.5
4455.5
4164.5
4421.5
3895.5
5114.5
4294.0
4295.5
4901.5
4455.5
4156.0
4421.5
3892.5
5114.5
4294.0
4245.5
4901.5
4408.5
4156.0
4421.5
3892.5
5114.5
4294.0
4195.5
4901.5
4358.5
4156.0
4421.5
3892.5
5114.5
4294.0
4145.5
4901.5
4308.5
4156.0
4421.5
3892.5
5114.5
4294.0
4095.5
4901.5
4258.5
4156.0
4421.5
3892.5
5114.5
4294.0
4045.5
4901.5
4208.5
4156.0
4421.5
3892.5
5114.5
4294.0
3995.5
4901.5
4158.5
4156.0
4421.5
3892.5
5114.5
4294.0
3945.5
4901.5
4108.5
4156.0
4421.5
3892.5
5114.5
4294.0
3895.5
4901.5
4058.5
4156.0
4421.5
3892.5
5114.5
4294.0
3845.5
4901.5
4008.5
4156.0
4421.5
3892.5
5114.5
4294.0
3795.5
4901.5
3958.5
4156.0
4421.5
3892.5
5114.5
4294.0
3745.5
4901.5
3908.5
4156.0
4416.5
3892.5
5071.0
4294.0
3739.0
4901.5
3863.5
4156.0
4366.5
3892.5
5021.0
4294.0
3739.0
4901.5
3863.5
4156.0
4316.5
3892.5
4971.0
4294.0
3739.0
4901.5
3863.5
4156.0
4266.5
3892.5
4921.0
4294.0
3739.0
4901.5
3863.5
4156.0
4216.5
3892.5
4871.0
4294.0
3739.0
4901.5
3863.5
4156.0
4166.5
3892.5
4821.0
4294.0
3739.0
4901.5
3863.5
4156.0
4116.5
3892.5
4771.0
4294.0
3739.0
4901.5
3863.5
4156.0
4066.5
3892.5
4721.0
4294.0
3739.0
4901.5
3863.5
4156.0
4016.5
3892.5
4671.0
4294.0
3739.0
4901.5
3863.5
4156.0
3966.5
3892.5
4621.0
4294.0
3739.0
4901.5
3863.5
4156.0
3916.5
3892.5
4571.0
4294.0
3739.0
4901.5
3863.5
4156.0
3866.5
3892.5
4521.0
4294.0
3739.0
4901.5
3863.5
4156.0
3816.5
3892.5
4471.0
4294.0
3739.0
4901.5
3863.5
4156.0
3766.5
3892.5
4421.0
4294.0
3739.0
4901.5
3863.5
4156.0
3716.5
3892.5
4404.0
4294.0
3739.0
4868.5
3863.5
4156.0
3666.5
3892.5
4404.0
4294.0
3739.0
4818.5
3863.5
4156.0
3653.5
3892.5
4404.0
4257.0
3739.0
4768.5
3863.5
4156.0
3653.5
3892.5
4404.0
4207.0
3739.0
4718.5
3863.5
4156.0
3653.5
3892.5
4404.0
4157.0
3739.0
4668.5
3863.5
4156.0
3653.5
3892.5
4404.0
4107.0
3739.0
4618.5
3863.5
4156.0
3653.5
3892.5
4404.0
4057.0
3739.0
4568.5
3863.5
4156.0
3653.5
3892.5
4404.0
4007.0
3739.0
4518.5
3863.5
4156.0
3653.5
3892.5
4404.0
3957.0
3739.0
4468.5
3863.5
4156.0
3653.5
3892.5
4404.0
3907.0
3739.0
4418.5
3863.5
4156.0
3653.5
3888.5
4404.0
3867.0
3739.0
4368.5
3863.5
4150.0
3653.5
3871.5
4404.0
3867.0
3721.5
4318.5
3863.5
4134.5
3653.5
3857.5
4404.0
3867.0
3700.5
4268.5
3863.5
4119.5
3653.5
3840.5
4404.0
3867.0
3684.5
4218.5
3863.5
4102.5
3653.5
3839.0
4355.5
3867.0
3684.5
4168.5
3863.5
4102.5
3653.5
3839.0
4305.5
3867.0
3684.5
4118.5
3863.5
4102.5
3639.5
3839.0
4255.5
3856.0
3684.5
4104.0
3853.0
4102.5
3624.0
3839.0
4205.5
3839.0
3684.5
4104.0
3835.5
4102.5
3606.0
3839.0
4155.5
3822.0
3684.5
4104.0
3820.5
4102.5
3593.5
3839.0
4105.5
3807.0
3684.5
4104.0
3798.0
4102.5
3586.0
3839.0
4055.5
3801.0
3684.5
4069.5
3796.0
4102.5
3586.0
3839.0
4005.5
3801.0
3684.5
4019.5
3796.0
4102.5
3586.0
3839.0
3955.5
3801.0
3684.5
3969.5
3796.0
4102.5
3586.0
3839.0
3905.5
3801.0
3684.5
3919.5
3796.0
4102.5
3586.0
3839.0
3855.5
3801.0
3684.5
3869.5
3796.0
4102.5
3586.0
3839.0
3805.5
3801.0
3684.5
3819.5
3796.0
4102.5
3586.0
3839.0
3755.5
3801.0
3684.5
3769.5
3796.0
4102.5
3586.0
3839.0
3705.5
3801.0
3684.5
3719.5
3796.0
4102.5
3586.0
3839.0
3655.5
3801.0
3684.5
3669.5
3796.0
4102.5
3586.0
3839.0
3605.5
3801.0
3684.5
3619.5
3796.0
4102.5
3586.0
3839.0
3555.5
3801.0
3684.5
3569.5
3796.0
4102.5
3586.0
3839.0
3505.5
3801.0
3684.5
3519.5
3796.0
4102.5
3586.0
3839.0
3455.5
3801.0
3684.5
3469.5
3796.0
4102.5
3586.0
3839.0
3405.5
3801.0
3684.5
3419.5
3796.0
4102.5
3586.0
3839.0
3324.0
3801.0
3684.5
3401.0
3796.0
4102.5
3586.0
3839.0
3224.0
3801.0
3684.5
3401.0
3796.0
4102.5
3586.0
3839.0
3124.0
3801.0
3684.5
3401.0
3796.0
4102.5
3586.0
3839.0
3069.5
3801.0
3684.5
3355.5
3796.0
4102.5
3586.0
3839.0
3019.5
3801.0
3684.5
3305.5
3796.0
4102.5
3586.0
3839.0
2969.5
3801.0
3684.5
3255.5
3796.0
4102.5
3586.0
3839.0
2919.5
3801.0
3684.5
3205.5
3796.0
4102.5
3586.0
3839.0
2869.5
3801.0
3684.5
3155.5
3796.0
4102.5
3586.0
3839.0
2819.5
3801.0
3684.5
3105.5
3796.0
4102.5
3586.0
3839.0
2769.5
3801.0
3684.5
3055.5
3796.0
4102.5
3586.0
3839.0
2719.5
3801.0
3684.5
3011.5
3796.0
4096.5
3586.0
3820.5
2669.5
3801.0
3666.0
3011.5
3796.0
4083.5
3583.0
3803.5
2619.5
3801.0
3651.0
3011.5
3796.0
4068.5
3533.0
3803.5
2569.5
3801.0
3651.0
3011.5
3796.0
4068.5
3483.0
3803.5
2519.5
3801.0
3651.0
3011.5
3796.0
4068.5
3424.0
3803.5
2500.5
3789.0
3651.0
3011.5
3786.0
4068.5
3373.0
3803.5
2451.5
3789.0
3651.0
3011.5
3786.0
4068.5
3323.0
3803.5
2401.5
3789.0
3651.0
3011.5
3786.0
4068.5
3273.0
3803.5
2363.5
3789.0
3651.0
2999.5
3786.0
4068.5
3223.0
3803.5
2363.5
3789.0
3651.0
2949.5
3786.0
4068.5
3173.0
3803.5
2363.5
3789.0
3651.0
2899.5
3786.0
4068.5
3112.0
3803.5
2363.5
3780.0
3651.0
2876.0
3779.5
4068.5
3062.0
3756.5
2363.5
3780.0
3651.0
2876.0
3776.5
4068.5
3012.0
3706.5
2363.5
3780.0
3651.0
2876.0
3776.5
4068.5
2962.0
3656.5
2363.5
3780.0
3651.0
2876.0
3776.5
4068.5
2912.0
3606.5
2363.5
3780.0
3651.0
2876.0
3776.5
4068.5
2862.0
3556.5
2363.5
3780.0
3651.0
2876.0
3776.5
4068.5
2812.0
3506.5
2363.5
3780.0
3651.0
2876.0
3776.5
4068.5
2762.0
3456.5
2363.5
3780.0
3651.0
2876.0
3776.5
4068.5
2712.0
3406.5
2363.5
3780.0
3651.0
2876.0
3776.5
4068.5
2662.0
3356.5
2363.5
3780.0
3651.0
2876.0
3776.5
4068.5
2655.0
3306.5
2363.5
3737.0
3651.0
2876.0
3776.5
4068.5
2655.0
3256.5
2363.5
3687.0
3651.0
2876.0
3776.5
4068.5
2655.0
3206.5
2363.5
3637.0
3651.0
2876.0
3776.5
4068.5
2655.0
3156.5
2363.5
3587.0
3651.0
2876.0
3776.5
4068.5
2655.0
3106.5
2363.5
3537.0
3651.0
2876.0
3776.5
4068.5
2655.0
3056.5
2363.5
3487.0
3651.0
2876.0
3776.5
4068.5
2655.0
3006.5
2363.5
3437.0
3651.0
2876.0
3776.5
4068.5
2655.0
2956.5
2363.5
3387.0
3651.0
2876.0
3776.5
4068.5
2655.0
2906.5
2363.5
3337.0
3651.0
2876.0
3776.5
4068.5
2655.0
2892.5
2363.5
3287.0
3615.0
2876.0
3776.5
4068.5
2655.0
2892.5
2363.5
3237.0
3565.0
2876.0
3776.5
4068.5
2655.0
2892.5
2363.5
3187.0
3515.0
2876.0
3776.5
4068.5
2655.0
2892.5
2363.5
3137.0
3465.0
2876.0
3776.5
4068.5
2655.0
2892.5
2363.5
3087.0
3415.0
2876.0
3776.5
4068.5
2655.0
2892.5
2363.5
3037.0
3365.0
2876.0
3776.5
4068.5
2655.0
2892.5
2363.5
2987.0
3315.0
2876.0
3776.5
4068.5
2655.0
2892.5
2363.5
2937.0
3265.0
2876.0
3776.5
4068.5
2655.0
2892.5
2363.5
2900.0
3215.0
2876.0
3763.5
4068.5
2655.0
2892.5
2363.5
2900.0
3165.0
2876.0
3713.5
4068.5
2655.0
2892.5
2363.5
2900.0
3115.0
2876.0
3663.5
4068.5
2655.0
2892.5
2363.5
2900.0
3065.0
2876.0
3613.5
4068.5
2655.0
2892.5
2363.5
2900.0
3015.0
2876.0
3563.5
4068.5
2655.0
2892.5
2363.5
2900.0
2965.0
2876.0
3513.5
4068.5
2655.0
2892.5
2363.5
2900.0
2915.0
2876.0
3463.5
4068.5
2655.0
2892.5
2363.5
2900.0
2865.0
2876.0
3413.5
4068.5
2655.0
2892.5
2363.5
2900.0
2815.0
2876.0
3363.5
4068.5
2655.0
2892.5
2363.5
2900.0
2783.0
2876.0
3313.5
4050.5
2655.0
2892.5
2363.5
2900.0
2783.0
2876.0
3263.5
4000.5
2655.0
2892.5
2363.5
2900.0
2783.0
2876.0
3213.5
3950.5
2655.0
2892.5
2363.5
2900.0
2783.0
2876.0
3163.5
3900.5
2655.0
2892.5
2363.5
2900.0
2783.0
2876.0
3113.5
3850.5
2655.0
2892.5
2363.5
2900.0
2783.0
2876.0
3063.5
3800.5
2655.0
2892.5
2363.5
2900.0
2783.0
2876.0
3013.5
3750.5
2655.0
2892.5
2363.5
2900.0
2783.0
2863.0
2976.5
3700.5
2655.0
2892.5
2363.5
2900.0
2783.0
2813.0
2976.5
3650.5
2655.0
2892.5
2363.5
2900.0
2783.0
2763.0
2976.5
3600.5
2655.0
2892.5
2363.5
2900.0
2783.0
2713.0
2976.5
3550.5
2655.0
2892.5
2363.5
2900.0
2783.0
2663.0
2976.5
3500.5
2655.0
2892.5
2363.5
2900.0
2783.0
2613.0
2976.5
3450.5
2655.0
2892.5
2363.5
2900.0
2783.0
2563.0
2976.5
3400.5
2655.0
2892.5
2363.5
2900.0
2783.0
2513.0
2976.5
3350.5
2655.0
2892.5
2363.5
2900.0
2783.0
2463.0
2976.5
3300.5
2655.0
2892.5
2363.5
2900.0
2783.0
2413.0
2976.5
3250.5
2655.0
2892.5
2363.5
2900.0
2783.0
2363.0
2976.5
3200.5
2655.0
2892.5
2363.5
2900.0
2783.0
2313.0
2976.5
3150.5
2655.0
2892.5
2363.5
2900.0
2783.0
2263.0
2976.5
3100.5
2655.0
2892.5
2363.5
2900.0
2783.0
2213.0
2976.5
3050.5
2650.5
2892.5
2343.5
2896.5
2783.0
2149.5
2970.5
3048.0
2643.5
2892.5
2309.0
2890.5
2783.0
2101.0
2966.5
3048.0
2639.5
2892.5
2259.0
2882.5
2753.5
2101.0
2958.0
3048.0
2639.5
2892.5
2209.0
2882.5
2703.5
2101.0
2958.0
3048.0
2639.5
2892.5
2159.0
2882.5
2653.5
2101.0
2958.0
3048.0
2639.5
2892.5
2109.0
2882.5
2603.5
2101.0
2958.0
3048.0
2639.5
2883.5
2090.0
2882.5
2543.5
2101.0
2958.0
3036.0
2639.5
2883.5
2040.0
2882.5
2493.5
2101.0
2958.0
3036.0
2639.5
2883.5
2024.0
2882.5
2443.5
2067.0
2958.0
3036.0
2639.5
2883.5
2024.0
2882.5
2397.5
2024.5
2958.0
3024.5
2639.5
2869.5
2014.0
2879.5
2393.0
2017.5
2958.0
2963.0
2639.5
2869.5
2014.0
2829.5
2393.0
2017.5
2958.0
2913.0
2639.5
2869.5
2014.0
2779.5
2393.0
2017.5
2958.0
2863.0
2639.5
2869.5
2014.0
2729.5
2393.0
2017.5
2958.0
2813.0
2639.5
2869.5
2014.0
2679.5
2393.0
2017.5
2958.0
2763.0
2639.5
2869.5
2014.0
2629.5
2393.0
2017.5
2958.0
2713.0
2639.5
2869.5
2014.0
2579.5
2393.0
2017.5
2958.0
2663.0
2639.5
2869.5
2014.0
2529.5
2393.0
2017.5
2958.0
2613.0
2639.5
2869.5
2014.0
2479.5
2393.0
2017.5
2958.0
2563.0
2639.5
2869.5
2014.0
2472.0
2393.0
2017.5
2915.5
2513.0
2639.5
2869.5
2014.0
2472.0
2393.0
2017.5
2865.5
2463.0
2639.5
2869.5
2014.0
2472.0
2393.0
2017.5
2815.5
2413.0
2639.5
2842.0
2014.0
2472.0
2393.0
2017.5
2765.5
2390.5
2639.5
2792.0
2014.0
2472.0
2393.0
2017.5
2715.5
2390.5
2639.5
2742.0
2014.0
2472.0
2393.0
2017.5
2665.5
2390.5
2639.5
2692.0
2014.0
2472.0
2393.0
2017.5
2615.5
2390.5
2639.5
2642.0
2014.0
2472.0
2393.0
2017.5
2565.5
2390.5
2639.5
2592.0
2014.0
2472.0
2393.0
2017.5
2515.5
2390.5
2634.0
2542.0
2014.0
2472.0
2393.0
2017.5
2471.0
2390.5
2584.0
2492.0
2014.0
2472.0
2393.0
2017.5
2471.0
2390.5
2534.0
2442.0
2014.0
2472.0
2393.0
2017.5
2471.0
2390.5
2484.0
2392.0
2014.0
2472.0
2393.0
2017.5
2471.0
2390.5
2465.5
2385.5
1999.0
2466.5
2386.0
1999.0
2459.5
2373.0
2437.0
2362.0
1999.0
2463.5
2371.0
1999.0
2441.0
2361.5
2431.5
2354.5
1984.0
2437.5
2351.0
1983.5
2435.0
2357.0
2419.5
2344.0
1967.0
2424.0
2343.5
1976.0
2419.0
2341.0
2406.5
2333.0
1961.0
2407.0
2326.5
1959.5
2407.0
2333.5
2392.5
2324.0
1944.5
2397.5
2314.0
1945.5
2395.5
2320.5
2388.0
2299.0
1935.0
2391.5
2301.0
1930.0
2389.0
2300.5
2375.0
2287.0
1921.5
2375.5
2290.5
1921.5
2375.0
2288.0
2368.0
2279.0
1903.5
2369.0
2271.0
1905.0
2364.5
2274.0
2354.5
2263.0
1890.5
2353.5
2267.5
1891.5
2355.0
2258.5
2340.5
2249.0
1881.5
2343.0
2248.5
1882.0
2339.0
2250.5
2326.0
2241.5
1874.0
2328.0
2231.5
1868.0
2324.0
2241.0
2312.5
2227.5
1857.5
2316.0
2226.0
1861.0
2310.0
2223.5
2298.5
2214.5
1848.0
2299.5
2211.5
1848.5
2297.5
2216.0
2294.5
2200.0
1831.0
2290.0
2199.0
1830.5
2289.5
2199.5
2281.5
2187.0
1811.0
2284.0
2183.0
1818.5
2282.0
2187.0
2265.5
2176.0
1802.5
2272.5
2177.0
1800.5
2269.0
2171.0
2253.5
2159.5
1785.0
2255.5
2166.0
1793.0
2253.5
2168.0
2240.0
2154.0
1776.0
2241.5
2148.5
1777.0
2240.0
2157.0
2225.0
2145.5
1759.5
2227.0
2143.0
1763.5
2226.0
2144.5
2221.0
2123.0
1748.0
2224.0
2121.5
1748.5
2222.5
2125.5
2212.0
2115.0
1726.5
2214.5
2113.0
1728.0
2209.0
2116.0
2202.5
2099.0
1719.5
2197.5
2095.5
1728.0
2194.0
2098.0
2185.5
2083.0
1711.5
2190.5
2086.0
1709.5
2185.0
2083.0
2168.5
2073.5
1694.5
2171.0
2082.0
1693.0
2168.5
2083.0
2155.0
2065.0
1684.5
2162.5
2063.5
1686.5
2150.5
2066.5
2151.0
2051.5
1672.0
2148.0
2048.5
1663.5
2150.5
2049.0
2139.5
2031.0
1661.0
2140.5
2032.0
1663.5
2138.5
2028.0
2123.5
2017.0
1646.0
2123.0
2024.5
1647.0
2125.0
2028.0
2109.0
2017.0
1630.5
2112.0
2006.0
1630.5
2111.0
2018.0
2096.5
1999.0
1610.0
2104.0
2000.0
1618.0
2105.5
2001.0
2087.5
1986.5
1604.5
2089.0
1986.5
1607.5
2086.5
1986.0
2075.5
1979.5
1582.5
2081.0
1975.0
1586.0
2077.5
1977.0
2063.0
1971.5
1572.0
2063.5
1959.5
1569.0
2065.5
1970.0
2043.5
1953.0
1563.5
2045.0
1959.5
1569.0
2045.5
1955.0
2031.0
1947.0
1551.5
2032.0
1946.0
1549.0
2030.5
1947.0
2022.0
1930.5
1535.5
2025.5
1932.0
1532.0
2026.5
1930.0
2011.0
1924.5
1516.5
2010.0
1921.5
1517.5
2011.0
1922.0
1992.5
1907.5
1513.5
1993.0
1918.0
1509.0
1994.0
1906.5
1977.0
1893.5
1503.5
1974.5
1905.0
1504.0
1976.0
1900.5
1966.5
1878.0
1496.0
1973.5
1879.0
1497.5
1964.5
1879.0
1955.0
1868.5
1480.5
1958.5
1866.0
1484.0
1958.5
1863.0
1940.5
1854.0
1466.0
1941.0
1860.0
1468.5
1941.0
1863.0
1933.0
1844.0
1456.5
1936.5
1841.5
1453.5
1926.0
1843.0
1927.5
1826.0
1440.0
1927.0
1823.5
1436.5
1926.0
1827.5
1913.0
1819.0
1429.0
1907.0
1810.0
1429.5
1913.5
1813.0
1897.5
1808.0
1414.5
1897.0
1805.0
1413.0
1895.0
1804.0
1882.0
1798.0
1405.0
1879.0
1790.5
1406.0
1882.5
1791.0
1867.0
1784.5
1392.0
1871.0
1782.0
1393.5
1865.0
1779.0
1853.0
1772.0
1383.0
1852.5
1768.0
1380.0
1853.5
1772.0
1849.0
1757.0
1361.5
1852.5
1756.0
1362.0
1842.5
1753.5
1837.0
1731.0
1355.0
1835.5
1742.5
1354.5
1837.0
1741.5
1822.5
1725.5
1337.0
1821.5
1732.5
1342.0
1822.0
1731.0
1814.5
1715.0
1328.0
1804.0
1716.0
1326.0
1811.5
1719.0
1807.0
1708.0
1306.0
1800.0
1703.0
1309.0
1800.0
1701.0
1788.0
1683.0
1296.5
1788.5
1699.5
1298.0
1787.5
1693.0
1776.0
1681.0
1281.0
1774.5
1679.5
1284.0
1775.5
1682.5
1761.5
1668.5
1270.5
1760.0
1668.0
1275.0
1762.0
1668.5
1753.5
1650.0
1259.5
1756.0
1652.5
1258.5
1753.5
1650.5
1736.0
1637.5
1242.0
1743.0
1646.0
1242.0
1743.5
1644.0
1718.5
1630.5
1232.0
1719.5
1637.0
1241.0
1721.0
1634.5
1703.5
1614.5
1223.5
1719.5
1620.0
1223.0
1714.0
1616.0
1703.5
1607.0
1207.5
1705.5
1603.0
1204.5
1703.0
1600.0
1689.5
1593.5
1194.5
1688.0
1595.5
1196.5
1688.5
1588.0
1674.0
1584.0
1181.5
1674.0
1580.0
1181.5
1674.0
1585.0
1656.5
1573.0
1166.0
1657.5
1572.5
1172.0
1665.0
1571.5
1646.5
1556.5
1160.5
1640.5
1559.0
1159.0
1655.0
1557.0
1641.5
1543.0
1147.5
1634.0
1541.0
1145.5
1638.5
1543.0
1624.0
1527.5
1136.0
1629.5
1530.0
1136.5
1621.0
1529.5
1611.5
1521.0
1127.0
1613.0
1516.0
1118.5
1612.5
1514.5
1601.0
1507.0
1109.5
1599.0
1508.5
1109.5
1599.0
1500.5
1594.5
1492.0
1092.0
1591.5
1494.0
1093.5
1583.5
1493.0
1576.0
1477.0
1075.5
1583.0
1487.0
1083.5
1576.0
1476.0
1562.5
1466.5
1064.5
1568.0
1471.5
1069.0
1566.0
1466.0
1552.5
1455.5
1055.5
1550.0
1467.0
1051.0
1551.0
1451.5
1539.5
1446.5
1036.0
1538.5
1449.5
1035.5
1541.5
1447.0
1523.0
1433.5
1033.0
1520.5
1440.5
1023.0
1527.0
1433.5
1515.5
1416.5
1019.0
1502.5
1421.5
1019.5
1517.5
1422.0
1507.5
1409.5
1001.5
1497.5
1406.5
1001.0
1504.0
1406.5
1492.5
1399.5
980.0
1490.0
1402.5
983.5
1493.5
1392.5
1478.5
1391.5
968.5
1476.5
1384.5
967.5
1479.0
1388.0
1470.0
1370.5
962.0
1467.5
1372.0
951.0
1470.0
1371.0
1458.0
1357.5
945.0
1453.5
1365.0
943.0
1456.0
1356.0
1436.0
1348.0
936.0
1441.0
1348.0
942.0
1438.0
1345.0
1429.0
1340.5
920.0
1435.0
1329.5
920.5
1438.0
1321.5
1397.5
1328.0
920.0
1424.5
1329.5
920.5
1416.0
1298.0
1397.5
1321.0
908.5
1423.0
1322.0
913.0
1386.5
1262.5
1397.5
1286.5
908.5
1376.5
1306.5
909.5
1386.5
1262.5
1384.5
1281.0
908.5
1359.5
1258.0
904.5
1381.5
1256.5
1365.5
1262.0
898.0
1352.5
1258.0
895.5
1346.0
1256.5
1338.5
1245.0
888.5
1350.0
1244.5
887.0
1338.5
1242.0
1322.5
1239.5
879.0
1324.5
1229.0
880.5
1330.5
1228.5
1314.0
1220.5
863.0
1316.5
1220.5
857.5
1323.0
1219.0
1314.0
1220.5
858.0
1278.5
1220.5
857.5
1307.5
1177.5
1302.0
1216.0
858.0
1278.5
1220.5
857.5
1269.5
1132.0
1277.5
1157.5
858.0
1278.5
1212.0
857.5
1269.5
1123.5
1277.5
1142.0
842.0
1278.5
1185.5
850.0
1235.0
1123.5
1241.0
1133.5
839.0
1269.0
1185.5
842.0
1200.5
1123.5
1191.0
1083.5
839.0
1269.0
1185.5
842.0
1200.5
1123.5
1141.0
1082.0
839.0
1269.0
1137.0
842.0
1200.5
1123.5
1091.0
1082.0
839.0
1269.0
1087.0
842.0
1200.5
1123.5
1041.0
1082.0
839.0
1269.0
1037.0
842.0
1200.5
1123.5
1039.5
1082.0
839.0
1220.5
987.0
842.0
1200.5
1123.5
1039.5
1082.0
835.5
1170.5
954.5
831.5
1200.5
1120.0
1030.0
1076.5
828.5
1110.5
951.0
831.5
1189.5
1116.5
1030.0
1026.5
828.5
1060.5
951.0
831.5
1189.5
1116.5
1030.0
965.0
828.5
1032.5
940.5
831.5
1189.5
1116.5
1019.5
938.5
813.5
1023.0
940.5
823.0
1169.5
1106.5
1019.5
938.5
813.5
1021.5
940.5
811.5
1113.0
1076.0
1019.5
938.5
813.5
1021.5
940.5
811.5
1063.0
1026.0
1019.5
938.5
813.5
1021.5
935.5
811.5
1018.0
976.0
1019.5
925.0
805.5
1015.5
927.0
802.0
1014.5
925.0
1007.5
909.5
788.5
1008.0
915.0
786.5
1007.0
912.0
995.5
901.0
772.0
998.5
897.5
773.5
996.5
899.5
985.5
881.0
763.5
986.5
887.5
758.5
987.0
884.5
977.0
867.5
741.0
974.5
873.5
748.5
975.0
877.0
964.5
859.0
733.0
969.5
859.5
726.5
963.0
859.0
950.5
854.0
712.5
954.5
845.5
712.5
958.5
846.0
944.0
837.5
696.5
933.5
843.0
697.0
946.5
836.0
936.5
821.5
681.0
933.5
818.5
681.5
938.5
823.0
921.5
821.5
672.5
918.0
799.5
670.0
921.5
809.5
905.0
800.0
664.0
906.5
799.5
654.5
905.0
799.5
900.5
788.5
645.0
888.5
786.5
644.5
895.5
785.0
892.0
766.5
633.0
888.5
764.5
633.0
889.5
767.0
863.0
766.5
622.5
862.5
764.5
622.5
867.0
765.5
853.5
757.5
615.0
861.0
732.0
613.5
867.0
734.5
840.5
739.0
601.5
840.5
732.0
606.0
844.5
730.0
840.5
730.0
601.5
821.0
722.5
598.0
833.5
687.0
840.5
730.0
601.5
771.0
722.5
598.0
833.5
637.0
840.5
730.0
601.5
721.0
722.5
598.0
833.5
587.0
840.5
696.0
601.5
686.5
722.5
598.0
818.0
571.0
840.5
646.0
601.5
686.5
722.5
598.0
768.0
571.0
840.5
596.0
601.5
686.5
722.5
598.0
718.0
571.0
840.5
586.0
601.5
686.5
682.5
598.0
668.0
571.0
814.0
575.0
601.5
686.5
622.5
598.0
665.5
571.0
799.0
566.0
582.5
674.5
615.5
583.5
652.0
561.0
786.5
507.5
572.0
674.5
614.5
575.0
652.0
552.0
736.5
457.5
572.0
674.5
614.5
575.0
652.0
552.0
686.5
451.5
572.0
674.5
570.5
575.0
652.0
552.0
636.5
451.5
572.0
674.5
520.5
575.0
652.0
552.0
586.5
451.5
572.0
674.5
470.5
575.0
652.0
552.0
567.5
451.5
572.0
643.5
453.5
575.0
652.0
519.0
567.5
451.5
572.0
593.5
453.5
575.0
652.0
469.0
562.0
451.5
556.0
564.5
453.5
556.0
639.5
451.0
548.5
440.5
545.5
538.0
444.0
548.5
628.5
440.5
548.5
438.5
545.5
536.5
444.0
548.5
571.0
401.5
548.5
388.5
545.5
536.5
444.0
548.5
521.0
401.5
510.0
338.5
545.5
536.5
444.0
548.5
509.5
401.5
460.0
289.5
545.5
536.5
443.0
548.5
509.5
401.5
415.5
281.0
539.5
529.5
424.0
541.0
502.0
401.5
415.5
281.0
531.0
529.5
369.5
532.0
483.0
392.5
415.5
281.0
531.0
529.5
319.5
532.0
433.0
392.5
415.5
281.0
531.0
529.5
269.5
532.0
383.0
392.5
415.5
281.0
531.0
529.5
219.5
532.0
333.0
392.5
415.5
281.0
531.0
498.0
214.5
532.0
314.5
347.5
415.5
281.0
531.0
448.0
214.5
532.0
314.5
297.5
415.5
281.0
531.0
398.0
214.5
532.0
314.5
247.5
415.5
281.0
527.0
348.0
214.5
523.5
314.5
210.0
408.5
255.0
522.5
312.5
204.0
523.5
306.5
201.5
376.0
202.0
515.0
312.5
204.0
516.5
306.5
201.5
315.5
202.0
509.0
305.5
204.0
500.0
296.5
201.5
290.5
194.0
491.5
288.0
196.5
493.5
286.0
194.0
274.5
188.0
476.0
275.5
188.0
466.5
279.5
186.0
265.0
175.5
453.5
264.0
182.5
455.5
264.0
174.0
255.5
167.5
429.0
255.0
165.5
438.5
255.5
167.5
250.0
159.5
404.5
244.0
160.5
405.5
250.0
160.0
239.0
147.5
389.5
237.0
146.5
389.0
234.0
151.5
220.0
144.0
369.0
223.0
138.5
372.0
229.0
138.5
214.0
127.0
354.5
214.0
134.0
353.5
210.0
127.0
199.5
116.5
336.5
198.0
119.0
340.0
205.5
119.0
191.5
111.0
320.5
186.5
110.0
313.5
190.0
111.0
183.0
101.5
288.5
179.0
102.5
296.5
182.0
101.0
173.5
93.5
269.5
172.5
90.0
274.5
173.5
87.0
161.0
81.0
253.0
165.5
81.5
253.5
156.5
82.0
148.5
75.5
232.0
148.5
74.5
229.5
149.5
76.0
142.5
63.0
208.5
141.0
66.5
210.5
140.0
62.0
127.5
56.5
190.0
129.5
56.0
184.5
133.5
56.5
118.0
50.0
169.5
121.0
49.0
163.0
120.0
43.5
113.0
33.0
149.0
112.0
33.0
141.0
112.0
41.0
105.0
26.0
127.5
106.0
23.0
126.0
94.0
26.5
72.5
11.0
120.0
101.5
11.0
120.5
81.0
16.5
66.0
0.5
110.5
68.0
0.0
112.5
76.0
0.5
52.0
0.5
76.5
56.0
0.0
96.5
52.0
0.5
34.5
-2.0
61.5
35.0
-2.0
68.5
40.5
-2.0
20.0
-2.0
39.0
24.0
-2.0
41.0
16.0
-2.0
-2.0
-2.0
6.0
5.5
-2.0
24.0
6.5
-2.0
