1213.5
3852.625
1188.5
3967.375
1317.25
4427.5
1444.25
4352.5
1419.25
4277.5
1394.25
4202.5
1369.25
4127.5
1344.25
4052.5
1319.25
3977.5
1294.25
3902.5
1269.25
3827.5
1244.25
3752.5
1219.25
3677.5
1194.25
3602.5
1169.25
3527.5
1144.25
3452.5
1119.25
3377.5
1094.25
3302.5
1069.25
3227.5
1044.25
3152.5
1019.25
3077.5
994.25
3002.5
969.25
2927.5
944.25
2852.5
919.25
2777.5
894.25
2702.5
869.25
2627.5
844.25
2552.5
819.25
2477.5
794.25
2402.5
769.25
2327.5
744.25
2252.5
719.25
2177.5
694.25
2102.5
669.25
2027.5
644.25
1952.5
619.25
1877.5
594.25
1802.5
569.25
1727.5
544.25
1652.5
519.25
1577.5
494.25
1502.5
469.25
1427.5
444.25
1352.5
419.25
1277.5
394.25
1202.5
369.25
1127.5
344.25
1052.5
319.25
977.5
1086.875
2466.25
1840.75
2389.375
1815.75
2314.375
3329.5
2254.25
4056.0
2213.375
3993.5
2175.875
3931.0
2138.375
3868.5
2100.875
3806.0
2063.375
3743.5
2025.875
3681.0
1988.375
3618.5
1950.875
4329.5
1916.5
4254.5
1891.5
4179.5
1866.5
4104.5
1841.5
4029.5
1816.5
3954.5
1791.5
3879.5
1766.5
3804.5
1741.5
3729.5
1716.5
3654.5
1691.5
3579.5
1666.5
3504.5
1641.5
3429.5
1616.5
3354.5
1591.5
3279.5
1566.5
3204.5
1541.5
3129.5
1516.5
3054.5
1491.5
2979.5
1466.5
2904.5
1441.5
2829.5
1416.5
2754.5
1391.5
2679.5
1366.5
2604.5
1341.5
2529.5
1316.5
2454.5
1291.5
2379.5
1266.5
2306.25
1239.75
2243.75
1202.25
2181.25
1164.75
2118.75
1127.25
2056.25
1089.75
1993.75
1052.25
1931.25
1014.75
1868.75
977.25
1806.25
939.75
1743.75
902.25
1681.25
864.75
1618.75
827.25
1554.5
791.5
1479.5
766.5
1404.5
741.5
1329.5
716.5
1258.75
687.25
1196.25
649.75
1133.75
612.25
1071.25
574.75
1008.75
537.25
946.25
499.75
883.75
462.25
830.125
415.875
772.625
373.375
710.125
335.875
644.625
301.375
569.625
276.375
505.5
240.5
443.0
203.0
380.5
165.5
318.0
128.0
255.0
91.0
180.0
66.0
105.0
41.0
30.0
16.0
