3.0780645608901978
3.0781812965869904
3.21827632188797
3.2187867164611816
3.3503796756267548
3.3507877588272095
3.5049830973148346
3.50526425242424
3.669491022825241
3.6697638630867004
3.867865025997162
3.868130773305893
4.060508638620377
4.060746759176254
4.243400871753693
4.24350768327713
4.383323937654495
4.383637368679047
4.47223836183548
4.472412019968033
4.632754385471344
4.632957011461258
4.7569661140441895
4.7570461332798
4.880658388137817
4.880819886922836
4.931209534406662
4.931284248828888
4.976021647453308
4.976118057966232
4.9724099934101105
4.9725163877010345
5.162137180566788
5.1622098088264465
5.132935345172882
5.133118391036987
5.115280956029892
5.115400105714798
5.291361749172211
5.291530907154083
5.285866230726242
5.285940736532211
5.281167149543762
5.281228721141815
5.164838016033173
5.16489914059639
5.222265839576721
5.222329765558243
5.28436017036438
5.2844260931015015
5.259537190198898
5.259607970714569
5.442195147275925
5.442260593175888
5.435038655996323
5.4351193606853485
5.518246114253998
5.518314242362976
5.6915490329265594
5.691638648509979
5.647287040948868
5.647360026836395
5.5743586122989655
5.574438065290451
5.540966331958771
5.541029155254364
5.684375196695328
5.684479475021362
5.729734629392624
5.729803830385208
5.719517141580582
5.719590991735458
6.004242271184921
6.004414796829224
6.051191687583923
6.051279157400131
6.126807272434235
6.126871407032013
6.218400716781616
6.218474954366684
6.192602783441544
6.192680478096008
6.279763847589493
6.279852747917175
6.215227514505386
6.215307921171188
6.214495003223419
6.214563995599747
6.237371355295181
6.237445682287216
6.494442403316498
6.494513809680939
6.330616980791092
6.3306904733181
6.311525076627731
6.311587750911713
6.305969566106796
6.306055158376694
7.001118689775467
7.001185178756714
7.092665672302246
7.092733234167099
7.128451228141785
7.128522992134094
7.337424844503403
7.337495505809784
7.499798506498337
7.499868661165237
7.503703951835632
7.503780275583267
7.601027816534042
7.601109504699707
7.635913014411926
7.635989248752594
7.715987592935562
7.7160628736019135
7.698120146989822
7.69819101691246
7.707653522491455
7.707725614309311
7.7313759326934814
7.731468737125397
7.930548518896103
7.93062299489975
8.004182606935501
8.00425836443901
7.978727996349335
7.9787957072258
7.953229665756226
7.953299134969711
8.00244852900505
8.002528756856918
8.009159445762634
8.009253114461899
8.028382331132889
8.028447598218918
8.155851393938065
8.155917018651962
8.205194473266602
8.205258965492249
8.208797305822372
8.208857953548431
8.215119361877441
8.21518099308014
8.314922392368317
8.314995378255844
8.317499577999115
8.317561507225037
8.355691611766815
8.355759739875793
8.361631095409393
8.36170008778572
8.460807502269745
8.460868507623672
8.508439838886261
8.508504986763
8.476081371307373
8.47615161538124
8.53368428349495
8.533769369125366
8.505222886800766
8.505288124084473
8.515703022480011
8.51576778292656
8.51095262169838
8.511039018630981
8.589601546525955
8.589666783809662
8.575120747089386
8.575186610221863
8.612803488969803
8.612868785858154
8.735114395618439
8.735176682472229
8.756681084632874
8.756747841835022
8.888421356678009
8.88851249217987
8.89242348074913
8.892499834299088
8.858525842428207
8.858598738908768
8.870314240455627
8.870376586914062
8.985955268144608
8.986021012067795
9.002055883407593
9.002141207456589
9.220078229904175
9.220140159130096
9.20218139886856
9.202245265245438
9.236493617296219
9.236554741859436
9.30363979935646
9.303698003292084
9.278668761253357
9.278731375932693
9.284593999385834
9.284653007984161
9.407418847084045
9.407482504844666
9.377775311470032
9.377840489149094
9.579786002635956
9.579851984977722
9.626920014619827
9.626996487379074
9.694818377494812
9.694894850254059
9.74398323893547
9.74405625462532
9.725196957588196
9.725306630134583
9.781579434871674
9.781644225120544
9.834945291280746
9.835017412900925
9.804604083299637
9.804669380187988
9.793919146060944
9.793986171483994
9.875310212373734
9.875377833843231
10.296543896198273
10.296641886234283
10.281019985675812
10.28108823299408
10.349533200263977
10.349618881940842
10.437290489673615
10.437353700399399
10.496147125959396
10.496217846870422
10.466887325048447
10.466945976018906
10.443561345338821
10.443626254796982
10.420208275318146
10.42026862502098
10.422684848308563
10.422752976417542
10.394550830125809
10.394616067409515
10.365485429763794
10.365544468164444
10.32669022679329
10.326752781867981
