2.8039076924324036
2.803975224494934
2.9077524542808533
2.907816231250763
2.989446759223938
2.995096266269684
3.2131481170654297
3.213238537311554
3.3644487857818604
3.364520251750946
3.474565088748932
3.4747902750968933
3.5951004028320312
3.5951792001724243
3.7696430683135986
3.769729971885681
3.9507921934127808
3.9508655071258545
4.165121555328369
4.165189802646637
4.29665595293045
4.296725690364838
4.413859188556671
4.413964033126831
4.562027275562286
4.562107801437378
4.640280187129974
4.640348315238953
4.744790732860565
4.744855999946594
4.789330959320068
4.789411246776581
4.887537956237793
4.887603282928467
4.8993929624557495
4.899457275867462
4.875675916671753
4.87573915719986
4.935391008853912
4.935462772846222
5.003147006034851
5.003211200237274
4.902782201766968
4.902847945690155
4.909229040145874
4.9092952609062195
5.026147544384003
5.026210427284241
4.989522099494934
4.989581525325775
5.096094608306885
5.096155047416687
5.082782328128815
5.082841575145721
5.072055757045746
5.072120189666748
5.0638744831085205
5.06393700838089
5.159776270389557
5.159833192825317
5.168866515159607
5.168922543525696
5.410829186439514
5.410890221595764
5.402347028255463
5.402403473854065
5.3848647475242615
5.3849393129348755
5.39444363117218
5.394503057003021
5.4643800258636475
5.464444220066071
5.465451538562775
5.465511798858643
5.418290495872498
5.418347418308258
5.5107802748680115
5.510842978954315
5.4990832805633545
5.499138832092285
5.575156927108765
5.575231492519379
5.327255487442017
5.3273122906684875
5.462935268878937
5.463000297546387
5.4479257464408875
5.447984278202057
5.3932695388793945
5.393326580524445
5.26172548532486
5.261783063411713
5.250036716461182
5.250093758106232
5.2532601952552795
5.253317952156067
5.481711745262146
5.481781542301178
5.490446507930756
5.490516006946564
5.83194774389267
5.832015037536621
5.714027166366577
5.714088022708893
5.608793020248413
5.608853280544281
5.5960827469825745
5.5961692333221436
5.825960755348206
5.826028943061829
5.823832213878632
5.823894023895264
5.8062310218811035
5.806289076805115
6.0667983293533325
6.066858768463135
5.998580038547516
5.998641014099121
6.018688261508942
6.018750011920929
6.202988505363464
6.20304799079895
6.192321717739105
6.192380905151367
6.176764488220215
6.176832556724548
5.991599142551422
5.99165940284729
5.9820374846458435
5.982095718383789
5.971120059490204
5.971184849739075
6.194989740848541
6.195049524307251
6.193052768707275
6.193108975887299
6.201312243938446
6.201371669769287
6.195824503898621
6.195886731147766
6.209708273410797
6.209775507450104
6.205840528011322
6.2059120535850525
6.139967262744904
6.140023469924927
6.15059620141983
6.150660216808319
6.149857938289642
6.149968266487122
6.172218501567841
6.172280788421631
6.4080318212509155
6.408090770244598
6.399934232234955
6.399991810321808
6.791270613670349
6.791332542896271
6.782904207706451
6.782966911792755
6.823268234729767
6.823329448699951
6.803882479667664
6.80393773317337
6.810919165611267
6.81098198890686
7.098314464092255
7.098381519317627
7.110722720623016
7.110783040523529
7.1011962890625
7.101268470287323
7.099732041358948
7.099789202213287
7.08938729763031
7.089451730251312
7.0893014669418335
7.089372515678406
7.167784750461578
7.167856752872467
7.165416777133942
7.165472030639648
7.425631046295166
7.4256890416145325
7.441604256629944
7.441662013530731
7.443547546863556
7.443609833717346
7.562686800956726
7.56274801492691
7.567352056503296
7.567411243915558
7.636512756347656
7.636570870876312
7.696123480796814
7.69618022441864
7.711227476596832
7.711291253566742
7.716542065143585
7.716601490974426
7.724749684333801
7.724808096885681
7.782578945159912
7.782637298107147
7.7905314564704895
7.790592432022095
7.749209702014923
7.749266982078552
7.75629198551178
7.756364822387695
7.76488471031189
7.764942705631256
7.821484446525574
7.821568727493286
7.787479758262634
7.7875407338142395
7.999364793300629
7.999425530433655
7.986840069293976
7.9868985414505005
8.02397495508194
8.024032294750214
8.005345940589905
8.005402684211731
7.993602991104126
7.993658423423767
7.927551805973053
7.927611291408539
7.890692412853241
7.890762984752655
7.913951277732849
7.9140172600746155
8.385760724544525
8.38581645488739
8.363591253757477
8.363656103610992
8.445979952812195
8.446037769317627
8.437316715717316
8.437391459941864
8.431631743907928
8.4316987991333
8.336821973323822
8.336877703666687
8.324271500110626
8.324331760406494
8.336760520935059
8.336816728115082
8.420533001422882
8.420588433742523
8.425530433654785
8.425590515136719
8.595961213111877
8.596018493175507
8.514695703983307
8.51475340127945
8.564931273460388
8.56499058008194
8.603454828262329
8.603511273860931
8.674291968345642
8.674346446990967
8.67358249425888
8.67363828420639
8.603636503219604
8.603689730167389
8.691675961017609
8.69174349308014
8.693391561508179
8.693451821804047
8.579456448554993
8.57951295375824
8.58327031135559
8.583337247371674
8.693833827972412
8.693893790245056
8.689955949783325
8.690024733543396
8.696392834186554
8.696450769901276
8.746219992637634
8.746277749538422
8.805605232715607
8.805665969848633
8.97689002752304
8.976947247982025
9.09052574634552
9.090581715106964
8.919640064239502
8.919695317745209
8.936444401741028
8.936523377895355
8.948927760124207
8.94898408651352
8.844794690608978
8.84484726190567
9.06079876422882
9.060859620571136
8.93037724494934
8.93043428659439
8.930082380771637
8.930143117904663
9.131897211074829
9.13195675611496
9.12471854686737
9.124777555465698
9.16314321756363
9.163201749324799
9.163290739059448
9.16336852312088
9.196088016033173
9.196152031421661
9.141469717025757
9.141526997089386
9.13527524471283
9.135342478752136
9.14545875787735
9.145525336265564
9.42582905292511
9.425888538360596
9.42217630147934
9.422233819961548
9.549403071403503
9.54945993423462
9.430637538433075
9.430697739124298
9.416308999061584
9.41636747121811
9.500657439231873
9.500714004039764
9.492274045944214
9.492331743240356
9.502189993858337
9.502248048782349
9.433174967765808
9.433238744735718
9.549314200878143
9.549371004104614
9.56720620393753
9.567263722419739
9.567038476467133
9.56711483001709
9.752545535564423
9.752602756023407
9.841801762580872
9.841859757900238
9.831059634685516
9.831123650074005
9.823161244392395
9.823226988315582
9.824166476726532
9.824230790138245
9.768360555171967
9.768422186374664
10.051112949848175
10.051185011863708
10.027057230472565
10.02711147069931
10.125916004180908
10.125984728336334
10.266093671321869
10.26615047454834
10.276176512241364
10.276241064071655
10.450713813304901
10.450771272182465
10.380650877952576
10.380712330341339
10.381439805030823
10.381498277187347
10.379824221134186
10.379883229732513
10.378363251686096
10.378427982330322
10.259026527404785
10.25909149646759
10.142463266849518
10.142523229122162
10.261375427246094
10.26143366098404
10.264936029911041
10.264990031719208
10.299613237380981
10.299682855606079
10.37897676229477
10.379033327102661
10.378579914569855
10.378644227981567
10.371700704097748
10.371757447719574
10.565789461135864
10.56584918498993
10.568268775939941
10.568328559398651
10.558408498764038
10.558468461036682
10.553276062011719
10.553335011005402
10.53271198272705
10.532767236232758
10.546717464923859
10.546786904335022
10.574880301952362
10.57493680715561
10.630804359912872
10.630861222743988
10.689544260501862
10.68960952758789
10.689882457256317
10.6899453997612
10.672635734081268
10.672690987586975
10.661123037338257
10.661195814609528
10.793880701065063
10.793940722942352
11.001302540302277
11.00136148929596
11.024455845355988
11.02452152967453
11.142402529716492
11.142460882663727
11.133260190486908
11.133317172527313
11.122185051441193
11.122240781784058
11.210823237895966
11.210894167423248
11.224903762340546
11.224960803985596
11.225718259811401
11.225776076316833
11.209640979766846
11.209698021411896
11.203527510166168
11.203584730625153
11.198523819446564
11.198581337928772
11.179223656654358
11.179318904876709
11.245047748088837
11.245109021663666
11.22681349515915
11.226871967315674
11.237785816192627
11.237844586372375
11.232445180416107
11.232505440711975
11.222949206829071
11.223009467124939
11.451751112937927
11.451818108558655
11.666944205760956
11.667010962963104
11.655625462532043
11.65568619966507
11.668549060821533
11.668611824512482
11.659564793109894
11.659633576869965
11.669321477413177
11.669380247592926
11.843608498573303
11.843701004981995
11.925263464450836
11.925333261489868
11.920377254486084
11.920435786247253
11.911832749843597
11.911890208721161
11.913464963436127
11.913533508777618
11.906562268733978
11.906624794006348
11.903761446475983
11.903823971748352
11.895073235034943
11.895131468772888
11.893548250198364
11.893612563610077
11.89828336238861
11.898343801498413
11.954833924770355
11.954892694950104
11.942626118659973
11.942685067653656
11.95124465227127
11.95135498046875
11.945339500904083
11.945398807525635
11.953933537006378
11.953991055488586
11.94272369146347
11.942777931690216
11.931086778640747
11.931144535541534
11.925517737865448
11.92559003829956
