1883.5
7277.0
2484.25
8408.75
3023.75
8333.75
2998.75
8434.25
2973.75
8973.25
2948.75
8898.25
2923.75
8823.25
2898.75
8748.25
2873.75
8673.25
2848.75
8598.25
2823.75
8523.25
2798.75
8448.25
2773.75
8373.25
2748.75
8298.25
2723.75
8223.25
2698.75
8148.25
2673.75
8073.25
2648.75
7998.25
2623.75
7923.25
2598.75
7848.25
2573.75
7773.25
2548.75
7698.25
2523.75
7623.25
2498.75
7548.25
2473.75
7473.25
2448.75
7398.25
2423.75
7323.25
2398.75
7248.25
2373.75
7173.25
2348.75
7098.25
2323.75
7023.25
2298.75
6948.25
2273.75
6873.25
2248.75
6798.25
2223.75
6723.25
2198.75
6648.25
2173.75
6573.25
2148.75
6498.25
2123.75
6423.25
2098.75
6348.25
2073.75
6273.25
2048.75
6198.25
2023.75
6123.25
1998.75
6048.25
1973.75
5973.25
1948.75
5898.25
1923.75
5823.25
1898.75
5748.25
1873.75
5673.25
1848.75
5598.25
1823.75
5523.25
1798.75
5448.25
1773.75
5373.25
1748.75
5298.25
1723.75
5223.25
1698.75
5148.25
1673.75
5073.25
1648.75
4998.25
1623.75
4923.25
1598.75
4848.25
1573.75
4773.25
1548.75
4698.25
1523.75
4623.25
1498.75
4548.25
1473.75
4473.25
1448.75
4398.25
1423.75
4323.25
1398.75
4248.25
1373.75
4173.25
1348.75
4098.25
1323.75
4023.25
1298.75
3948.25
1273.75
3873.25
1248.75
3798.25
1223.75
3723.25
1198.75
3648.25
1189.0
6683.25
1189.0
6583.25
1189.0
6483.25
1189.0
6383.25
1189.0
6283.25
1189.0
6183.25
1189.0
6083.25
4312.5
5984.25
4287.5
5909.25
4262.5
5834.25
4237.5
5759.25
4212.5
5684.25
4187.5
5609.25
4162.5
5534.25
4137.5
5459.25
7225.0
5396.25
7175.0
5346.25
7125.0
5296.25
7075.0
5246.25
7025.0
5196.25
6975.0
5146.25
6925.0
5096.25
6875.0
5046.25
6825.0
4996.25
6775.0
4946.25
6725.0
4896.25
6675.0
4846.25
6625.0
4796.25
6575.0
4746.25
6525.0
4696.25
6475.0
4646.25
6425.0
4596.25
6375.0
4546.25
6325.0
4496.25
6275.0
4446.25
6225.0
4396.25
6175.0
4346.25
6125.0
4296.25
6075.0
4246.25
6025.0
4196.25
9094.25
4151.75
9019.25
4126.75
8944.25
4101.75
8869.25
4076.75
8794.25
4051.75
8719.25
4026.75
8644.25
4001.75
8569.25
3976.75
8494.25
3951.75
8419.25
3926.75
8344.25
3901.75
8269.25
3876.75
8194.25
3851.75
8119.25
3826.75
8044.25
3801.75
7969.25
3776.75
7894.25
3751.75
7819.25
3726.75
7744.25
3701.75
7669.25
3676.75
7594.25
3651.75
7519.25
3626.75
7444.25
3601.75
7369.25
3576.75
7294.25
3551.75
7219.25
3526.75
7144.25
3501.75
7069.25
3476.75
6994.25
3451.75
6919.25
3426.75
6844.25
3401.75
6769.25
3376.75
6694.25
3351.75
6619.25
3326.75
6544.25
3301.75
6469.25
3276.75
6394.25
3251.75
6319.25
3226.75
6244.25
3201.75
6169.25
3176.75
6094.25
3151.75
6019.25
3126.75
5944.25
3101.75
5869.25
3076.75
5794.25
3051.75
5719.25
3026.75
5644.25
3001.75
5569.25
2976.75
5494.25
2951.75
5419.25
2926.75
5344.25
2901.75
5269.25
2876.75
5194.25
2851.75
5119.25
2826.75
5044.25
2801.75
4969.25
2776.75
4894.25
2751.75
4819.25
2726.75
4744.25
2701.75
4669.25
2676.75
4594.25
2651.75
4519.25
2626.75
4444.25
2601.75
4369.25
2576.75
4315.5
2530.5
4265.5
2480.5
4215.5
2430.5
4165.5
2380.5
4115.5
2330.5
4065.5
2280.5
4015.5
2230.5
3975.75
2170.25
3950.75
2095.25
3912.75
2033.25
3862.75
1983.25
3812.75
1933.25
3762.75
1883.25
3712.75
1833.25
3662.75
1783.25
3612.75
1733.25
3562.75
1683.25
3512.75
1633.25
3462.75
1583.25
3412.75
1533.25
3362.75
1483.25
3298.0
1448.0
3218.5
1427.5
3133.75
1412.25
3058.75
1387.25
2983.75
1362.25
2908.75
1337.25
2833.75
1312.25
2758.75
1287.25
2683.75
1262.25
2594.0
1252.0
2494.0
1252.0
2394.0
1252.0
2294.0
1252.0
2194.0
1252.0
2094.0
1252.0
1994.0
1252.0
1894.0
1252.0
1794.0
1252.0
1694.0
1252.0
1594.0
1252.0
1494.0
1252.0
1394.0
1252.0
1294.0
1252.0
1194.0
1252.0
1108.5
1237.5
1033.5
1212.5
958.5
1187.5
883.5
1162.5
808.5
1137.5
733.5
1112.5
668.0
1078.0
618.0
1028.0
568.0
978.0
518.0
928.0
468.0
878.0
418.0
828.0
368.0
778.0
318.0
728.0
268.0
678.0
218.0
628.0
173.5
572.5
148.5
497.5
123.5
422.5
98.5
347.5
73.5
272.5
48.5
197.5
23.5
122.5
-1.5
47.5
